60
8 0 0 1 -100 2 -199 3 -298 4 -396 5 -494 6 -592 7 -689 
8 0 0 1 -100 2 -200 3 -300 4 -399 5 -497 6 -595 7 -693 
8 0 0 1 -100 2 -199 3 -298 4 -397 5 -496 6 -595 7 -693 
8 0 0 1 -100 2 -200 3 -299 4 -398 5 -497 6 -596 7 -694 
8 0 0 1 -100 2 -199 3 -298 4 -397 5 -496 6 -595 7 -693 
8 0 0 1 -100 2 -200 3 -299 4 -398 5 -497 6 -595 7 -693 
8 0 0 1 -100 2 -199 3 -297 4 -395 5 -493 6 -590 7 -687 
8 0 0 1 -100 2 -200 3 -299 4 -398 5 -496 6 -594 7 -692 
8 0 0 1 -100 2 -199 3 -298 4 -397 5 -495 6 -593 7 -691 
8 0 0 1 -100 2 -200 3 -300 4 -399 5 -498 6 -597 7 -695 
8 0 0 1 -100 2 -200 3 -299 4 -398 5 -497 6 -596 7 -694 
8 0 0 1 -100 2 -200 3 -299 4 -398 5 -496 6 -594 7 -691 
8 0 0 1 -100 2 -200 3 -299 4 -398 5 -497 6 -596 7 -695 
8 0 0 1 -100 2 -200 3 -299 4 -398 5 -497 6 -595 7 -693 
8 0 0 1 -100 2 -200 3 -299 4 -397 5 -495 6 -593 7 -691 
8 0 0 1 -100 2 -200 3 -300 4 -400 5 -499 6 -598 7 -696 
8 0 0 1 -100 2 -199 3 -298 4 -397 5 -496 6 -594 7 -692 
8 0 0 1 -100 2 -199 3 -298 4 -397 5 -496 6 -595 7 -693 
8 0 0 1 -100 2 -200 3 -299 4 -398 5 -497 6 -596 7 -694 
8 0 0 1 -100 2 -200 3 -299 4 -398 5 -497 6 -595 7 -693 
8 0 0 1 -100 2 -200 3 -299 4 -398 5 -497 6 -595 7 -693 
8 0 0 1 -100 2 -200 3 -300 4 -399 5 -498 6 -597 7 -696 
8 0 0 1 -100 2 -200 3 -300 4 -400 5 -499 6 -598 7 -696 
8 0 0 1 -100 2 -200 3 -300 4 -399 5 -498 6 -597 7 -696 
8 0 0 1 -100 2 -199 3 -297 4 -394 5 -491 6 -588 7 -684 
8 0 0 1 -100 2 -200 3 -299 4 -398 5 -496 6 -593 7 -690 
8 0 0 1 -100 2 -200 3 -300 4 -400 5 -500 6 -599 7 -698 
8 0 0 1 -100 2 -199 3 -298 4 -396 5 -493 6 -589 7 -685 
8 0 0 1 -100 2 -200 3 -299 4 -397 5 -494 6 -591 7 -687 
8 0 0 1 -100 2 -200 3 -300 4 -400 5 -499 6 -598 7 -697 
8 0 0 1 -100 2 -200 3 -300 4 -400 5 -500 6 -599 7 -698 
8 0 0 1 -100 2 -199 3 -298 4 -397 5 -496 6 -595 7 -693 
8 0 0 1 -100 2 -200 3 -300 4 -399 5 -498 6 -596 7 -693 
8 0 0 1 -100 2 -200 3 -299 4 -398 5 -496 6 -594 7 -692 
8 0 0 1 -100 2 -200 3 -300 4 -400 5 -500 6 -599 7 -698 
8 0 0 1 -100 2 -200 3 -299 4 -398 5 -496 6 -594 7 -692 
8 0 0 1 -100 2 -200 3 -300 4 -399 5 -498 6 -597 7 -696 
8 0 0 1 -100 2 -200 3 -300 4 -399 5 -498 6 -597 7 -695 
8 0 0 1 -100 2 -200 3 -300 4 -399 5 -498 6 -596 7 -694 
8 0 0 1 -100 2 -199 3 -297 4 -395 5 -493 6 -591 7 -689 
8 0 0 1 -100 2 -200 3 -300 4 -399 5 -498 6 -597 7 -696 
8 0 0 1 -100 2 -199 3 -298 4 -397 5 -495 6 -593 7 -690 
8 0 0 1 -100 2 -200 3 -299 4 -398 5 -496 6 -594 7 -691 
8 0 0 1 -100 2 -200 3 -300 4 -400 5 -499 6 -598 7 -697 
8 0 0 1 -100 2 -200 3 -300 4 -400 5 -500 6 -599 7 -698 
8 0 0 1 -100 2 -200 3 -300 4 -400 5 -499 6 -598 7 -697 
8 0 0 1 -100 2 -200 3 -299 4 -398 5 -496 6 -593 7 -690 
8 0 0 1 -100 2 -199 3 -297 4 -395 5 -493 6 -590 7 -686 
8 0 0 1 -100 2 -200 3 -300 4 -399 5 -498 6 -596 7 -694 
8 0 0 1 -100 2 -199 3 -297 4 -395 5 -492 6 -589 7 -686 
8 0 0 1 -100 2 -199 3 -298 4 -396 5 -493 6 -590 7 -687 
8 0 0 1 -100 2 -199 3 -298 4 -397 5 -495 6 -593 7 -691 
8 0 0 1 -100 2 -200 3 -299 4 -398 5 -497 6 -595 7 -693 
8 0 0 1 -100 2 -199 3 -298 4 -397 5 -496 6 -594 7 -691 
8 0 0 1 -100 2 -200 3 -300 4 -399 5 -498 6 -597 7 -696 
8 0 0 1 -100 2 -200 3 -300 4 -400 5 -499 6 -598 7 -696 
8 0 0 1 -100 2 -200 3 -299 4 -398 5 -497 6 -595 7 -693 
8 0 0 1 -100 2 -199 3 -297 4 -395 5 -493 6 -591 7 -688 
8 0 0 1 -100 2 -200 3 -299 4 -397 5 -495 6 -592 7 -689 
8 0 0 1 -100 2 -199 3 -297 4 -395 5 -493 6 -591 7 -689 
