10000 10000 10000
1218 2534
3889 4976
662 5802
2179 6647
5515 3637
2770 4470
9105 1457
4906 9942
5141 716
6616 8349
5109 4455
8237 542
8154 4772
9091 3441
1092 2747
221 8472
7867 741
7582 8111
9591 2682
6370 7929
3752 5446
4644 7389
134 4436
5527 8418
4799 4227
951 7774
7605 1071
6381 4849
4402 5679
1883 3835
9554 5073
1178 4824
5351 1059
4090 5897
5639 2020
2317 4856
9865 4818
3600 114
6923 936
5027 3131
7513 9382
3021 9649
8597 3383
7592 6687
8771 9203
6509 8227
854 586
1273 8961
7904 3092
9973 2288
3463 2186
6611 8510
6729 454
3379 9371
546 2816
3671 9659
6470 5202
8193 1363
5862 2709
5124 4204
1633 1440
2393 1947
765 7460
6538 8713
6220 5801
7755 6067
9766 6088
2697 6741
4004 5693
5342 5686
2401 6893
2967 4648
9519 6301
6666 7240
3847 1321
6322 872
2593 3073
555 393
4607 948
9242 9462
8747 8736
834 8195
2006 7574
3928 5003
7713 806
3186 3925
4835 4421
6819 5539
5996 7328
2952 7860
1389 9635
231 8188
9065 2562
191 2745
1358 5452
7399 6444
7967 2927
5645 2227
8923 2349
6498 9800
5881 515
5198 7447
6776 7434
2943 6624
4000 8178
3039 3029
8617 7466
8617 3380
9625 6919
3505 4081
9966 3510
1743 168
6034 1738
1453 7386
2847 7887
2116 2312
1511 9266
6299 4352
7565 1876
4346 1401
3093 2155
607 7318
4391 1269
9173 949
5514 4754
2617 4429
3318 5839
4699 745
3080 5040
8791 9844
264 2390
7395 2822
2609 4721
3032 5405
1804 363
1186 4293
3063 655
4392 1386
7961 442
6169 4616
7191 4001
1188 2923
7000 9493
7096 8801
5821 8363
6305 4867
2578 8677
1276 7523
8979 5039
7280 3156
7598 8815
9138 7555
9775 5170
8368 9400
8049 6043
7719 4141
1441 3214
3492 9351
8074 4837
4836 8520
4659 3393
6430 6675
7220 153
2634 7987
6175 9146
273 9810
9364 1908
3389 5161
4117 3777
7697 1375
5872 9853
4875 5283
5391 3419
9275 361
4226 2837
2695 2014
2902 60
5297 5513
5664 2376
9556 4291
8437 6961
3640 6349
5940 1832
9886 8149
2338 3385
2346 1505
6967 1251
7890 4172
5953 389
1156 7458
8626 4785
9485 7650
3846 5808
8988 6904
7544 5179
6399 8112
3185 8296
7941 4139
1393 7780
4560 5402
9168 7300
4873 4108
1413 4201
4988 6515
3516 5216
3266 4373
4628 8238
3933 296
4848 1254
4502 4839
7351 3725
4055 3213
7752 9025
4133 2026
1901 652
3902 8933
4894 7524
8251 5308
1401 642
8327 9377
8634 9799
8150 4230
8439 2235
2180 144
4056 9171
29 4258
2566 9588
5105 9675
3718 2855
7649 4621
4669 7483
4373 6624
1645 7086
6624 2158
6242 6433
3413 7787
1932 8053
4077 4723
5879 1945
2536 5030
7066 8557
3458 5582
5162 3748
825 8408
8526 5039
5484 4052
4671 7964
7268 7737
5108 4374
3358 7319
4673 9798
8951 4604
7369 2783
2107 566
5533 3982
7874 9838
4363 602
6870 5296
8986 7038
6001 8117
7634 5277
436 2869
722 1472
1273 4281
8224 6059
2802 6634
2798 8780
1663 1223
498 1740
8692 5956
7811 713
5088 1069
6226 4755
1185 3519
7762 5485
1897 1424
5910 6030
4123 366
5764 3719
2422 6866
4619 4027
9360 6137
2546 2897
1032 3187
3835 7893
7552 2594
9336 6871
7451 6757
5356 4224
4679 1837
4685 8017
5405 5360
6770 3547
7862 3988
2452 1659
946 8323
5549 1016
9257 154
289 2360
5724 1283
971 9517
7321 2381
714 2377
8805 4312
9596 931
883 5497
5605 3215
5575 6524
5677 8081
5897 5472
7204 973
1251 6713
6962 2403
1431 1718
5755 4715
5780 578
3630 7157
5471 8840
3181 5033
1447 7981
5740 8956
8282 556
8309 8069
9212 4600
3656 8719
7089 4503
3721 7403
3984 9926
2118 9596
8610 787
8125 3709
205 2881
2769 5690
5508 2829
8784 746
8318 5194
8608 834
7644 486
3179 5808
5206 3595
6638 534
8533 4076
9945 6434
4548 5049
2768 371
206 8883
4105 9471
3378 9988
5053 8512
3883 7252
112 4793
1664 7813
2075 7546
8094 8368
1118 7861
903 863
8369 5892
8313 8782
3180 9435
9767 5626
8134 6825
2303 4778
3030 619
6837 8943
7207 161
4328 6647
1572 8703
9681 5882
203 6745
4251 2276
6863 268
7079 1609
6747 2508
9766 4933
7939 9026
7019 4489
318 6077
9107 4551
302 2372
6731 8017
8452 903
8734 5906
8526 6995
6191 9116
9067 7427
2599 6846
5851 281
3197 2410
1525 6217
8202 3281
3406 8622
8109 8807
5632 8052
913 1131
4114 2048
2411 1661
472 4192
2704 8104
4099 8408
7166 2087
9798 1027
1387 177
6271 1865
3032 8968
458 4879
3336 1973
2411 2345
3945 2372
7273 7156
4611 6862
9555 2267
8602 8792
7097 8572
9356 570
7276 7693
49 7666
6166 5979
2152 4362
7917 643
4213 1929
5808 4445
3749 3280
4280 4948
7387 1648
7434 7033
3169 3995
4373 3954
6775 8950
5439 7744
4760 2914
8346 6070
6827 1989
8046 6549
3118 8650
1533 8778
7542 7241
3826 4870
2359 328
8348 2788
466 2138
6500 2429
5581 3458
6385 1772
2667 9609
347 1428
8613 9761
4504 4838
28 9831
2012 2496
9689 1057
892 2703
8191 2753
3141 7594
8639 1416
2606 4462
9579 5511
9255 5535
6663 7720
5771 3816
5436 2498
7100 9384
3797 5232
9756 5386
338 7277
5254 4887
5753 5822
5731 1836
2556 2446
776 1746
8980 7326
3022 4422
6312 9303
7212 9833
9498 839
1642 9097
9710 204
3371 1410
1630 7437
4150 714
9907 8378
3260 2786
6567 688
9001 5108
1326 5547
9964 3397
8395 5300
9043 5709
5084 8771
4999 7451
7883 2476
7921 5593
5598 293
799 9858
7227 4440
3873 1570
3289 3650
8248 2555
5589 3013
5317 5459
2448 9179
8497 8790
6897 1991
2433 6077
253 360
3530 4630
648 5332
8951 9581
9245 7347
4148 3463
8421 4517
5366 2925
3024 4117
2550 5671
9093 5512
8144 8497
203 1481
4683 1746
6748 307
3207 4082
6515 2783
9649 8612
2159 9487
1918 4041
178 2822
6816 666
7181 2028
4202 6617
659 2483
6907 5399
4272 5718
9220 4662
7983 6960
4754 4713
8596 2320
2848 2569
1038 3813
8849 3361
449 5662
1541 1769
6861 673
2705 3547
8476 3153
7506 1181
773 9192
6909 9093
7982 9728
4132 1749
6576 2606
4157 3283
8371 6658
2157 771
1888 5253
8866 8856
8155 5425
6431 9631
5945 8637
4740 5436
4706 1690
6283 2494
5126 9669
4796 3541
3459 1588
6137 9246
9806 4885
2504 6711
5117 423
3563 2273
3367 9030
465 7463
1535 6515
2972 2456
6345 26
364 8761
7839 3231
4804 6441
3795 2683
8040 885
1899 3598
9510 351
6097 7406
9815 4644
8053 5406
6080 7377
7315 485
6556 1281
1472 6028
3634 9539
9458 8895
5814 9629
4116 3074
3231 6421
6861 2252
7331 4573
1113 6135
9683 7180
5321 1116
2316 7704
5778 9329
3930 5906
5359 557
4392 1490
4786 6601
9650 9959
6206 2456
8171 7655
7287 9308
9085 8358
6073 3483
6747 2319
5300 2351
5404 6271
6088 2834
5236 4557
3823 6441
1781 3701
6416 4669
4859 7398
8611 1459
4761 1974
2806 5105
1647 9618
9878 4728
7208 5863
8315 9488
223 9682
9337 9198
1572 1297
8682 5121
8766 2148
7148 6653
8007 681
5750 5845
9757 7508
5722 9541
580 8022
9942 2292
584 3702
4018 8437
1924 4696
1988 6349
8769 7188
3265 8135
269 5808
2001 8917
5242 6666
2027 3986
6922 4327
5572 3357
884 1534
9977 696
2175 455
3658 9463
1044 4509
3934 9723
3526 2468
1077 2492
9073 8811
3692 5645
5065 2745
4525 7620
4686 1341
3325 5826
1465 5002
469 852
1518 1293
1872 3779
5740 5657
5081 8536
8107 8385
7292 7336
8854 7648
6181 7919
4512 5611
2501 9670
2263 1208
1305 3460
5972 3545
8757 8370
9568 9637
867 9798
3118 4465
1148 6562
5812 3456
216 2879
1463 5801
3655 534
2890 5322
4076 1838
6879 5515
435 4140
8901 9714
3567 1655
5366 1600
681 4946
5006 3678
8090 8979
8168 2051
5625 7552
6489 9992
6208 1436
8157 6945
7872 8758
1212 8310
4301 6974
4485 3774
1565 7337
4941 812
1678 9072
7986 5022
609 5085
2566 3826
3386 2038
2526 7034
6191 4847
8050 8630
7905 2264
6421 8098
7415 7905
5633 9550
5232 9592
101 8199
7347 3773
8703 7826
9158 5201
77 5311
5537 175
1297 6538
4014 4285
9106 6756
1879 4551
5633 6245
1520 6720
7447 1790
1596 503
743 5772
5873 5221
5242 4133
8855 405
3762 1981
4446 9580
3433 3931
6037 624
4177 7887
9154 1379
5083 4218
546 1128
7623 2292
8159 3016
9593 2971
7730 5112
2692 8308
6106 8943
7901 7829
4134 5458
4768 6528
5972 869
9192 3897
136 1532
8358 1023
5876 8355
9477 8575
7843 1718
4484 1889
492 2371
9300 2957
1627 8614
678 799
5953 3033
8039 5390
8342 1196
8057 9633
8544 935
8270 3630
1082 6231
8230 1016
8885 5962
8359 9157
1163 5877
6139 470
3864 8877
7999 4732
1100 7191
4343 9863
4958 6502
9879 6367
8713 6611
456 5885
4837 9155
3618 8267
1200 6749
15 5120
5139 4639
9983 8762
9601 9898
5156 727
6894 5531
119 1579
9254 3211
7642 592
2655 501
2588 7685
7337 4947
9716 8836
8258 3472
8163 6045
6081 9388
6640 2854
7914 4636
5319 9040
6253 5148
2363 8929
4701 1699
153 2982
6053 2660
1405 8338
1571 9818
1644 5896
5546 6568
1378 7583
6951 1644
3375 6041
9698 8471
564 419
2485 1727
8148 1080
5017 4305
5847 5175
7520 6253
7794 6673
3696 1297
1007 9097
1007 322
4796 9200
5401 2557
1743 396
900 6509
7996 5241
7380 2302
4604 8228
4924 1117
9950 5883
171 2949
8874 3880
9048 1170
2624 5086
2947 4740
5136 5864
7868 2481
3647 9519
9506 4787
8514 4503
1757 956
8434 7087
9779 1634
1145 7676
7181 3180
4871 7348
1516 5458
7151 294
1984 5991
3641 8149
1254 1036
9983 7761
5219 7989
9990 7168
174 4239
8936 8935
8485 4041
4353 1896
8323 4356
7994 5467
5761 2356
1495 9959
4851 1697
1433 7409
1908 8393
9990 4570
5923 2968
3746 6183
944 7959
4412 6811
1170 9399
9137 8870
4608 8
6606 9260
9854 9147
9716 2160
3866 9450
740 3890
1118 863
6448 4002
9698 2004
4937 1535
2546 1093
2362 9272
9723 7208
7684 8722
7090 5407
5668 7295
9768 4372
9617 2198
9292 774
9247 6936
1470 2134
7945 4306
3143 1274
1823 6878
4218 5350
9860 8699
3541 3507
2221 811
7290 5548
6503 6619
8621 4806
2811 4737
5636 3565
3984 7349
8087 3015
4002 6701
3121 6524
4805 5619
3737 219
4811 6279
5040 2293
8458 2900
3200 3202
6091 4843
4854 1538
7211 9434
3932 3846
4607 5540
2670 5022
176 4022
186 3280
9830 8192
5840 693
6885 6701
9778 5910
3373 6735
5632 3521
6028 1887
7470 8841
3288 4685
3113 4882
1855 3517
4832 5072
7227 6950
9913 1370
4365 8505
8421 1836
729 3540
8249 6541
9058 790
5836 4797
7667 8624
2216 9871
9600 1117
2072 2433
5824 9344
3448 6878
2293 2746
9880 7542
5639 7830
8862 7138
2427 2833
7558 3649
292 3804
1579 2596
1052 1999
9234 1181
4761 5430
3062 2082
7174 6337
9235 8112
5680 9617
5300 1129
256 9985
1723 7065
2879 104
1413 4131
6156 3317
6803 1268
6046 6092
5800 399
3051 1896
7901 7608
1454 9423
8953 7804
372 3201
5251 6008
8057 8993
2022 9911
2478 2550
7118 3861
572 4141
3187 7335
9415 7084
7708 2312
7893 9619
3399 7690
4040 8958
6748 2432
2452 5899
1219 5548
6472 1649
8425 9942
1616 8934
1794 7241
9566 9693
5367 6336
1399 9808
8170 9601
689 1524
5209 8133
3730 8189
2745 411
4331 4975
8579 3867
6247 8946
1732 8114
6147 4236
7454 4530
8489 9409
850 3544
6274 1229
2532 7532
5120 2250
7727 1974
10000 5227
4928 4988
5177 1001
6919 7558
9414 747
232 3426
1107 8553
6038 2705
3086 6194
6742 7780
8280 647
9676 1093
9693 3737
6469 1626
5542 2759
7055 320
6097 4504
4045 7459
7416 226
2661 8884
9509 2277
2486 9903
432 5958
827 3978
9141 2464
7116 8212
8026 4326
6107 9391
2180 7943
8272 5396
3209 2541
333 7309
1350 5361
9693 9348
8361 4756
3233 6433
8516 2782
4923 1842
8586 8517
7251 1095
5596 3417
2731 5710
2789 1910
7314 7786
1773 8967
7799 1178
1541 1654
1871 3743
1906 5458
6275 2080
687 1437
5035 6532
2492 9855
9010 6674
3430 5693
3778 5471
9298 3023
4799 987
1795 6189
7996 9988
7274 777
9930 6834
4832 5011
4665 643
7761 5885
5119 747
5646 94
8711 4128
8979 2267
1409 2266
682 4848
4109 5659
1860 7131
1118 6595
7516 6757
5824 8562
8492 61
2632 2492
2307 5010
5533 988
1266 3426
8699 5499
9411 5144
9490 2740
885 4233
1478 9532
414 6551
7912 2394
8359 4264
2190 9624
4720 5890
4824 8542
1428 1927
2201 3041
2350 7617
9832 2141
2181 1600
8870 8674
8693 4151
9543 1927
8170 6579
5310 5688
1914 4271
9666 2640
5520 2567
4517 4330
2154 9429
3876 5370
5208 5118
7919 4528
6813 4282
7913 8323
215 4173
8481 4291
9686 5034
1426 8309
8703 3501
3287 9157
3178 6577
3062 874
2141 4358
6251 3959
8719 5848
2099 3128
6638 126
1008 6375
5424 1627
555 8113
3897 6019
7470 2435
8026 9036
5142 3629
1496 8054
5739 3040
3732 5999
7165 3332
9284 7559
8383 5646
4627 6532
5900 7898
265 6250
379 3517
3954 4747
6329 4882
132 8717
8785 1274
1747 9530
668 1393
9729 3286
6930 569
9020 1056
6097 960
1080 7446
390 5978
9227 6133
9285 7177
1518 1825
9968 8385
412 4335
1728 1792
7673 5375
659 6549
3211 9778
2910 565
3768 5578
7485 9073
3402 7109
7756 6993
841 3490
71 1384
1776 8481
4467 5464
7785 4672
1356 9517
9855 2590
8229 3038
8301 6919
5622 4356
2167 8433
8232 7570
7642 7637
8688 105
6482 2504
4980 130
1124 4355
1702 493
7898 6852
5526 4849
3013 2163
2341 6594
7665 6235
7341 2276
3412 1561
1692 8980
3683 8421
6603 2374
4809 4018
5858 8675
8763 2519
1273 7272
4128 6148
3589 8111
3661 2830
2504 8933
2442 813
6265 8174
7101 3835
8189 5761
6289 7190
6091 9852
8183 2718
7884 4349
7304 4977
7353 1300
6545 9177
2591 9753
9549 1460
8594 1741
345 3813
8812 1257
9674 2387
2086 7830
5171 9715
4647 9344
9112 6185
4818 832
8735 9742
2805 13
9935 2208
6085 7002
9747 1720
8886 1292
8217 8406
1754 8196
3881 4386
5287 1866
3148 3592
462 3191
3660 3657
2324 3246
2425 9926
7239 1017
2410 507
6151 5620
2797 1234
6156 2522
5685 1416
1126 4900
9015 431
9298 3724
3201 8459
2955 1354
9642 1713
9715 8316
411 9759
7096 7790
5834 2364
6020 3191
3021 7627
2079 782
4271 221
3079 5735
971 7729
6502 4177
6443 7467
1682 737
5009 9733
47 5159
9359 4653
6619 8630
2232 5655
4580 7421
5426 6187
8247 8162
1639 6694
4760 6002
3583 2907
3745 4142
4245 7414
2331 2550
2424 1215
2012 6628
9974 5334
1526 5202
1045 1661
5995 7117
1949 1768
5715 4739
5757 1511
8033 7769
7812 9090
3493 796
8751 9326
961 1336
3676 9892
124 6584
583 10000
2584 2972
7222 2435
9055 5251
4742 8902
74 4964
6044 2194
9485 8398
3223 1385
6165 8905
9120 452
7273 8683
9334 7717
4172 5859
7534 9085
3181 9788
5879 2209
8231 8133
5155 8228
6990 4442
845 8434
1189 4287
8697 8444
853 4632
2107 1478
656 391
4546 8237
8231 6914
7539 6794
2344 153
803 9268
3178 4738
3442 8325
2177 9907
36 7313
3525 44
5925 6142
621 5659
1241 9429
1529 2406
3086 5419
5796 4688
6172 6800
2577 7110
31 3121
5896 8425
6410 4258
4724 9260
3744 5774
6355 1721
5164 8573
1714 2594
1637 5099
7197 7372
4080 4248
4643 9315
4537 4276
1901 9769
7219 1157
6728 3380
2167 2248
4704 5673
7600 290
9779 3332
1045 7910
6307 6361
8724 5161
3970 166
9721 8204
8385 9560
148 4578
5805 3296
8221 6146
1588 756
6375 8465
808 9184
7395 1305
7615 8115
3416 391
3305 8773
7595 2404
128 2196
5427 9549
1994 3115
2471 7871
7986 4198
1380 3325
978 8913
9719 458
827 9051
6017 5191
3684 101
5427 2591
3955 7517
4080 2723
9290 6332
9303 5206
5794 9085
9208 2523
5284 5396
594 6826
4774 2586
1535 6613
3295 9832
6085 5429
5646 6391
1492 7743
1535 3838
1124 3028
1357 7453
7273 66
9712 5867
7639 4025
8511 4488
5679 9482
1719 9341
6685 7794
685 7283
2014 1227
9950 3873
1091 7223
1016 2307
291 3908
1458 3907
8320 2535
9650 9664
9870 9740
4334 3758
4214 5024
2689 1923
5470 7691
1782 1422
9649 8160
6477 3664
8712 2516
9720 8468
7252 5513
3525 1974
5969 2274
7613 6906
4002 9262
9239 6824
2681 7346
1964 9036
2008 8211
8335 878
6201 1109
3197 3778
9431 4029
2316 2971
2895 3747
2481 6778
3682 6372
5172 5375
3104 1537
850 9850
4704 5301
7434 8367
4940 5186
1247 8260
3303 6000
4583 6198
7857 338
9399 1690
6769 1121
7965 4529
4305 3028
4381 3183
8621 2509
555 3593
2791 9821
6820 2642
1204 493
9602 4776
7440 2160
1793 2207
875 6319
9772 2545
6544 1102
6579 9655
3857 6949
1521 67
2230 3483
3920 786
6755 8928
9719 5439
6540 5978
6635 899
5779 6653
2275 2610
1649 4878
4485 6715
5472 4117
3465 7804
8799 3122
5765 4980
4571 1546
1054 7702
2951 4623
4594 5027
3330 7959
1402 3149
2247 4689
6642 2257
4003 4409
4309 463
7393 1046
9125 4755
1567 5599
1178 5872
1369 7786
6580 1925
196 1991
1147 4467
3889 525
4288 1818
695 1525
8866 5296
4309 4595
9475 7822
9205 6878
2264 8890
5912 1868
3748 8756
7452 6313
4028 2903
1041 5576
6721 6537
3209 2627
7462 680
9985 6275
6232 8173
1662 2704
2445 377
5808 352
9348 4804
9358 732
1650 2896
3957 5366
552 6575
4375 7902
1236 3008
581 9570
2951 8836
8155 1831
7329 7789
3897 4177
3044 3013
6380 6941
5543 1010
9659 2402
7656 7621
7155 1965
529 8472
9259 1577
6102 6072
1854 2800
5664 6222
7093 635
6212 6910
410 6905
1331 8067
727 9243
583 2012
1030 2535
1325 8367
82 5868
9960 2363
4355 7659
7346 2626
8071 7603
3534 3792
7129 3960
7785 9573
7679 511
921 711
1195 7312
3149 2963
8157 9871
2882 8957
6339 1167
1594 8341
8884 5966
779 1431
7749 6864
1382 2116
3094 3933
8352 8689
2157 7869
595 5725
7763 5633
4719 3217
8508 9716
8961 2132
2874 733
5304 4971
9276 3913
5400 2051
7680 759
7450 7568
6759 8551
1819 4125
3097 8620
630 8564
9134 6127
8465 399
8564 4893
1485 8323
6096 3962
258 5309
5647 809
6574 6181
8200 240
3187 9160
8147 4116
9216 7874
8366 5928
2625 4680
7868 4547
1212 148
2089 2426
7376 9730
8341 1505
8986 5571
3917 8677
2734 1164
5195 5041
5493 2168
1926 9209
5234 7528
9134 3834
1114 8173
901 7922
6556 586
3852 860
3518 3277
324 3801
4126 5483
3063 4081
5071 5557
5453 5957
5268 6462
8521 4814
6699 185
6927 5284
1664 663
2786 5254
3348 179
641 7160
9030 1378
7293 2291
633 70
2812 1316
5174 5554
3073 2167
7969 7925
4832 7220
1409 4114
1140 9044
5232 2035
7169 8870
8032 6653
5230 228
3868 4511
5940 5264
327 2400
8485 2293
3260 8111
381 9123
1403 5868
7298 2533
6951 2567
5125 6589
9911 9620
3135 8463
2591 3175
3552 7735
4423 641
2401 9236
2920 4944
5984 9846
3223 641
7729 9104
2027 9642
7278 3236
7330 9772
9753 5432
7161 7068
4610 1742
2730 6894
7836 7129
978 1792
498 6306
1606 3909
1436 6735
2419 4444
7067 3917
4919 6606
9510 2616
6856 5093
2137 1532
179 1453
1133 2913
8340 3283
9894 7907
4360 3918
4598 707
3644 5157
9901 5875
2129 748
1865 9515
3720 4666
2700 1129
3436 7280
7931 2189
6489 7355
385 5523
6907 8477
2634 8030
9845 9022
1619 2307
5195 9438
277 1052
5323 5858
4338 924
4002 9070
95 2043
6146 5187
7565 9170
3431 8589
6585 6824
7101 3966
412 5385
640 103
7904 7025
5913 8166
6056 5293
2294 5897
6224 7137
8104 1113
5990 1984
7302 3716
6935 5606
2007 5381
3810 251
905 1333
5218 9507
5923 4540
3467 1246
4960 8676
4756 1094
756 1175
3498 668
7572 585
6821 8814
7061 7360
9875 3998
6269 6729
3306 4138
6999 8626
3089 1249
3997 6154
8275 2616
8320 2213
1283 9380
5234 4927
6633 5305
727 478
5927 828
9910 9795
1947 9870
8737 4812
4643 7570
6651 1120
4263 3266
6705 5157
1821 5257
5668 2618
3814 4232
4569 2569
5937 5439
8986 2222
9333 4590
5581 1372
4785 5483
4384 4417
6938 746
394 7069
9805 5269
8121 4742
5680 6194
1780 5013
3250 3367
1298 5829
2783 6093
6240 2211
8372 7538
7673 6648
7962 964
3111 2657
2823 344
158 2356
5449 8821
4313 436
1213 1879
6604 8589
7719 657
5528 3540
2040 8823
6406 1489
2329 6247
7691 5676
1007 4140
2432 8526
8632 7331
1551 5213
7457 2138
4268 8420
287 9589
7700 9585
9170 9019
2804 8103
9429 8297
5358 920
6600 3028
9388 3816
2465 355
8668 1573
15 2142
838 3308
4732 3949
7817 9255
629 1636
6433 6042
8854 1764
2687 4415
6630 4574
9504 436
5836 676
8308 773
4916 5304
7858 6596
4092 3288
4398 8534
610 4845
7339 4347
8720 9531
1305 2315
2710 3920
5314 6333
5226 5239
7322 7002
3231 8043
6182 6447
116 4632
6279 3991
7267 2258
4777 1041
4563 5976
50 6167
3879 6553
9302 7665
8976 836
5594 6946
2736 8144
497 3865
5462 6943
1873 7847
3669 2163
3750 2387
8475 682
4401 9633
9534 7352
3312 1441
112 3340
4195 4087
1937 7185
8780 4762
5498 7674
9422 6089
7786 1689
7360 2573
4215 5807
3451 2623
8846 7425
2083 4879
333 181
2562 1413
6061 7795
2581 7242
2631 5203
9294 4172
3985 5764
133 9998
2249 2924
9150 7860
3789 4981
2373 9516
5271 3788
8895 9054
5906 1649
8162 9207
879 1572
6466 5238
1437 2974
2441 7868
3559 4978
5965 4388
5200 611
386 3771
1947 1292
7478 1369
3100 5427
3183 2306
1300 1898
1313 1837
8672 6225
8616 3025
4393 8030
3549 7136
6445 4891
2207 9072
830 3473
9957 5006
459 389
3929 8693
432 6543
2472 6980
6239 4895
1770 4654
7638 1094
6138 8925
33 8374
5429 4985
140 9841
1556 4231
1394 2590
5794 2115
1720 3728
2010 805
8317 5058
6244 2309
7921 1697
1673 3622
1403 8933
6158 6978
6958 8438
9709 3713
4772 4473
1517 101
5282 5265
4076 2724
4154 9026
1759 892
3060 387
4923 7144
5574 3412
1101 2878
1661 6040
9733 7565
9475 6900
8945 6300
9825 1123
7138 7145
8937 9800
420 9124
7171 4167
6630 3492
4673 3688
7239 8324
3025 4513
415 9224
4917 2092
8052 119
2730 4829
2367 8166
7767 3359
895 8419
7479 433
7292 9948
5031 3895
3254 4656
4649 8045
507 6758
7118 9630
8150 1931
7332 9873
8372 3183
8211 6484
7442 3798
3326 1809
755 8457
1387 2235
2487 7868
9233 7144
264 3709
3755 6289
4034 5989
4631 7543
9068 5960
6789 2693
1416 8148
1005 955
8321 9742
7559 5974
8820 5303
6112 1539
1547 1984
4748 314
1588 3162
105 3860
1483 6852
2334 3336
1139 7307
4186 8780
9046 6772
1791 6308
1898 2322
6289 3131
2485 9515
5510 8675
7840 2954
1177 4110
8848 4015
4317 6720
2496 7272
7925 9259
3087 7930
4327 7949
8936 544
8987 334
8237 1176
7374 1471
9639 5005
5496 675
5739 3531
1560 4936
8732 607
2835 1905
7992 6327
31 1586
2892 9936
3556 3321
5566 2063
4681 325
8828 7483
4575 9084
1522 634
9560 3925
1512 3541
7173 7065
64 2568
2477 4509
174 9318
433 17
6515 9858
5573 4876
345 8503
1630 2959
1046 2789
1121 4825
1991 8746
5247 729
2117 4187
7071 1125
3830 3987
1546 3504
5175 2464
6293 3942
4134 7058
4153 7493
1075 310
7092 4615
3765 9084
1898 4253
1583 3368
6709 2509
2699 6574
55 9472
2096 1977
7567 2812
1544 2993
7186 513
6666 6642
244 567
1420 6146
3909 8955
8102 4247
3874 3350
1657 5210
2644 3962
2306 5386
2458 1843
9444 1703
9957 2060
7941 77
9715 9935
8824 2918
7217 3479
186 4775
4816 2872
957 6666
7935 1674
1382 393
4231 1524
8174 7225
7671 7616
9567 6851
5358 1344
7000 9930
3086 3513
2408 4620
6935 6045
583 3201
3972 2461
5909 624
1737 284
2681 6374
4520 2937
142 9918
3698 1239
5582 5237
1607 5796
9712 1485
1090 2888
4686 5888
5498 8836
2732 1770
7418 9765
3799 5257
5401 5623
174 9265
5228 1385
4117 1821
8800 7957
5761 7015
9086 2530
4483 4640
1541 1348
73 5681
5467 7916
3393 5549
6745 2778
9582 2035
2923 7902
5053 3641
5507 1011
4655 3583
2812 9704
7586 4748
5108 6835
3670 9708
9785 6701
9206 4134
8032 2994
4538 2807
4426 9906
465 6341
4882 260
4747 7847
6632 2072
4888 6900
4052 1957
2821 2290
6328 9256
9552 2363
7826 9336
1645 9807
8080 4112
7138 8590
7255 6130
4364 7320
6966 7482
1227 3653
8817 4329
2873 5088
5069 271
6561 3395
2109 242
4294 7162
3193 479
838 6175
9823 6467
990 10000
7105 4615
1834 3833
7532 414
7987 5788
8570 1950
6750 5413
4979 1971
9786 4729
8592 6907
7352 718
1165 9412
5058 6682
7818 9385
9458 3842
3029 3107
4134 6055
7178 5853
52 8467
4053 6719
5782 1792
4734 4517
8678 1331
522 7223
8624 84
8942 9385
5211 209
8433 1077
3030 4164
6748 4658
9742 3482
3128 7622
6685 255
2698 971
3842 3522
810 2840
170 7954
8387 8694
4950 1094
9231 6180
5477 4244
6073 6081
2746 2188
6904 7394
4733 6693
4310 7598
3913 3689
111 1761
6302 112
1218 8640
8497 3870
8557 1528
9314 6408
3606 2883
5401 3364
6438 3801
7480 1466
2807 5364
7284 9407
9551 5481
5506 2488
4950 9333
8292 8564
524 172
8979 9404
8094 5791
3055 3920
8835 1469
3993 6155
5677 5643
888 1401
9273 2118
3209 6387
8991 9382
3726 1001
9053 3251
2777 1986
7597 5125
4537 2598
4449 2059
2587 1662
6974 9973
695 3258
9795 2792
2265 80
5109 1048
4433 3454
1064 2889
6661 1579
1944 4332
8877 8738
6801 3945
2658 1630
5581 116
9026 5246
1785 6444
5388 8431
2277 2673
3055 2527
2939 5272
6848 2418
2281 5144
2454 4100
1227 5387
4916 6648
2932 4697
730 5841
47 8320
4364 2025
3270 4302
3909 2664
5295 1748
1868 3755
4067 7136
2026 1168
6791 1669
224 4150
7213 1919
9556 2607
8984 7764
5452 8353
6321 667
1168 9474
7673 9112
1187 4092
768 2223
3295 7876
1886 5833
3509 3207
2378 879
2059 1503
7845 3978
6579 6485
430 372
9887 8706
3887 5461
1428 9928
8892 7349
7509 7032
2170 3440
9077 8798
4983 2285
3768 9345
8233 7753
6175 9816
4837 2367
8719 6753
6758 8692
6468 8043
9361 5374
7670 7134
5874 1913
8917 3466
7947 8801
7934 257
2097 6877
9140 2717
7951 1629
9160 4225
6352 9786
6920 1725
1787 7883
2430 764
9791 3090
5263 3783
249 7888
3228 793
952 7551
181 9089
2503 8039
4166 9459
2794 5591
1058 325
1135 3418
6676 6645
1140 1850
9821 5990
612 3607
9182 5086
1965 9087
6400 7032
7622 4599
1010 8276
5437 6172
7414 284
2542 2802
3307 6402
4914 996
4898 1550
1179 3168
7391 689
7919 7140
9022 3356
4017 9637
6748 8945
1525 9326
671 1645
3376 389
2606 6297
4290 5855
7211 1225
8071 4901
3251 2832
6489 3901
9384 1711
6708 9877
9529 6188
9609 3480
3955 750
4620 3196
2199 5349
4535 8549
1145 9381
8711 9868
1782 4760
7152 913
5646 5835
3665 4487
7760 902
5435 5269
2413 3486
258 2065
8463 6132
1414 9423
5059 28
6991 937
700 6101
7640 1768
2369 7527
1309 7368
9119 1736
6896 295
2767 7028
1187 7212
9802 7075
4680 196
446 2378
17 4228
3244 2370
3472 8444
5689 2348
3435 1464
2870 3380
3731 7300
4001 8633
9422 5855
5174 5508
3592 4884
9422 2507
9493 8795
8860 2614
8452 3118
5942 9172
962 7083
5954 4780
6541 5176
5949 1521
4356 4154
8840 2156
5736 2447
3375 9743
9348 6822
5767 1197
3968 972
6758 1709
2806 4327
5333 1639
4459 9096
2055 8520
8367 6702
3294 9143
6973 3530
2605 1194
7452 3406
8354 6556
5481 6996
7193 5288
3559 2395
2590 6818
1650 9644
8288 2367
2709 1228
3520 6577
6138 2886
1790 1593
6513 4904
1876 5015
8419 483
8199 5150
1325 4672
511 195
7523 2683
7604 1011
4614 5921
3987 2719
4649 1816
8754 105
3341 1274
5079 3203
7252 8264
6512 1675
7893 318
1235 6988
5293 8730
5767 6828
2666 2014
2274 345
3805 732
586 7792
2706 3061
3849 9822
8851 9539
6441 6428
819 3201
8 8969
4857 479
4810 6624
9084 7806
6083 4777
8882 2254
7032 779
3473 7294
3876 9996
8666 6878
1448 3694
9536 6167
5478 6903
1609 2385
4188 2842
3495 195
2749 8806
3368 7593
1887 8050
9136 9743
7862 8029
2152 4461
3576 6702
142 792
3438 7008
1631 4324
2237 1290
9292 8689
381 9326
7130 1575
3792 4127
7876 3175
866 822
1133 2364
7517 1092
7388 6664
9201 6652
6127 9739
9205 3851
1486 4746
7206 7550
7064 8058
2621 4092
1633 4128
6744 3515
5356 9139
9821 7992
6365 6360
1008 4611
6525 9002
8169 5505
200 3338
6762 2516
6457 9380
995 287
2812 7281
6907 8241
911 8928
6687 1583
415 6532
8125 8348
7053 3562
7803 1757
6847 7137
3632 3536
2619 6324
3247 8895
5530 9893
825 939
8672 2275
4700 9791
5772 1651
8656 296
4001 3283
7229 9965
7604 9116
4449 2657
7257 5945
1666 9854
5366 3192
3042 7999
2810 6993
9810 5500
3166 8545
7372 7086
8835 2936
7821 4290
6997 3559
7320 6136
5542 6519
6437 5468
9336 3567
4268 7687
6386 6306
2467 3744
780 2205
1563 4580
7820 5159
5820 6561
3693 8214
3483 7413
9226 425
7017 7507
4175 2247
4403 5545
628 9181
4032 4307
2220 5683
1124 1921
9517 8392
9217 681
8314 1832
6105 7642
4430 5883
8915 2536
5413 9539
368 3236
6507 9122
229 1818
9081 3962
7376 4620
1128 9321
7043 3879
6425 5342
1227 3029
6556 6161
8303 1678
7979 5271
9945 6215
3097 7466
3743 8946
7465 9663
2864 9128
7544 8906
9618 5933
8925 2005
150 6293
106 3384
7805 366
2968 6664
5423 4305
7431 1517
6497 3699
1356 642
274 1102
7043 578
9518 6468
3675 1019
5273 4768
4885 2454
84 6801
8207 9296
727 5210
7587 8968
9433 5941
4917 1261
2282 5596
2311 4898
6905 185
1844 9942
2582 6691
3641 7271
3796 8884
6522 5252
2523 2320
1600 7227
5266 9966
9595 6031
1409 8695
1082 4473
5528 9940
6204 7203
8742 3559
9442 1548
900 4520
1419 9022
5974 4227
33 8283
4759 3961
6117 9689
9741 7902
6736 242
7313 832
8015 4261
3921 3747
3537 5865
2955 5610
45 6632
1248 5319
6685 8321
6673 9079
5357 5026
8177 9582
7153 2712
4327 5529
9970 4156
9396 5552
1386 76
9377 5448
5196 6714
1949 7788
4444 1911
5172 9493
2302 2711
5826 4128
8486 4324
2412 8947
2947 7330
4658 3051
8320 575
5103 1337
2771 1804
8660 8510
9189 1359
8955 9206
8668 5852
708 8778
215 5222
2123 5425
3308 9841
2215 5465
7535 3003
3480 7447
7799 1824
4904 3885
2656 3140
8368 9672
8496 9994
566 2114
8633 7294
28 6962
741 2684
5737 7115
2026 9523
8817 8419
1409 4375
222 6427
4307 3669
1163 4865
9415 7547
468 9896
4914 9237
4963 3747
8771 4697
960 550
7546 5952
4849 611
4716 8470
5522 4027
4134 6869
3621 4523
1439 7736
3046 4016
8855 9299
3487 7022
769 6088
208 3077
9728 6141
3264 2091
2585 9804
815 6221
6489 6076
8131 7232
4939 1541
9784 5839
7265 5563
5345 1582
6535 3559
7907 3369
4353 7074
5244 7733
3976 5328
6593 9622
5848 737
5540 5473
6406 5774
7865 5059
1290 1051
9140 6716
760 9578
5913 7561
7086 9304
9671 1051
2862 6740
8670 9294
2985 6493
5478 7943
7954 9941
9422 1978
8502 5484
8760 601
6061 5050
1842 4690
1038 9654
7093 5456
7820 8912
5600 3748
8521 8626
8468 7956
9269 5611
3699 8640
4185 306
8593 2674
7508 6
5177 9913
5688 3680
467 1387
991 7197
3648 2128
6832 1812
4546 8189
8774 1513
8298 3999
6314 844
5665 2866
9227 4048
8601 9762
1313 7209
2410 4263
9942 7838
9903 4928
5866 9347
8000 890
4978 9156
3816 1715
6841 7338
7023 9490
79 7906
5514 2549
4955 5614
6811 9236
495 8071
11 2142
1411 8806
3783 8100
1973 6545
1542 5217
3692 8506
36 8642
8836 1193
2848 2050
5517 5394
5501 5863
5850 1310
4204 6590
3708 4748
9189 626
6453 6870
7855 6262
6125 5373
1500 1801
9994 7443
9637 8443
9128 9791
2931 2691
4937 7740
4831 8866
8360 5284
5473 3560
6547 2366
1387 2230
350 5181
5140 5367
135 9220
9811 8625
8675 4381
3696 8669
5295 9128
4546 3546
9730 879
9300 1297
2055 7104
1305 34
5987 478
5059 6276
6533 9737
3113 2325
4711 414
2151 6148
4930 6069
5330 2565
9573 7351
8540 1335
1733 8854
704 6742
7084 2127
5218 3439
7877 2733
4665 875
4690 8867
906 1005
7623 187
3739 91
4084 56
3196 5799
2056 6982
179 7309
5136 4450
9080 5032
1664 7732
8498 2576
2744 4585
5180 6066
1618 307
3607 3017
6495 7488
9271 4980
4088 2688
6886 7870
597 8271
1894 9362
3735 8011
9988 8788
4844 8407
5145 1400
2450 4521
2053 5315
3901 4776
4272 2008
158 8052
3749 2978
9465 9059
7474 6544
897 9257
2511 1950
859 8556
862 5841
3285 7515
9786 1978
4580 6562
1493 1976
6873 8042
4859 5793
3067 3551
7615 7651
2338 4284
8361 7724
3648 1345
3742 233
3607 9997
968 534
2841 7019
9827 4057
2538 639
7305 6542
8999 2445
3909 9705
3655 2332
8194 1360
3301 4192
5751 7994
9292 1890
3346 3901
9021 5083
5373 3149
840 1
4697 2770
2442 3827
7912 2831
6804 6504
9504 8844
3100 4157
5064 7499
9137 1287
7914 885
7368 4898
9234 1539
5153 2537
4797 5883
1657 2719
48 8975
419 5720
7021 5039
7666 2372
369 9288
8303 2880
5908 7346
1505 6989
6633 7088
8928 1735
5763 6689
9414 3032
5673 1654
6847 9777
9646 6671
9889 9055
2325 6276
5301 3553
7487 7196
8356 3033
2545 4354
1922 8498
7603 5422
1530 6716
617 7810
7352 3333
658 4442
754 9392
4864 5393
4226 1057
1761 2023
953 9848
8080 3838
1723 9325
4049 7745
7593 804
3585 1945
6438 2342
9478 4192
2157 4703
4399 8370
2062 1205
7813 7264
5140 564
614 2886
5509 1601
8646 8120
2534 7389
7714 2109
9804 8588
1317 3020
269 5180
2444 4285
5995 5642
8028 1793
2935 197
1290 6774
1969 5061
7564 9740
4368 5067
5687 1114
5236 9024
6869 176
2700 6803
9028 7787
8937 4280
3631 685
1642 1160
1453 5361
1733 2655
4256 1107
5905 3648
7837 2279
3337 5977
3280 1317
5115 8601
3805 2311
1048 3193
6850 4962
8560 4037
2747 5873
9224 9401
1214 3776
2249 5599
9040 4294
5578 8094
1785 1533
8016 9444
8236 9548
3517 2667
2369 3761
5170 7021
9973 7000
5152 4329
8148 9984
7783 9628
1095 6181
4475 5692
7993 7811
5164 74
8849 3389
2167 7287
6283 5533
9402 2786
4335 1459
517 2003
9306 8022
7347 2308
1521 6546
6118 3056
3807 2816
3748 3703
3623 9594
5015 5352
4112 5141
4173 357
5848 5731
7086 4364
3726 4099
1836 4610
9314 5949
8502 5000
7378 6774
291 3594
384 8103
813 8361
8701 4714
6612 2346
9877 2957
2298 3694
799 3928
3949 3580
9548 8153
6852 7602
5323 8792
7990 564
2135 2596
7828 459
3109 9715
8259 4093
1328 4518
5109 2787
787 8717
9067 6642
2800 1985
8231 5604
9532 1099
1316 1948
3787 9878
4936 5678
4242 850
26 861
9432 9803
7991 5352
3428 5312
4345 3738
6428 3378
2631 3437
9801 2884
4480 9002
9293 4277
6913 4806
8783 1436
80 7610
1492 4221
6394 3697
4646 6019
3029 2093
6527 5956
2349 132
3582 6962
9443 6519
5558 7759
1100 4497
4388 3926
1887 2440
8739 8205
1860 4922
2606 5453
2805 5686
5414 6666
1251 1313
8029 2109
1256 1033
9296 3785
276 2948
3292 7632
3075 810
3113 7704
4989 2705
4254 1988
5713 4559
1312 2515
3400 7171
6565 9139
4471 4478
127 4650
7549 835
4870 6367
8546 8294
5620 4148
8973 8414
2473 1528
3852 7230
890 5444
1936 9296
1804 3739
6587 2911
5544 3930
4728 2758
6247 495
2994 427
5954 5025
4851 4693
9982 6060
3168 7830
2379 2283
4102 4306
5677 6797
8875 5257
5796 9068
4601 4
4896 206
1384 5829
6146 7221
3151 6946
9030 201
7316 5436
2090 6460
4615 3976
5230 6628
4920 6728
6920 7663
8177 1601
4701 7814
3609 1478
4103 8741
7104 931
5953 5299
6367 8288
8677 9707
557 6763
5811 3624
528 1470
2093 9699
5629 7882
4540 5156
1557 543
5744 9789
4260 4260
182 5841
5687 5339
3871 3328
2018 3784
740 3814
8734 8880
7309 7129
4275 7989
1975 5165
7491 8145
1891 9917
9032 6817
8991 8418
7690 8554
8668 5621
9774 3750
143 5762
5768 8050
5377 4270
8018 6882
4421 1084
2595 6164
1671 6908
1745 3192
5922 2224
9210 2050
8239 1697
110 9615
3876 9343
3039 6788
3642 2505
4351 9977
3705 8312
8824 3852
9384 6021
6830 374
9038 6231
1574 3137
6712 6953
392 4037
1832 3362
1764 421
5464 6992
8428 9350
3434 5893
8597 6574
7373 5425
3158 4564
864 1995
1489 6478
8856 9245
7187 7452
525 5626
8724 3484
8428 2915
7424 2925
1754 3617
7334 194
3564 6176
735 7721
3322 9435
8249 7196
4529 4613
3940 2942
2456 8935
3004 5034
1269 3668
7539 5965
7438 1960
4668 5065
5617 3851
7214 1600
9701 8514
2365 5623
7460 1987
3382 8562
9701 5560
6028 9915
301 7551
6908 6239
2388 9313
1003 4737
6929 9813
1026 3833
5247 1446
17 9270
7829 6887
8675 4049
4228 2166
999 45
9978 4590
4582 4433
7814 7455
9943 851
6248 1563
7213 2336
1675 9374
7755 6953
5626 1439
6315 2740
4453 8310
3269 1222
9600 790
4747 4604
330 5446
9747 8520
6643 1931
2180 7086
1215 7379
7259 3056
7736 22
9674 1606
1305 4438
2153 2775
2914 1753
2079 4430
6936 480
6760 3756
84 9680
4753 6111
4688 3460
3505 1988
7290 567
5281 5365
3156 9114
2083 7113
9349 1922
8076 2861
4931 5956
8905 3909
8034 1914
5823 8233
5826 5244
2918 73
5499 9070
2729 9041
8250 8798
9290 9701
3532 6988
1596 4683
5270 1680
8633 6805
6449 409
4157 9539
797 5912
7393 3761
6282 2982
5024 8001
3942 4833
7783 9409
3863 6111
1970 6777
337 9203
1004 7709
2767 7865
4707 4435
8248 3926
7256 2964
5855 5489
4722 6941
7656 5491
1810 8647
241 5070
5079 9947
8771 5707
3558 3495
4095 3588
7599 6578
3024 265
7971 8465
8126 5862
3037 2882
9679 4184
9962 9001
3013 5577
9468 2218
6926 28
7745 2162
8377 5427
182 5924
9600 5801
489 6322
3740 465
6755 8402
7867 1279
9624 7834
7815 5765
4271 4209
8146 2488
7513 8488
7058 7163
4337 3844
345 4166
1266 4320
7962 3429
8123 5159
349 7607
2806 5464
1397 26
8191 4287
8047 1207
6803 4744
1962 3349
8512 2705
2504 6720
2756 1523
4810 6236
4473 590
5326 1830
7323 6893
7449 5720
1451 4820
5086 5614
75 4696
1387 587
4157 8377
9324 1610
9484 8634
1446 9244
9129 9553
1955 1111
5005 3264
3089 8602
7729 3078
9889 50
5893 9007
9388 2938
2314 5433
360 9000
8701 8108
8816 5385
6391 9948
9501 8354
5032 9084
5611 9286
7215 4895
7613 9291
2508 4453
458 4218
1003 9479
515 8600
5193 9965
2408 1430
320 3548
6569 597
6587 3102
1238 3893
7836 9095
1203 3896
1729 9901
9461 6461
357 4065
9198 8704
9710 9181
5476 9539
2795 1661
2679 9448
5767 1246
3382 1359
418 9719
84 1752
2931 7092
356 8069
1615 9851
7988 1403
4999 1684
3058 4822
8465 5794
5667 4693
4828 3355
4766 1037
207 3377
6537 4651
131 6267
9376 9367
8332 9092
9057 8947
8272 1771
6427 5769
45 1178
6629 4468
2161 2651
4526 8433
3528 3207
7660 9172
7157 5319
100 6567
2937 3077
9923 2675
4630 6323
3693 8364
8631 6156
6426 4924
2620 3516
385 5567
529 5589
2539 5237
9940 9027
9018 7205
1663 6641
5039 8021
4510 3081
673 919
3641 8003
7474 6052
1151 3750
2468 520
665 8570
5076 9713
7182 3534
7791 9055
3663 3962
3000 1253
5091 670
5955 4391
4700 5026
2254 8415
3882 3640
2752 9455
2455 254
9781 5956
2860 5132
517 8137
5186 7695
4252 9577
4409 6157
2262 6278
5379 6521
4389 6381
5452 2413
3737 3888
64 9064
4042 5152
4560 8315
9623 4240
7475 2863
9588 5462
3458 3711
4775 8820
5531 1857
9227 4374
4668 3310
3632 1995
4661 9320
452 1990
9006 7456
9649 1322
6862 4751
6538 8930
4516 8199
6140 1956
5051 4103
6055 5763
8144 1544
2197 2971
2395 4202
5901 2841
1723 1266
1232 1366
847 8136
7912 4664
9820 200
9073 129
9947 9455
3814 8966
9685 9749
9803 9902
9286 253
4639 5956
1123 5529
8381 718
6339 525
5170 2039
2424 8474
5605 5578
9116 1143
7097 915
5957 7470
8452 9015
1062 1294
1732 7437
1471 2732
6989 1021
6842 6210
5613 4861
9919 2257
6869 9512
3513 513
4136 5750
6563 5386
9493 9655
8569 6623
9341 2101
3814 3981
8331 1316
4296 9790
2481 6741
371 2594
8532 2548
4464 3984
7005 9415
9496 4204
3238 6020
3699 2315
7699 5222
7533 635
6415 5867
5055 1034
4989 9229
194 2309
5303 7315
6840 7884
5036 5310
7272 1336
1829 916
9756 1647
8748 9228
7011 8723
8920 4017
2017 6649
1358 2325
606 5019
7214 2022
586 8066
7246 977
7885 9272
8439 8916
1541 211
6578 4230
8899 5970
7885 9433
714 506
7495 8567
3884 8535
7478 5481
2070 8267
930 5830
8096 2291
8845 802
1925 7517
9141 7502
6624 8050
6190 5823
5573 6905
9290 9033
3589 3365
5750 1991
8178 3445
4645 3046
3334 8074
977 4133
689 5754
6475 3715
8813 8849
3949 2236
6698 5796
2978 8962
6288 2185
3635 165
58 3357
3408 9299
501 6782
8986 9279
7401 3376
267 9393
2076 170
4246 9089
8957 3539
5867 936
984 9872
9437 8355
576 9920
6771 100
889 3612
6955 2141
1496 8275
4868 6433
9630 2171
1806 2255
8606 9575
1486 6927
6295 6564
9590 9160
7087 1151
9347 4156
238 4393
3202 4425
5173 9888
6377 8088
7351 5919
2411 4377
5215 7803
9461 9888
988 1741
7280 5053
2868 1814
1753 1914
3607 8747
9262 1867
8649 5389
4331 4158
9556 8564
8415 1991
8555 3229
2760 2113
9326 2383
333 5766
270 9793
2782 2622
6201 1876
4800 8601
373 6364
3323 5849
2039 3938
2480 4056
3561 53
4151 1382
211 1317
9826 1068
8098 9681
4963 419
113 5725
6762 8045
6332 3015
7122 832
4005 5046
4769 380
6247 4285
8294 4563
5410 7349
9122 8845
6193 5935
2608 3350
7971 442
7211 5605
3586 1019
944 6636
8571 1228
2081 3145
8284 4291
4902 3854
2387 5610
7821 9407
7455 5988
2357 3806
5662 4970
7810 8719
9898 9687
7001 4022
539 1689
7197 2468
7871 2104
133 7505
7294 9888
3292 3899
7967 691
3477 7058
7047 8726
6192 7949
8704 6992
5960 4630
9674 4708
9475 8858
8543 5112
6964 2386
3619 956
5007 6576
8955 2546
767 871
4396 6108
6889 4015
7217 3802
3999 893
3649 6482
7103 8717
2976 3674
4788 6885
2827 5758
661 1497
1602 4760
4188 5920
3851 2843
1810 3361
9172 1230
7930 5846
3809 6822
7727 8697
6320 1279
5459 1047
5950 6613
8151 5247
3359 3985
7293 4748
7785 1922
6239 4838
426 2122
9665 7897
9761 6077
834 7937
503 4536
4454 1600
851 4100
6844 8704
1404 5857
344 5738
4615 7071
5840 8696
9631 6841
8865 2674
4665 9508
2062 1481
1739 3589
3794 1242
7491 2912
3318 2376
7541 3384
359 2471
9181 9235
2893 1059
756 9418
324 2013
8971 3847
9234 7940
1789 9530
83 7171
330 6857
3472 4206
5265 7831
633 9753
7470 4595
6173 9828
208 6460
7709 5904
6387 7612
7026 3140
8143 4229
7165 1082
284 4041
8209 768
9577 1409
7209 1674
6424 2508
158 8443
2969 9780
3004 7470
6537 2446
1730 5865
6793 4942
937 300
8604 3514
4806 9766
979 4258
405 6325
3237 4390
1984 2623
3878 5480
6882 4879
4938 6951
3051 7516
2612 7068
9851 6309
2162 756
7303 5624
3645 8698
9586 5068
1023 617
5085 807
2608 7063
1265 8249
6772 275
8734 4310
9706 5609
9287 166
9045 7086
5266 8176
2117 3035
7665 9512
288 1214
8388 4103
4881 88
386 828
7386 9910
2157 3228
6027 358
3897 8126
8711 5909
1213 7895
9722 6612
938 5889
4408 3678
235 3540
5870 9951
6470 6654
119 4982
8925 128
3561 1456
3234 5524
9494 556
8809 2340
4345 7149
3069 5050
2716 7222
9258 2989
6792 19
4492 4018
7447 64
1373 7285
1044 9234
4587 3
665 5293
7276 1795
1780 6797
59 6607
8091 111
1776 1531
4532 9635
7751 2771
3212 1041
5399 7258
7352 3449
1220 1266
9429 5125
7828 6727
123 7829
2349 2641
1366 8751
9220 294
62 6685
2854 6942
2031 6190
5073 8568
5629 9420
9699 6241
8445 531
999 6939
7271 8692
7926 5109
403 2517
567 3373
184 6876
7556 3649
4459 2720
7707 2868
9633 7804
9896 217
4211 4828
169 3675
7344 6585
6371 9955
763 2638
8684 9798
9768 2226
514 2664
5175 2204
2042 2046
9132 6989
8862 6331
5969 4445
824 9319
1844 6605
338 9784
3110 3558
4216 7241
584 8849
3875 1772
498 846
459 8264
8060 7362
6840 260
9131 7805
5771 3045
1977 8502
9776 8398
2842 7947
2111 8305
3782 4919
2810 3275
5347 7989
8827 3823
9279 9357
8950 5679
6053 7794
8891 4685
1763 5997
4782 9215
3053 7597
4588 5385
6448 5624
1551 9891
7631 5766
133 1896
53 9170
3515 7666
8290 1150
9385 9447
3980 3932
9076 9485
7857 5930
2051 6235
5717 9641
6491 8503
8920 362
8890 6840
7582 4751
7297 9714
5836 5846
9819 6341
188 7471
5991 514
8328 5918
7035 86
6231 7624
1774 1384
5683 1847
5660 3740
520 1581
3534 7772
2969 5431
9149 7322
3056 5258
1337 8790
221 5223
5174 4431
172 4908
4457 8271
9072 131
5568 6303
1452 9804
4553 6158
5580 3358
342 9150
6503 3275
3088 4735
7949 6730
5020 4843
945 9258
5942 9326
9498 8625
3175 9409
8183 635
6931 9780
6585 4746
5894 4426
6937 1390
1801 7102
9750 7489
6205 8952
5931 2009
7658 4091
4649 2197
1128 83
6656 3646
8540 9754
9178 3917
6843 2472
5158 1986
6268 7057
1264 7810
2227 3160
2068 7338
6608 1600
3388 3870
1087 9355
821 9059
3767 4356
8071 126
2760 5531
9145 8138
9014 7889
7956 8983
804 1638
6028 1416
5866 1176
639 6937
7289 929
8038 8538
1507 2156
7240 1209
5826 2371
6246 7998
2260 8751
3178 5351
4506 9604
8050 2298
3622 1722
1942 5256
8480 2323
4115 9539
2198 1975
3977 4897
9957 3729
5344 265
6831 6179
7620 9243
1764 3527
4590 8604
1355 4865
4255 6516
613 4920
2623 1274
6227 4577
5237 6297
8089 9230
9240 2168
8410 2276
9497 3227
9036 2418
6035 7462
7494 2458
4914 2434
1281 8383
5847 1114
3933 3272
8532 9891
7349 1928
2350 1995
484 1628
9558 4750
8427 7709
3681 4881
8563 7394
7354 7365
5943 4436
1385 838
7234 3616
9230 332
7848 8281
3214 1845
4017 1573
9226 2424
4581 9812
3289 7833
2170 3664
6165 1760
2034 8244
5905 9726
2029 3994
6587 2774
3276 7132
5937 3437
9115 2210
7446 5643
6712 3782
325 5240
1157 3607
5650 8910
5316 8192
60 2062
1431 805
4591 7411
332 270
1050 9361
1095 6302
2050 4725
3956 7672
7248 9541
356 6610
3144 8953
1563 6835
1083 1170
8217 7977
9034 334
1968 9707
4091 597
2297 2096
3929 1619
6622 806
7352 8937
2150 8538
5965 6875
3229 9851
4885 4468
356 5324
315 6126
1748 7344
1610 7371
9544 1294
4780 9791
3806 8030
6439 8574
1764 1077
839 1718
6837 4389
8044 2205
7667 9446
723 9509
5229 5921
2739 4813
8390 9284
5795 4518
2766 1077
7017 8396
5835 6185
9782 3788
9583 3029
4201 9526
6435 4523
6163 1212
4298 9737
8272 8700
5030 3367
6929 6172
6862 5183
9746 2709
3517 4760
2622 1311
962 936
1883 6044
7223 8074
6564 661
9798 3544
6903 2074
9834 2802
5508 2078
1510 2054
5352 3008
3859 6725
5327 2903
5932 4666
2697 9605
9923 1337
2869 8251
5482 474
7457 9760
4563 4440
2925 1364
140 1690
9119 1718
51 7175
5523 1
4784 8190
307 9906
7136 1109
8040 5269
4852 7367
4604 2067
1194 3925
7369 4073
750 744
6562 5925
1346 6461
2209 268
8687 3734
5774 4295
7744 6388
8495 3616
2721 6653
1359 5682
2314 4793
3871 7935
5398 8550
172 842
3767 3027
7688 4210
7352 8745
9790 7766
2921 6626
3970 2052
8931 9594
9797 3369
4016 8529
5740 1167
3599 8152
689 1843
4828 6752
5731 7220
5755 115
3599 1819
6229 2021
9436 1410
9449 9125
1831 98
2139 4510
2003 2531
4893 6013
2480 8809
881 676
6719 2405
4350 9009
5200 5541
2307 1560
8131 8418
9438 571
1316 625
2912 5215
2440 4853
1852 9321
9319 7093
1264 5933
9093 1473
1484 6799
7774 1347
1426 3018
6884 7007
8083 4842
7540 9025
6938 7253
2012 912
768 2646
1485 1929
3258 9480
9168 7932
9164 1003
1058 8210
7689 377
539 9546
5350 2550
5240 2449
5775 1341
4765 4897
8396 6983
8630 3800
3358 2369
8168 7905
3162 3055
7635 9601
134 7408
6565 5178
906 7117
3704 8557
1444 3661
5544 9480
4723 9809
741 8471
6701 8476
4533 929
2164 1325
5313 5633
3511 2719
7210 462
7436 642
9678 8105
4989 5995
6584 1310
7671 967
5220 6092
2243 4135
3712 7737
4865 8378
3841 3623
9414 4701
9243 1096
4996 2601
1364 5296
205 5763
377 4118
4580 2486
1681 7248
8429 3442
4309 7289
2951 2223
4932 625
6948 1756
2589 5269
4720 1939
6567 3845
7485 5370
4527 3801
8898 4496
3542 1669
4210 517
5648 6669
6244 3118
4144 7804
6952 6124
2183 1659
2300 7613
3977 5385
9056 4039
8039 7774
5665 3443
557 4139
7123 5338
6539 3090
5854 7382
2687 720
5019 9149
5465 42
4166 3641
7434 8582
4393 213
9970 2472
6708 2005
5323 3839
7481 6102
2614 6778
2331 4204
4548 4319
9407 6223
4185 1551
1251 2989
6278 3266
6167 9407
8213 8262
9305 6658
1602 2793
1860 6736
413 9640
8193 4588
5807 933
9923 3456
9227 1382
4182 8735
5368 3142
3246 2326
868 8025
7297 6234
3169 7780
3857 3931
9304 7965
6055 5619
930 1352
1341 537
8346 3972
1173 1449
3723 137
6814 7013
2082 9601
8028 5910
6683 5836
3643 9287
4933 334
6166 3150
7361 3818
3704 291
2159 274
4166 8199
6148 1574
406 4482
6821 4147
9300 9226
6934 833
225 9126
3718 1625
8286 5082
209 6927
219 8656
8926 6377
2802 1236
4998 3075
5895 6661
4303 3846
4459 3373
4637 1634
4410 8246
9443 7911
6576 4682
7565 9499
2660 9422
795 2254
1249 9920
8628 7092
8194 9075
6311 2583
2482 3515
7723 9857
5523 49
5249 7921
632 2383
2097 5000
1163 629
7411 9414
3178 6290
2292 7635
1777 482
2688 9874
5299 8930
8082 389
4354 9420
6932 8008
8113 1009
3147 8218
9029 4652
6157 5035
3133 5202
596 3161
9310 3065
4116 6350
1721 2632
8705 2494
8603 9449
8021 2566
1151 5070
6060 9400
3513 1610
9888 6208
8021 9178
2391 809
8815 8457
7445 4340
1493 3045
3991 9273
1260 1484
1545 9106
9234 8993
9954 5321
2763 8307
1151 1505
4760 6546
9697 2605
9405 8454
4483 6866
2194 8043
8363 9970
3492 7683
3627 9988
6441 9839
5056 3445
9235 5408
2161 136
7187 9204
4246 3026
3801 8731
6247 8516
1603 5176
7150 1117
9573 9157
7853 2438
174 6940
7166 8508
672 7449
2307 2309
7022 6919
8807 9611
7264 6464
4410 2859
3246 5354
9762 433
7450 55
6548 18
2551 444
1323 2441
8820 6406
509 517
9061 3221
6083 8310
7885 9640
7080 8002
6593 7339
4851 2853
1387 9603
4873 8353
2341 1810
1578 4658
4835 3895
306 4248
3044 7517
4069 7916
2330 3701
3989 3838
6331 1103
2117 7370
57 1569
5863 9964
106 6800
4200 5980
8585 82
4437 5253
5917 5027
2114 7689
6364 5237
1425 1132
9032 2055
5350 9760
4065 9210
6464 8324
7168 3117
8450 4156
62 7038
7295 9367
8805 9557
5806 792
1860 7427
815 3407
9100 3615
7328 8713
9865 1578
272 9837
5068 5933
1412 7094
9429 4298
6623 4576
579 9623
8664 7998
437 2040
9574 2487
7621 5513
1495 1359
9830 7517
9712 8526
2987 4547
9186 6530
1174 3034
6797 5387
292 2504
2561 9061
5871 1546
1373 2224
922 2361
2018 6081
163 3938
987 4079
9279 5767
444 580
4108 8248
8547 6191
3592 2279
144 5152
3825 3616
1116 8792
4276 8584
5737 3737
3992 1676
8806 8358
9120 710
5347 5921
7653 6686
3582 1866
6387 5279
2316 1967
7350 5198
7859 1256
6895 2593
529 4115
4400 9652
8981 2189
8318 7490
9186 3292
5802 5394
8396 3342
4965 3882
7150 25
1500 5882
1193 2198
8242 2847
8200 314
979 4013
2356 1015
5992 5517
1947 1043
1570 6629
1346 4976
1218 3366
311 3417
5738 7014
7488 8118
1979 2972
5527 3723
7290 2562
5530 926
8062 2515
673 6013
6064 856
110 9734
5310 2365
3071 636
9143 5346
7085 4122
6913 9870
8918 348
7963 7588
6527 6512
6378 5376
7667 6159
5560 7832
4127 494
4940 4976
8948 7895
2877 7686
9155 3943
5777 7683
1681 6604
1696 2589
9092 9565
9797 592
2567 8358
320 7550
2944 4061
3513 2163
8287 8786
5904 8508
807 9026
8963 2051
4455 3324
9155 6951
5068 818
9105 125
4449 3724
2987 5347
6654 7100
6693 3497
8614 8624
4044 6218
6584 4043
9071 3078
5781 224
5384 5264
2646 4005
4217 3188
673 3302
7384 6531
9258 6006
7444 4552
2235 4694
344 2359
1377 5030
216 4775
27 8309
3946 7728
8116 588
9167 5134
9913 8075
8840 5949
9500 2161
9195 3307
7714 9335
2806 7566
7147 2831
9643 418
6846 6163
5277 5901
9440 843
7699 6911
2116 3423
9658 8545
1845 2173
2042 7394
7434 924
8370 190
1237 5499
7885 7051
5005 3976
4165 4170
246 199
5283 7525
7499 4483
1625 29
8408 852
7935 5347
4727 3952
8193 1251
7166 9780
5393 7869
8456 8759
3374 5645
665 7128
750 4241
8147 4367
5369 7480
9771 4983
915 4406
1553 5802
8303 5763
645 270
1716 3223
1759 2553
5910 9661
9995 3547
197 2982
7468 9379
2932 7442
4382 1323
1277 5959
4837 162
7598 9130
7169 4852
3332 5466
2968 2921
6336 2180
777 6814
750 1440
338 2684
7774 5527
7193 8659
915 7675
1671 6134
7309 5074
8166 2841
7362 852
2232 1986
8053 7651
593 8473
3136 8094
3093 9163
5243 1189
8827 5026
8309 239
5764 6898
2439 1765
3561 7243
6383 4206
5914 6228
308 915
7797 1675
8168 9350
6841 6803
3498 8662
5155 6458
3943 7364
6734 7363
62 6176
6920 6668
2466 8075
4967 4937
9796 8226
8558 2839
1697 2356
2848 1823
7051 7119
8551 1761
6154 3026
1064 5936
4264 2160
5195 5320
1551 1672
6449 3659
4196 3820
4563 6467
8119 8188
3806 2744
987 7241
9901 9423
9291 8553
7292 9237
9340 586
1340 7321
2895 1344
2334 1120
5343 5852
9976 5750
9072 5004
2865 4202
9999 8809
4542 3501
7989 4136
1635 9994
6319 8572
7471 1911
4975 9257
3857 2747
7301 7898
4037 9278
8945 5051
1373 7556
3594 6689
3152 310
1865 5021
5727 2280
5675 1221
4278 4439
6615 154
7238 4734
2892 4598
6372 6872
824 6661
6012 5929
1821 4100
3999 2024
731 4952
2590 5150
7458 7875
1006 4769
6638 4732
3072 686
4161 3694
9675 5123
4246 4725
2462 8667
2325 100
7638 1512
5352 9628
3254 6019
7802 8276
1780 585
6176 9211
7886 8556
769 9893
2578 9034
3998 2704
5326 3721
4785 3307
1746 8941
5551 2911
8732 9999
2825 7906
3998 9683
1952 7949
7459 3108
17 5158
305 2387
4953 5644
9467 9535
8236 4044
7083 6579
8815 9015
8900 4867
8536 3381
6826 1048
3768 1813
5036 1876
5140 5503
2349 3960
2959 140
1447 7125
7735 1527
5329 2690
1968 8682
8553 273
2828 8618
4207 5396
5550 5375
6893 9682
2060 5539
133 6484
9081 9102
2073 7677
1500 9133
5222 5575
62 471
6151 7933
1360 5598
8050 3592
3597 7468
4771 3274
7790 8328
6933 134
1202 6652
755 1914
4407 9958
2296 5939
8945 618
4901 6337
2648 2053
1269 9277
5493 2525
3217 4713
1006 6431
4570 1897
8478 3581
2756 8772
932 1334
5713 7373
9243 3804
7039 6433
5889 7697
7936 6675
4811 6144
6523 9321
2091 6005
3968 1712
5978 2020
3086 7412
4020 2135
7404 4720
5416 6132
2130 5744
2457 1078
7829 2338
1007 3173
5514 9417
2043 7839
6712 8012
6125 416
5946 5177
611 7531
8099 4948
577 5901
5056 1974
3220 2896
8723 8409
1402 9453
7687 8454
9939 9439
8555 3495
8858 7925
1064 1010
6063 6918
1165 5983
6855 2617
9120 9190
9757 3447
9366 147
2688 8487
4321 738
6105 1519
9334 2539
1992 7080
2577 6521
1249 9700
3260 5188
621 6049
9521 8028
794 9246
9751 9018
3291 2853
8718 7255
5692 3283
9504 1249
8495 7769
3139 6344
1693 6762
77 9538
8228 8289
4467 9614
5202 1812
7717 7533
3060 3281
1096 6482
7918 6935
9022 4065
1566 545
600 8893
9405 3210
115 2387
6042 5724
5292 2628
1801 3906
2386 775
3027 6334
4181 2131
2281 9762
2433 1921
7815 8314
6201 9018
6855 1527
7245 3191
6323 249
7454 6792
4070 2129
5052 1327
8045 8676
3284 4950
6969 5731
5128 836
1149 4657
6166 8337
704 3088
7218 1325
6757 5858
4046 6530
9986 4282
7533 9267
8904 3635
8074 1655
1492 7235
5507 3970
8560 8655
9690 2674
7444 1140
8424 8
680 2396
8317 233
5144 8516
6026 9265
1368 9893
3102 731
5873 8224
8627 7974
8226 762
7123 2702
8461 9267
2758 1775
2801 1533
6937 9151
6837 3456
1958 7473
4502 9428
5580 3889
6050 1229
8038 5635
1022 9444
2133 3470
8673 7136
1057 7164
9193 3533
1424 8811
3280 2631
9394 8506
1783 7428
9248 5588
525 4901
7330 3491
1358 7646
796 6605
9199 5391
203 1711
902 8604
6387 4420
6913 8493
7735 3467
5358 1873
3920 228
4064 8062
8571 8955
1615 5972
1748 4912
9710 5605
8091 6535
2887 5953
3236 2627
4503 620
9517 8896
7131 9131
1609 3889
6502 8761
7620 744
6406 15
5580 5995
6033 5858
6188 6679
2323 8548
8908 5248
985 2705
2007 1813
6495 7108
819 8508
6067 8752
1822 8276
3944 8075
8314 4611
34 4253
762 9507
4243 2035
6067 8265
7611 739
8798 6281
8540 5591
381 2503
3868 1510
5524 4590
3982 1180
9869 8534
9163 5968
990 7053
9306 2734
9197 2805
8344 4045
8034 9985
7961 4768
3311 4365
5276 6786
8931 8498
2833 4274
2819 7797
448 7733
3179 3200
1585 5320
7619 3720
6367 1863
7047 9885
7943 4612
7588 4627
600 2867
6427 1269
385 9258
8976 7250
2538 6991
5824 2166
1032 7230
1888 9357
566 8969
994 7707
3177 5733
2645 3845
8446 1117
4061 4386
2763 6415
9823 3489
699 3732
9046 9421
4754 7077
8135 8931
8108 7200
6033 3613
3200 9796
8502 9761
2094 7243
7635 6065
1817 2490
414 9235
7819 3394
4371 8997
9736 3295
8428 7437
9251 4364
7695 1977
9920 8517
2237 7911
6889 257
4661 1532
4397 8985
584 9697
3805 9423
839 3713
2216 147
6332 859
5712 830
3072 1120
9890 2996
9229 6659
3103 3587
3832 3754
5880 500
1957 8134
5177 4392
4027 8420
8319 4388
458 9636
3480 6556
6873 9710
562 7666
4271 6538
7465 399
5496 5406
6585 4065
7191 3306
3273 685
6523 5600
6955 5953
1767 3375
2476 721
5296 8137
2271 1626
8604 2835
7497 4725
264 3806
9941 1146
1304 938
998 1750
4136 876
8438 8570
137 5268
1274 707
316 1459
6973 8314
9829 8407
9965 3470
41 3209
3198 1870
9534 22
3481 5048
1591 6755
5463 9544
3375 2468
4458 3790
2985 5680
5128 8572
1038 8171
9321 1018
6077 8531
9193 3181
2375 2258
4288 4034
9397 6158
9965 1888
3323 8225
5980 2610
7014 9946
9213 5125
8773 1123
9780 6684
1220 51
3922 8539
4700 8943
2356 9087
2692 1927
2158 2547
7136 6694
5177 2443
8921 3933
7135 2790
1937 8865
9636 13
3334 3286
1694 9125
9502 2097
1898 3778
9736 6364
2884 1408
9941 1816
926 4606
6471 6102
3724 9698
3747 606
9036 9166
8445 8346
3738 5204
2729 3254
1551 617
5751 8889
4648 5402
6731 6742
390 7242
4140 2867
4395 1555
1441 3481
9020 7363
3519 3299
4837 9265
1058 38
8265 2986
1921 6632
273 9790
9347 1055
70 2191
1021 811
540 128
8784 5748
6499 5803
936 4734
6973 9273
6848 3740
8745 3209
7770 1973
445 2609
4969 2628
3441 9886
3569 1937
8197 9563
1536 8313
5583 2748
5540 716
9525 1564
8032 2312
8974 2201
9520 9434
5345 5464
5001 9864
5297 2990
36 9523
3380 4052
5278 5588
1265 9496
4628 1204
628 9556
6795 8914
4735 1982
8311 4329
8943 5805
7447 1174
8235 2199
5949 9186
6421 1259
864 8010
4778 3071
1496 1129
8483 7361
7381 7344
5554 8477
2943 7133
9107 5283
4914 4624
3283 9130
1445 4271
6247 2207
6516 9243
5443 6274
4437 453
1796 6216
5378 9103
4885 2494
1194 6255
8395 7419
715 9683
7084 7246
5714 1414
9784 6922
4820 6526
608 2384
2135 1945
9802 8144
6024 9377
134 978
672 6061
2723 1968
5358 9949
3864 470
7321 2879
1777 342
5200 9962
9044 7532
6033 6521
2926 2649
9685 3304
1281 2250
2539 8427
8854 1170
1190 2089
4773 6299
5916 5912
4012 9828
3860 9948
3256 6445
3676 2813
6343 2933
7817 469
994 9746
2291 8454
568 2701
7763 5919
1196 9517
9938 104
9015 6516
4410 5773
6456 5015
7527 7751
8100 8873
5803 9585
9858 4573
7781 2427
417 6331
2278 9284
324 182
470 2296
4735 7135
8663 238
5819 1019
8543 3099
5091 6488
4235 8805
6420 5112
3270 1810
4926 1244
5663 4813
8995 7784
5628 2847
6662 4437
1456 8158
8579 1116
7027 6203
4573 8244
1630 4419
8887 4513
9436 7935
3045 9697
8316 8728
7474 5093
5472 9156
1444 2982
455 49
2306 2910
4625 4191
9566 8521
4445 1126
3443 2770
216 1661
5675 7436
4745 4525
4749 5144
8277 3394
5924 2075
9162 8638
2122 4221
6035 6700
3226 542
4323 1372
8852 4796
2200 7674
6454 1195
9301 922
3942 111
3726 4389
3649 1273
2699 3394
9159 1382
9081 8537
5155 7501
2267 2229
9916 8888
1853 3296
4557 9824
7211 1509
4109 6783
1945 5075
1402 7906
7348 6229
5176 9960
4744 8882
7822 9259
4626 457
9 8275
8909 1756
8627 6683
2498 5941
730 4701
9154 7477
8639 4710
3854 8349
8756 8519
2675 679
2638 3627
9327 2808
1818 1881
3794 649
6091 2047
3228 6511
9722 2351
8007 6401
3093 5779
5945 8827
2445 7788
63 5021
6497 5153
6518 4411
9396 1338
6142 8045
4116 4357
5112 6877
241 6498
3099 5511
1289 2023
8678 396
9546 5474
2175 7624
6397 9054
7866 5417
594 1112
6136 5992
3638 1582
799 6740
2767 2382
8435 1231
4689 2692
2567 3364
6373 3204
3801 6285
9913 6105
8899 3758
1408 6606
8847 7378
824 2441
4528 6550
2982 9760
1652 572
6614 4978
5871 3529
7577 9825
4321 6310
3622 4886
7257 1752
3892 3372
259 3458
6971 8736
3521 6472
8749 3871
6201 917
1633 4322
3589 1831
3936 9374
5497 7418
3969 5309
4768 4937
779 9289
5339 6800
2359 8564
9897 6131
1948 4379
7391 9911
653 5200
9702 1640
1648 3810
7484 6661
785 8494
8322 866
2832 4065
9743 7934
1898 2167
5973 4783
1085 7310
1905 8410
1898 3370
7879 6840
2182 7284
7583 5023
4702 3782
3698 4646
3508 3350
2276 4452
1366 745
4760 6305
1192 7922
5157 4605
2837 6884
3302 7668
9835 4924
5479 2635
9900 8791
3667 4305
1388 9983
1521 9106
5676 891
3869 4841
2278 2164
5491 952
4529 6401
1189 9404
2930 5472
6676 5159
3269 4032
7310 7191
4988 3695
4152 8572
739 3227
2029 7207
8368 2112
9958 99
9671 362
5706 9271
9610 3875
3962 8793
3770 9332
1002 7107
5568 764
2841 8751
7696 2195
9368 6798
4430 9089
9470 5796
2605 1740
1664 9326
4417 9108
7 6119
9673 7455
6131 720
7628 1655
394 3040
8928 2955
9978 526
1425 8002
194 5485
5137 7962
9895 8179
4842 971
9987 936
5142 2209
8873 2216
1423 8081
7040 4187
2856 9795
7181 271
6862 6312
1604 2113
7488 919
9760 9362
6054 9150
7358 7973
8188 9314
8444 94
3530 8504
4 4581
7642 6555
4984 4934
9709 481
123 3631
8925 6382
8881 5377
5583 3894
7200 5781
324 4945
8251 2695
6666 1377
4332 4154
4304 6976
9713 1945
8935 3585
7015 7327
8051 5348
4854 6964
3920 1010
6051 7859
8401 9889
3537 6112
374 4958
1764 7429
7259 8819
7169 6334
6825 5692
5210 9581
4736 8075
7654 3447
6585 8119
3392 4514
8323 5466
1817 2932
5494 7868
2172 666
3270 7883
9278 1654
6085 562
5320 6477
1110 1837
93 7918
3390 2641
9586 5172
8398 6481
4383 3536
4259 6294
5523 5923
3768 2261
8879 5797
8668 534
4447 3811
5111 518
4777 2663
4502 4964
781 5712
1350 8407
4503 5200
1697 7774
4142 8987
8226 5096
6261 8389
9417 9843
591 4745
3526 8519
6410 7549
5803 4249
3257 5547
5442 837
1103 5169
8929 716
6916 4162
1314 4821
2751 5829
4043 1201
6015 1486
93 2215
4250 1714
5097 5401
6944 8805
8595 2332
8699 6249
7293 2744
548 7468
2902 8186
9768 6682
1383 3227
7996 2935
4713 4286
6130 2503
687 9434
5827 4577
9286 2232
5365 268
7346 5073
8229 8283
9625 2703
2159 8232
3156 6783
917 7710
473 5606
5205 8937
5719 4244
8368 9592
4150 2801
203 5505
8697 2340
6349 2519
6342 5363
6701 448
4659 5422
6273 3721
3658 3082
7554 9922
3576 4919
5014 3097
8266 5604
9109 89
9798 3145
6874 2844
9739 3447
4510 6245
1981 4360
1305 1052
8619 3591
5411 4199
5540 7630
560 5648
6397 293
8814 1694
405 4140
6213 334
4551 8911
3955 1520
6803 4611
5973 6716
2055 5978
9898 4367
6428 1066
6401 7471
1674 7263
5841 4178
635 9062
1749 5328
2785 7375
1680 2039
2951 7099
7206 6654
7302 7211
5402 8489
6527 5348
3327 4782
4684 1497
6601 7174
9343 5253
5193 1779
8526 4691
3081 9019
3433 586
1393 5574
227 1495
3308 2729
5644 5550
2591 2385
9021 4098
6607 8061
7482 3150
365 4006
8496 3769
6872 7157
7181 6055
2737 7238
1867 211
804 4863
3268 9863
9438 574
5719 2440
3542 1458
5005 6845
8655 2202
1770 8993
3386 7209
8219 2989
7290 1941
608 1951
6679 1224
9975 5776
8502 9150
6741 5547
8350 9483
2530 6928
8738 9180
5952 6198
3593 665
1841 2196
7121 3317
5840 338
4322 9812
8644 6671
8312 3077
9683 9597
3047 3193
9405 7933
3086 3089
9167 2169
5951 6692
5071 8326
1915 349
3380 1223
6558 369
6155 5191
8605 868
8058 1260
7720 4953
4016 2524
7383 3878
9168 6245
2218 8040
1266 6668
1509 3993
3275 3573
5906 136
8154 2202
1882 9003
3882 6774
8211 3528
4395 2050
4082 8173
7646 4702
6622 9824
3847 3015
4456 3129
9967 7140
7419 6709
7214 419
7504 1355
6688 5051
7245 787
3251 3171
4874 8746
2553 2074
9256 4487
244 468
9848 9247
582 2547
1875 5270
6190 5534
1091 8608
2868 6317
2166 1296
8411 155
6289 7496
6402 1048
2431 6104
1109 2387
2267 2193
4378 7258
5663 5304
3020 1387
7563 2529
1628 8591
6245 5381
6330 9551
5113 83
6603 2386
8596 5394
5851 7274
2013 3729
6083 401
3365 2384
9901 995
6381 855
1120 7952
3633 7682
6476 9248
7461 4832
1648 8574
7365 1058
5594 8630
3128 1309
9076 314
8956 8542
5653 270
766 9360
3037 7424
1593 370
6885 5512
4834 6963
6079 9320
7974 3168
5651 9444
1242 1532
9440 7383
140 922
9454 9741
9605 900
6683 3421
4432 4634
2730 5553
9232 953
8743 8758
5142 8610
8817 1585
7757 6808
5407 5446
9521 2624
508 2572
1612 7465
4562 8291
8606 649
7954 8546
7421 6500
8286 9017
4729 2759
9815 1327
1558 835
1365 8526
2378 95
4111 8745
3050 4358
9893 1844
5013 6209
6283 5309
9029 6663
1621 3067
713 7032
858 6355
3724 1593
438 4589
741 9333
4683 7567
7137 456
5768 9106
9388 4007
4617 503
3777 8307
8234 2367
43 2348
2693 1140
6846 1289
7821 1797
9234 156
2516 8541
9104 3209
6094 9014
9978 9917
3979 5202
5355 9789
3235 3087
7388 2670
252 8898
4410 9396
384 9343
6122 9383
3019 925
3778 604
8650 5833
9635 8643
6064 5593
2349 7328
3396 9445
4985 5970
6116 9080
3958 3257
6076 1347
295 1948
232 3183
8879 1664
9883 4496
6287 9223
3710 4999
4337 9330
48 2474
3369 3051
8313 8884
3094 2170
8006 4196
7129 5750
8071 7560
5355 5523
7565 2095
8769 7236
7730 625
3017 151
5810 8019
4115 6479
868 944
927 7975
7166 2127
1565 5719
1833 6469
1840 2223
3669 6938
6713 6320
3806 3801
6433 2278
8195 2236
6469 5405
649 9502
1195 137
8317 8998
3194 8960
5284 4434
7238 1666
3818 1542
1855 4939
5170 1342
2515 7579
1256 8563
4597 7799
6633 7948
1646 5653
9866 8452
492 574
4181 8378
6097 3878
1588 8152
6314 2415
885 9520
2680 696
5071 4265
8889 1223
5809 6117
8260 1961
5138 2382
8766 7102
7862 1236
849 3086
7431 1481
1243 2092
5007 5309
906 9464
85 198
2992 7557
2976 7746
7075 9743
884 3528
6629 5530
6531 1252
810 6182
8911 2449
6382 9108
8796 9533
4036 6727
3201 3397
2225 7816
2467 8894
2486 523
4158 9650
2975 2600
8314 3992
4110 9971
7324 3491
4997 1006
9428 7092
7678 3309
584 5078
4419 8031
2513 4136
9093 6636
6529 8668
487 5341
2276 1827
6397 4491
797 3241
9950 650
3293 8140
1594 1505
1253 6000
2548 8006
6475 7479
1319 6202
4242 33
712 9356
8170 9093
8623 7885
768 4318
1575 4490
2155 7271
6642 8291
9265 1425
5356 6685
4627 9639
2726 5828
7759 9512
2468 86
8674 7150
3532 2549
114 5477
7456 1697
641 1683
5210 9563
4007 5006
5779 151
8799 6118
9091 1479
5342 7376
1819 1232
3110 2177
3128 7640
3516 6311
4087 98
3760 7920
7585 4757
9056 2076
3907 6036
2572 5335
2654 9184
8322 1816
1954 4350
832 1266
4370 4047
4505 7002
5780 5427
7601 402
6439 6423
5079 9872
6503 5449
2841 8454
2736 6986
4973 2003
7024 9103
4541 1229
5440 2091
8593 254
2535 8781
8767 8937
6086 5094
6261 8162
876 4259
9471 2747
5842 1780
9502 9529
438 3763
8247 7058
8620 8093
1950 4515
2573 944
6964 3305
1230 7239
9820 5471
7780 5812
1931 3061
4075 8134
6463 7904
4125 7430
8889 6597
8521 3554
3306 1300
8257 9815
2684 3441
6733 1838
6927 8582
8589 1195
6745 299
1625 9957
5580 2368
4720 6726
1409 6865
4445 4040
4796 5125
8632 3564
4109 3346
418 3368
7262 6184
620 2088
5780 2873
358 4298
5885 4888
2093 8948
5018 990
8299 7784
2795 3893
3228 1795
1283 5582
7931 9497
2005 7386
5540 9353
1330 8695
1051 1540
6797 3612
7763 1735
6424 3389
9899 7224
9974 2351
7295 2421
8397 4604
3945 2349
4278 7116
7717 140
8870 1198
9118 7022
5734 4603
3778 4356
841 678
7805 5525
8985 6825
4194 3544
6844 8182
5866 1403
7278 7331
5731 5934
6996 1356
9636 5937
8577 8024
6076 8537
9012 1584
4625 2827
5343 9309
1842 3997
8204 2692
4936 9162
7740 2634
1456 5791
591 1695
6712 3469
1030 5832
723 764
1531 9469
8435 9978
4871 2693
6484 3144
2209 8641
5710 3678
7590 2314
5688 6293
2883 37
3447 3843
5329 994
1370 8886
5326 5201
2339 478
1091 7295
2219 349
2052 2770
3102 3814
5850 242
1647 3500
9357 711
283 4327
330 4503
1561 4000
7939 9110
9732 5822
434 5504
4246 1756
408 8001
5 2062
301 5585
7767 1824
9057 3098
6560 7073
7686 1776
4284 1884
8700 5380
4916 1741
357 3428
9613 181
2536 3808
4900 8791
6161 867
6801 1486
5339 556
657 1821
2325 1841
3202 6957
8002 3887
7996 8190
5947 951
8158 950
5652 6453
6505 26
6224 7117
6590 4218
1188 195
7133 6043
3792 8529
5781 8149
7335 445
9226 5371
5039 7578
9263 2570
9900 2338
7500 6463
8077 9591
821 1642
8692 4698
8907 6069
5259 1924
1794 1324
9960 5076
1096 1453
2881 3030
1486 8208
3108 797
5678 2310
512 5457
5077 349
9496 5199
3314 9764
398 6246
167 8412
63 7991
2426 6675
884 1593
7967 7347
68 8054
5548 5926
9665 4180
9329 5808
4504 1482
6801 6217
2991 9995
8805 4772
2590 8605
9697 6785
3053 5543
2612 8123
7851 395
4112 5038
3475 763
5076 1150
1062 4857
6988 6470
5310 5125
6065 1387
9203 1269
1095 3119
4041 6847
2119 9485
454 6642
2335 184
7827 1916
4907 4158
7786 126
4436 3448
9829 297
7345 1480
474 7942
3936 3155
9785 5654
1075 7855
4293 4091
7576 9909
6887 5703
2689 8381
8007 5026
800 3704
5954 4331
8224 8592
165 3948
2924 7847
6764 4042
3435 5319
5096 9735
4876 5535
1851 4210
2049 8941
8187 9008
9448 7273
3108 4720
6439 4335
3085 6485
6562 5142
1883 4837
4855 5200
9370 504
7414 4084
1793 3414
5192 2469
872 6237
7324 2197
3432 5842
9867 7679
1600 756
5957 9533
3642 2332
7046 7110
6457 1703
3779 9339
3636 1847
2572 9089
4059 9536
1036 4116
8367 9862
303 6033
9372 539
4338 6711
7760 4179
4435 855
9463 4860
5810 7879
4478 8644
7415 1539
8763 6288
4658 3776
7907 9100
7573 7186
3048 237
3724 5737
2206 2981
5407 9110
9300 6324
1098 2725
4405 401
4482 5364
2335 2738
6418 611
1909 947
814 4188
4508 6773
6962 3665
7674 9695
8003 6036
9713 6395
6302 1105
3300 1876
4810 578
2926 7625
3200 3957
1707 9379
1413 6398
538 7255
2500 5048
3113 6265
9338 9942
6896 4854
1560 7319
8813 5678
8463 7703
7570 5839
6020 2221
4162 3406
8030 8466
3617 7724
8480 1145
8092 3870
5249 1906
5584 2888
1335 7087
9944 1698
6542 5602
9833 8038
4720 1957
6005 2068
6453 423
1718 3639
1121 1251
272 1741
9463 9675
3371 311
6895 3604
7148 3207
9645 5636
3291 7117
9054 1827
7666 2489
3613 5479
6228 7777
760 5076
3403 1507
1911 7112
5471 2317
5298 200
414 9147
1203 3712
414 3255
5572 5431
6612 4725
3134 6427
8768 9479
5590 6084
8718 2732
9855 3702
635 4144
1638 1531
9215 3122
795 952
995 6330
6460 5290
7644 7801
7168 470
1161 6711
6891 7398
7200 4806
2772 3907
8891 3054
9001 3231
2716 6846
5236 388
4631 5546
8042 3979
9815 9586
892 5407
80 1485
3155 2076
2098 8456
2587 3729
8644 5090
8570 8278
7851 25
4059 4877
6595 5921
1075 8322
3268 6857
1971 9423
2563 3650
3580 8571
8846 6524
6730 9745
4112 9424
3661 1062
873 5486
1207 6160
5771 3957
4440 3484
3826 8892
4111 3878
4300 9760
7397 7592
1443 7463
4336 5474
9782 5808
8308 209
2001 9039
4087 685
2568 9050
3969 4584
2421 7116
2019 3214
8370 5077
1015 5162
737 5478
9820 9562
9309 5055
4308 1393
8036 9836
7449 911
4773 8847
7624 5153
913 9536
9495 9471
6763 4785
516 7798
1036 7661
7033 4302
4558 3943
3508 6893
2429 5152
4580 3430
5499 8764
742 917
6897 6613
3500 2085
414 2941
7826 4693
5317 4880
817 7591
2875 8681
5619 8098
878 2796
1976 8785
7259 2661
4262 1689
9900 5827
7581 9736
2474 6776
717 6959
5934 8674
985 6649
1886 9678
5718 2078
638 2686
376 1377
7188 3645
5728 8553
6708 2274
1035 8639
7288 5420
2386 8622
4456 3944
79 4031
2528 7874
4629 2621
4 1732
168 3959
5037 6812
9578 6796
3092 5215
5116 6788
3272 2250
3792 1940
6116 4833
392 6442
872 9202
5037 833
9440 1298
7996 8550
5450 5518
4725 9388
3831 9826
5715 2354
2223 3387
255 5387
2970 6953
7473 2231
9005 8515
4261 920
4825 5017
6068 7125
1628 1901
1081 4280
3027 1366
3086 9773
400 8522
5244 5454
2890 607
543 9950
945 6756
1842 8779
2267 1719
6444 146
2481 7854
4460 4143
129 5361
5183 5545
3513 4504
9686 6573
9777 9
6133 9414
1525 9040
3278 6037
4283 6780
3060 5592
7327 8277
6080 1669
9492 4780
4534 3293
4164 8395
1866 3550
8532 5614
1709 8162
356 2400
7639 8643
2096 1809
3968 9039
3785 8276
8216 1798
4858 4690
7672 5602
5641 4461
8420 9464
6526 3495
2725 1327
9966 2158
7779 7632
4070 9202
7875 9767
5507 5849
3683 7144
2936 3404
9524 2168
4332 374
4632 4745
9381 6794
7805 7122
7140 9941
8282 7381
4075 3228
1865 9438
6071 4657
6871 5756
2404 9858
5461 6223
6300 9773
5952 8501
640 9975
7122 5052
8279 247
1814 4104
1254 4424
939 9314
9514 8171
2591 1842
4751 2087
3931 7768
3198 6414
6719 5579
4477 4687
3353 5356
5790 8330
2901 4315
8338 5874
9890 3533
4359 802
6814 5402
9087 9408
3143 5304
993 3665
155 7895
731 9815
3761 2763
9644 1901
6297 4098
93 7821
4620 8519
9460 5856
9217 7161
3869 3271
6674 8453
5949 9126
358 3979
9432 6388
3978 6014
6145 2106
1970 1660
2593 9819
3667 8286
4975 4564
3338 2133
9397 3171
6131 9515
3756 3988
886 1562
6929 5447
6003 2914
7495 9013
8722 3600
2370 4196
8657 7126
1681 8136
3113 8747
3781 9692
7925 3465
2785 6250
6326 2328
9322 9898
6584 6741
841 7182
7276 6697
121 7192
5344 3463
5836 5986
2264 7208
1187 2266
6833 6033
6585 7977
5494 1268
3765 10
1818 3588
5887 6167
4237 8790
6831 9544
2764 7687
1494 5911
3040 8952
8341 2263
5136 4164
1774 1875
55 7784
4422 3252
9255 9236
9305 7734
5028 1851
1997 9879
2667 4505
723 450
9746 366
1912 4055
908 8265
4787 5260
9034 9535
3927 865
9806 1034
4451 4008
2420 1066
4343 1849
4761 8165
2463 2066
6886 5230
7364 7405
7815 400
2625 2813
1484 2079
1702 3779
393 5066
1719 703
8730 5768
2027 5965
666 8458
3474 1037
4205 3487
3395 5072
9209 2993
3619 5883
5980 1144
3877 550
9823 4183
2982 958
4687 9443
1709 8219
7355 4548
1258 9673
4783 7946
4276 9553
3855 99
1658 373
8203 776
7033 3532
6557 1713
4860 1403
4905 4653
547 9631
643 3940
7136 4996
6831 7953
1117 4602
5915 8191
403 6768
1644 839
8328 2943
6549 3975
7546 1726
1093 4591
7514 2586
8210 555
6720 270
1446 6906
4281 1447
9434 7217
743 4059
4972 6748
4193 2265
6461 7365
6493 4248
7798 4062
56 9260
3633 9173
1770 8914
8232 5577
1346 7529
7012 43
5230 1441
8146 5106
67 7690
7192 778
6445 2053
8055 3451
8175 9911
2223 8690
594 6831
8336 6939
9004 8453
4194 1508
5272 1665
3894 5430
2445 7253
7996 4823
2424 3679
6293 9161
4302 7843
3194 5485
9263 4494
8616 1575
7967 4783
1121 903
3961 4302
7903 8253
7426 698
8149 1787
9683 6918
2556 8413
3671 6484
5503 8334
8320 2420
2449 8425
3119 3197
8008 1382
1263 8691
3143 692
3002 1603
7265 7967
5274 8157
7410 300
4759 4499
4830 6807
530 6262
5303 6836
3184 6808
1077 2384
7864 424
6177 8505
570 3700
5234 7844
8706 5787
3762 2312
3764 3744
244 1191
9371 9733
8689 2833
7592 1009
6093 4940
5661 8805
6053 9070
6586 1008
1644 7641
164 9264
1961 813
7683 8729
7025 8572
7098 4810
1196 5670
3044 962
1579 2052
8678 3297
6114 6542
2282 7570
7994 4695
6220 945
9735 1548
5994 3816
3815 5665
3533 5834
5774 9793
349 65
6206 9785
6968 2544
46 5832
9304 3611
8218 8313
940 4100
2874 7471
3958 4268
8647 1644
7484 5019
4630 9919
3201 9754
5508 5871
4917 5863
2918 3715
7220 9741
1089 4183
5572 8804
6403 3190
4955 3724
3713 5964
8620 2770
1511 8411
7170 948
9536 9534
683 4363
9764 3040
6847 4236
9062 9188
8377 9218
4793 8616
2131 2925
1045 9476
3499 5164
7742 4332
1319 1499
5117 8060
8994 3379
1257 8453
4261 1405
6538 3384
7422 9650
3102 2455
5251 1151
990 212
6487 122
8289 7482
9006 4206
2469 8283
2487 1406
969 6360
4165 9291
3073 1489
5796 6
9239 6633
2724 139
1130 5082
5409 1908
3051 8949
2130 8720
444 7464
8170 323
1307 2004
6848 9222
3267 7945
9846 1404
4471 6462
7646 4505
1741 681
5789 23
662 7477
6872 5486
3705 1516
9633 6445
2327 3407
790 8062
8936 1497
6096 8171
9896 6970
8697 9608
8588 5950
6747 5027
4355 5397
5401 379
4903 5411
3393 459
1933 2759
6234 9382
6193 9393
429 8364
5556 6279
3570 1643
8531 5822
3339 4267
60 2251
2094 3818
9667 3929
333 7581
2404 9548
6868 7148
7299 6377
1954 2259
371 1010
8845 3455
4389 1309
6027 3313
5453 7106
3105 422
3574 7392
145 3892
6864 9332
9728 6923
2872 1541
9824 31
6768 300
7741 6628
223 6841
3669 883
5632 2592
2055 2180
448 176
1277 4603
3694 4268
1975 2747
4914 8916
6670 1818
2715 365
6626 2399
8967 6400
5483 4639
2256 6961
6153 2779
1998 5999
7844 3673
4928 8031
5636 1330
9354 1197
5083 364
3796 7920
9735 7365
2392 3104
3883 3496
9868 6715
8306 104
2125 5199
6190 4545
5589 9933
9514 9760
3365 8491
2342 6057
6216 7711
7167 4884
8170 6498
1995 696
6210 5611
630 3980
4584 7592
3513 5485
9124 601
64 5581
1918 5296
2175 4200
9323 6812
1531 6649
2317 9390
593 5557
7124 6005
1641 8124
2718 175
2113 9629
535 4091
9934 4530
7684 8079
7848 4343
6144 4861
4636 4046
9106 8597
1297 5358
7368 247
2891 5904
5046 1553
321 4215
8946 6951
4763 7285
7920 1439
3162 7399
2595 4183
2421 8763
419 6711
2562 3554
6353 1439
7853 1335
7309 7692
2272 7351
2736 3056
4322 5326
2133 1831
9314 2553
2241 9484
5419 4920
2647 5900
7702 6137
7487 1944
7361 2901
5658 6892
2819 9692
6139 4207
9049 6987
8090 2966
8841 2579
997 839
4495 554
1174 4178
5945 8107
2100 9992
4143 9195
8920 4374
3965 6791
4178 6022
4072 7880
6724 1940
2278 1102
5063 1876
7127 7789
5934 158
5466 3915
928 7370
2863 2947
3658 4957
7636 3015
3503 8255
8664 3026
4556 7200
6482 8719
7402 5112
7689 2553
5649 3632
9918 8686
7888 6752
9334 3852
9312 6614
8517 5907
7772 8885
1780 3158
5297 7064
9787 1338
9040 6929
4218 8613
8183 5675
6910 5320
8950 6493
1992 4509
2792 5205
3672 9308
7335 7435
3367 5081
329 7303
2335 4623
9529 8366
7117 1511
798 1542
2313 9884
3436 1199
2421 7407
3386 6339
3683 9708
8428 7435
7299 4508
8364 5268
3249 6675
5173 6189
6856 342
4656 2312
3993 4252
2796 4316
3335 893
1223 5078
4015 7506
5977 3132
9993 9424
6505 2041
6459 2917
682 5700
2406 2065
5456 4450
5247 1361
8353 407
7965 5696
4269 1318
6731 9981
4170 1427
8623 2907
6986 2605
5663 9806
8457 5063
2746 3593
1197 7741
1849 1691
9752 5297
9313 1508
1912 4881
4429 4293
1250 2009
2817 7360
3215 8292
5524 3785
5804 2705
7284 7765
4676 3121
7330 8340
9471 5277
8652 2652
440 9633
3629 3942
8850 899
7210 8032
1307 3692
1268 9919
8730 9377
536 8303
5674 5994
4056 5086
9285 1742
999 1082
3628 7294
3155 1984
8759 1969
6091 2973
4558 7419
5253 4222
4840 7383
8439 4496
9589 9664
5352 7331
5711 2460
5922 9918
750 1796
6191 3243
4684 3221
1794 4244
2208 6829
8259 4373
9810 8474
8616 8914
2078 8071
9430 2003
4642 6292
5642 521
794 1759
7860 5725
2964 6104
5293 3648
8430 8342
5734 4676
8270 5866
7854 8111
87 403
2353 8319
3028 9598
2143 2042
7666 4783
3431 6479
3129 1963
5082 2332
6294 5817
5212 6665
1262 2911
5859 3976
8039 3276
7271 5872
8449 7732
611 5049
9149 8254
7705 5304
1180 2369
9518 563
7805 1728
9943 1826
8137 8273
2325 8354
6890 8537
1525 3559
2054 2446
8623 1830
9549 7855
3859 4234
5589 7093
2178 5738
2053 13
4466 5337
5851 793
7142 3604
8882 2533
7490 7439
5623 3695
6329 9571
6409 4662
3155 96
7780 6181
6213 7962
7594 538
9963 865
2506 6089
6694 3568
5242 328
931 104
7663 6334
2421 1673
7493 7801
185 9392
5927 4228
1138 2073
5080 1127
9175 1071
3867 3415
8050 9004
3648 9349
8172 5578
4219 3069
6656 8087
3893 4096
3148 8959
8921 6004
164 5216
4515 347
9655 9488
8433 1932
401 6822
1936 64
2434 4800
4100 4675
2161 4426
805 2065
7048 683
6811 6919
5337 7857
1008 5058
9646 1146
7011 4360
2062 8550
6261 9677
4869 5140
5678 5242
8502 989
3722 5654
8606 7112
5324 1138
6607 2955
6652 2528
9343 9551
2429 8737
594 3144
4826 7681
1948 9046
2614 7360
2574 4792
9297 3449
7689 6362
494 3752
7526 5401
2043 2133
577 3965
4065 5115
4342 4918
9928 8629
4068 437
2792 2000
7434 5372
9538 9819
5034 9656
7811 4791
7379 2141
4426 4922
4815 9406
2250 626
7862 1863
6205 7512
8168 3039
4641 4481
3888 9325
94 3158
2308 5217
6672 6943
4543 8283
6838 8336
5666 7334
1906 8677
1139 458
4951 8843
8881 4518
6252 2789
2970 1540
9570 1164
304 1892
3015 706
4922 1736
7481 3482
988 4617
8515 8033
4829 1291
8503 5984
3654 7367
8443 7172
1938 9588
5836 2130
3771 414
504 121
721 6081
6568 4381
6290 3241
2522 4448
5671 228
9807 4681
5455 8567
9891 3993
6450 6186
8488 5942
5016 5862
5947 4699
7048 9475
3635 3135
1953 7751
388 5159
4520 2557
4614 488
7681 9870
9362 1595
9494 5966
4281 1272
801 780
3469 728
9986 3698
1783 579
6886 5793
1368 5359
7512 3044
6777 4377
9689 1469
7446 7496
5480 8381
1730 5780
5759 7566
1663 690
601 7318
4399 7657
3201 3595
7673 4428
4987 3118
8119 5331
6821 3706
2173 360
831 9205
2074 9316
2338 8624
6704 9513
2211 8405
7879 6909
9336 5885
7712 3336
6625 123
5752 6676
5051 4450
8351 9795
9296 3594
4639 4576
7468 4537
9408 73
3115 3785
5984 9659
5760 9140
774 7374
3485 3595
7821 1152
1334 6818
6263 5828
3436 4595
73 3157
4712 2645
7581 1907
3689 8244
6375 3148
1435 7505
6855 3426
9297 2413
8624 7904
4216 5173
3269 5565
1635 1169
9556 8422
4281 5039
5610 4128
9188 626
4812 7499
5428 7175
2453 8357
2899 4800
193 9796
1851 8311
6002 8718
1682 3001
4224 1872
9521 7403
4489 8763
7989 9841
3135 9006
7173 5149
6106 4716
5912 633
4566 2490
4254 8762
2003 6128
7438 4524
8307 8261
844 8654
3626 1089
7436 6024
576 8790
4757 9922
1426 9454
4721 5788
3857 8507
7457 1649
9584 6971
809 1723
4211 8917
766 8430
1240 7406
8211 5339
9945 3118
60 1186
207 3013
3855 5104
1598 3384
9210 7258
6047 9113
560 9027
1000 4256
3262 7054
6301 836
1153 8220
2662 7817
9767 5024
6088 9125
1291 9854
6646 9700
2254 6080
3171 5061
5557 9776
1234 2793
9017 5868
8304 807
9494 8235
7473 8750
7391 4632
8095 1235
9323 4573
4954 611
1533 5427
7821 2134
3245 6156
1007 6795
9734 5310
7469 4183
3906 6402
2472 2830
6193 6544
7192 4030
5398 1154
1443 1152
5726 1708
9357 9041
7349 2121
8806 6528
5909 1715
8100 9889
8633 2604
5341 3955
2920 6964
608 5538
7797 480
5312 4304
2782 7024
4465 3434
4305 9524
2496 9767
1844 4043
5437 6759
9942 2539
6949 5528
5563 9667
5815 9477
5488 8821
5182 6103
1669 9475
6077 6690
6176 326
2422 5558
4756 4364
4675 3394
9191 849
800 7748
9800 5925
2512 4597
8194 4514
7126 4952
7998 2452
9506 9186
4410 5772
9689 381
9797 1715
7974 994
3936 3135
8282 2942
104 8951
3941 1008
7226 2615
3002 9105
2003 1458
9833 2495
4310 1180
2770 5223
2218 5185
5013 7212
5675 1855
5524 4178
8129 206
4437 4432
1033 4042
6084 9379
9788 7164
7107 9741
6905 4161
8905 2658
3972 7697
1914 9859
4091 9452
3163 7531
9744 454
1773 5984
8141 3808
4834 430
5679 9917
2958 9594
3674 9925
578 8842
8501 3524
5840 8005
6002 3729
4629 2344
4987 604
2035 7695
5594 1600
7779 2844
6087 9256
2225 8610
5424 1765
9199 3064
6368 8481
215 3165
146 8331
1556 555
3893 2272
3421 7047
5922 5249
9271 5656
8330 3095
6663 704
1023 1084
2911 2924
4151 9272
8779 9119
1481 2523
5382 9093
1370 8607
8447 7544
1047 4751
2968 7112
9221 7392
2700 1755
3581 1284
5160 2673
8915 913
3292 9534
9786 999
4662 2574
844 4586
9179 427
6969 8074
4790 5009
4729 3769
7080 5062
6641 2321
6873 1537
7562 314
8813 5852
5154 4261
1022 6351
7893 122
6124 8188
298 418
8105 7589
4427 8759
4994 9021
4886 2794
8902 8009
5614 8118
2368 7205
9517 2538
5928 9639
731 3593
5710 2224
8598 9206
513 644
8047 567
1418 5782
8096 4906
1148 729
5645 3954
9638 8301
7546 2085
1071 6887
1489 8586
7927 191
5389 6397
2344 8414
7798 5695
4896 2021
1501 3202
6832 4392
245 3929
3696 6897
8271 1972
6770 4954
9103 8353
995 9142
829 7769
5135 8684
7841 6253
9435 3323
2795 8319
2030 483
6624 7834
5560 6464
2022 400
5448 5238
8048 7527
7344 1539
8847 2405
5832 4712
8074 72
2225 6372
3471 4106
2207 8557
3537 439
9635 3721
8185 5709
1716 6471
2021 6125
5781 4843
1972 872
994 7135
1862 8114
9550 6329
664 8102
1513 4872
3819 4130
6196 7906
623 5048
4557 8850
6107 618
5150 6093
1687 895
1471 3084
9466 7591
8888 6532
4273 3829
113 7950
5994 4578
1866 9659
7568 9455
9023 678
2454 6852
3764 3554
4962 9568
2764 3996
2437 6251
8298 557
2814 1255
8900 3027
201 9045
9613 4704
2684 2351
8140 4204
3974 1229
2715 4488
8148 6419
7675 4752
5674 894
2746 2563
2572 7228
3962 3991
4588 6558
9708 5533
3139 1255
7747 1391
6154 5058
585 3384
5237 6571
8393 3485
8483 6634
7439 2398
469 7742
2361 7988
472 6470
3369 564
464 4156
398 4540
386 3423
6044 1104
2175 7431
7033 5753
1167 4912
8427 3140
5313 449
7639 7295
2514 4903
9240 1420
7555 8652
620 8442
9330 6321
1533 9349
5811 1611
1138 4176
5973 8559
1435 9329
1532 6279
1441 289
778 4878
5125 1858
375 735
8725 7866
6691 6261
5458 9818
6274 5492
7168 4835
1445 6606
6642 3855
4636 1232
2202 4409
8225 3369
8963 7022
1985 9301
7350 3449
199 1715
7574 207
6510 8272
3239 3955
6054 7848
3212 2955
6438 700
2741 8933
6907 6130
6215 9392
478 7787
3047 4234
1767 6819
9654 2877
8379 6230
429 4058
2160 4518
9228 3802
4275 2477
6032 9125
5143 5479
2068 7238
4635 1566
1332 5101
4866 4569
6230 6502
6309 530
8391 6489
1949 1032
6673 4463
4440 2722
706 5614
3792 6016
8551 3230
4198 3550
9764 8825
2004 2081
4478 6336
1626 1040
6879 7902
3187 7044
2786 9300
6735 2276
2887 914
7308 6271
8592 3406
8014 2548
7450 8267
4366 8726
8286 6839
7226 4221
2917 7707
832 4713
9286 9640
2563 4895
8988 7000
1174 3208
6454 7182
1863 143
2889 1356
8177 9495
4186 1113
4025 9463
5520 2717
4891 2504
8674 1375
7439 1667
5718 6751
1794 7708
8083 5430
1178 5119
7706 9742
6463 292
8281 8375
9535 2398
5767 5497
1745 9890
8375 8286
6563 2601
7591 3216
938 5540
7877 1290
308 5366
5539 9986
418 9813
1546 4697
1503 8727
9639 5850
8154 6146
1655 6145
3826 740
5076 2998
3303 638
7260 5659
8982 559
2680 1900
4148 3214
1832 468
3572 1372
987 492
6234 1841
5518 4959
8237 5823
8276 8100
2119 4578
3375 2310
8956 8296
7105 583
8972 3183
6275 5341
10 1778
1589 7061
3893 360
9386 6916
5405 987
6703 8550
3048 2867
6226 184
2074 7224
4541 7368
8625 2052
3099 5407
6883 3715
7018 1962
348 5739
9387 1864
6939 5121
6075 9912
9270 5413
3635 3574
9916 453
5904 3350
9946 5528
7713 7144
9181 2482
7456 9954
7060 1797
8889 7562
9010 2089
3132 3868
877 8761
9489 5944
4521 3924
7170 1405
1946 1275
8572 9639
3202 5198
3517 5761
4811 2038
6778 2967
2758 9625
7118 508
583 6250
6969 9438
318 9206
51 931
2192 5511
7301 6618
1719 6337
9975 4252
7681 2414
9092 7523
9190 9595
4399 453
6196 1910
793 9907
7472 4051
2143 4355
1506 824
4972 6358
7779 6105
9180 5118
5225 1575
1905 1231
428 3174
9935 5096
649 2037
6970 2484
697 3276
1498 7955
8123 5442
7362 2106
1953 3062
2808 9680
6780 1779
6462 4848
9202 9738
5571 124
7220 6423
8589 5073
3808 5132
2643 9126
2879 9523
1517 5553
5197 4121
9333 812
6161 3837
2114 1642
3395 1591
7936 1811
7971 2857
8406 6558
51 721
1274 4991
7821 4887
441 4911
9653 2576
3569 4753
8422 3731
8721 6781
3669 858
8088 5081
1027 8546
2847 1654
6310 6438
1318 4121
5150 2917
842 5345
6253 5805
8401 6600
3555 7246
4953 5251
5831 7492
9229 3238
2167 952
8555 7518
2497 5499
3262 6676
3595 9569
1876 6161
2859 1206
7967 2817
9654 3141
6415 9367
3036 6160
3315 3113
5812 4512
205 1746
675 1502
6450 5126
790 663
7979 2467
1246 7311
4165 525
5808 4015
5707 5427
1415 4078
3950 3967
172 1944
4657 9164
9388 3167
9600 9879
8727 7771
6005 9870
6477 5283
9501 5165
229 525
7870 3491
8865 3512
3052 6576
3635 8914
3895 3410
9081 7148
644 7308
2124 8461
224 9953
1312 6609
9558 2492
7529 5535
2892 8145
340 9609
309 4559
7452 8777
4026 9468
1249 2403
9259 349
9002 914
7532 6569
7054 7910
9444 6146
4543 923
2706 256
2817 1111
3903 7917
47 1149
592 4504
245 7711
7586 6584
1481 7048
4247 4492
6313 8193
3413 5823
1291 92
7392 5878
3361 3677
3795 5777
4117 5813
6479 4481
2257 5709
5133 1832
4855 8304
2871 6234
4121 9880
2873 9542
8480 4407
2009 4100
7911 6287
7691 9466
41 7495
4655 5493
6342 9394
7380 2555
641 7168
2200 6915
3778 3153
7670 365
9444 3325
4291 1928
541 9845
2961 6482
5712 2602
7619 8020
5420 5569
2847 3504
6496 9091
8349 1417
8691 9513
6364 1604
5995 6337
2777 4066
4584 3989
1918 2423
7024 5550
5235 613
931 8280
2472 2072
6791 1135
5467 4115
4833 184
8299 1515
6823 693
382 2334
4135 1309
6847 7775
8139 5908
4109 8
828 8396
5501 799
3326 732
5501 7723
29 2592
8763 9568
5627 6859
8200 1381
9760 4505
6037 3936
3146 5774
4084 8280
5231 43
3941 7247
5084 5654
3674 8661
3161 5045
4820 1264
6351 2963
3236 3601
4817 5164
3252 4675
9218 4321
66 2675
8850 5128
5755 7986
6131 5242
8541 536
2485 4817
812 6775
2524 5623
6781 4871
8721 9299
9092 2932
4583 7292
7015 2832
6230 7940
3491 6126
2161 1307
6397 4571
2527 2296
7504 3192
6103 1560
1013 5321
8391 3339
7973 4247
1211 5426
1729 1780
6568 2225
2005 8860
4954 3929
1162 2264
2508 7785
1417 9669
3935 2938
7794 2622
5144 1136
9317 1608
6767 2939
1136 3832
7155 3178
6350 3902
4293 8650
4260 2799
5172 2904
3930 5109
2750 4975
9601 231
3125 5326
6254 6109
2418 8984
5085 2432
5716 1096
8901 6692
6956 1886
6824 9663
1876 5774
6919 5027
9345 8717
2143 1037
9187 3855
7393 2441
8565 3607
9146 8040
962 5501
8400 3568
7240 4876
6135 3593
749 6112
697 5192
9229 7353
8419 5746
5557 3612
4477 4403
2166 3803
7895 3621
1193 9487
4635 3854
9827 8589
2950 3977
8284 5166
7470 3533
5198 7935
4729 8086
3990 514
8601 5190
1925 3025
816 6084
7293 915
7168 749
1781 1809
9293 1486
7466 4609
9070 846
9928 8572
3574 8897
2255 4684
610 8140
6818 1603
6194 2095
4143 6078
2852 6910
3496 6225
6488 6991
1285 869
3457 636
5307 9087
8030 1512
4235 1736
7215 2569
478 482
6618 8412
9145 9796
8287 9226
5373 1445
5844 1926
6896 9868
8658 7523
3932 2452
1828 8451
142 9925
7733 1077
6518 2859
1829 5143
4797 9186
149 8941
1064 982
8607 216
6734 6232
8346 7570
6180 3577
7917 3084
6433 8871
5328 7013
5554 1987
3778 1964
1397 4976
1854 958
5677 2393
5956 2658
4096 8969
5690 8518
327 4459
5409 966
968 2900
7541 7205
4742 9514
5072 9437
6402 4942
7089 2390
6667 7870
9621 5232
3831 9760
8339 7293
2913 6481
5329 3503
7025 6525
958 7880
2113 2403
3640 2320
8469 1545
5394 2591
1995 2642
7691 1756
939 5179
3545 2224
1511 7389
4963 8971
8138 6590
5704 8189
954 1372
6973 3358
7759 2511
4298 6960
2063 7309
408 456
3146 4781
8928 9251
151 8524
6454 4090
3120 1867
4037 9576
5879 3123
3163 7535
3326 7861
1636 2133
4086 1612
5240 1102
8652 2128
4499 5138
4939 3014
8190 7113
9215 120
4788 5339
9260 2115
9003 5563
8889 6694
2097 115
6444 1488
28 8852
2629 2796
7576 8993
1437 4038
675 8093
3642 5653
9322 9125
8895 3101
1916 4516
7276 1960
1798 4389
8410 3672
4378 1351
9255 109
2770 692
6197 3290
2096 2656
1468 573
8270 6498
6092 8468
8286 4840
3173 2467
532 310
6949 4841
7756 4767
4815 8840
3005 2467
8210 5916
7104 6738
2054 2570
2361 9314
2830 1058
4353 6160
7515 4955
6687 2318
4707 7743
8988 2085
36 9979
238 4410
9797 4
7642 6020
7513 8379
4746 5447
8930 7613
4022 1662
7056 2805
7283 6711
5384 3932
2876 4534
3628 939
9960 4177
2278 9510
4190 6708
5515 1241
5782 2580
1017 542
9165 632
4339 7516
659 9539
6185 5587
2922 675
861 3937
6218 4159
5730 7479
9775 7685
2384 4762
9596 2329
6051 5209
9264 112
7798 3118
6915 7601
8328 3889
5893 4918
9477 4021
331 7555
6968 8057
8646 2707
4920 3161
5804 830
8544 8584
2643 5415
9532 7542
2136 8946
4211 8037
7875 2002
9272 980
8627 9206
2880 7958
7642 6697
9159 9738
2038 3100
8389 1807
4584 5409
5321 5281
4549 3822
4979 2006
7855 8848
9291 4659
9971 3927
1599 7326
5892 2740
5474 7864
5210 6506
9815 5511
3564 1035
9294 6886
6155 3975
9249 2990
386 9056
101 2233
1307 1849
3600 1495
8068 2720
4573 2976
3121 1184
4603 212
6254 7199
8890 8015
872 7670
9925 4337
8044 5352
9365 9695
1630 7557
7756 7571
3387 6715
6903 8825
944 8596
8361 5212
9988 5371
1594 8188
8648 5806
9863 6763
849 4582
8206 1877
2603 2720
3404 3718
4846 5446
505 6014
2080 8258
4251 4248
8497 9203
8586 8554
7903 8502
5556 3753
4010 3192
5535 6370
7375 2261
9648 3077
5336 7550
6061 7812
80 4326
1235 2388
3628 2462
4783 9481
3459 6487
952 3953
4545 2911
309 7272
3386 2375
2379 2567
6693 7872
212 6337
1796 9479
5089 5385
7637 6589
5368 4684
8161 6076
8173 2897
23 9044
824 255
906 1718
5867 5626
8101 7799
8779 8573
5893 3830
5994 1633
3845 2601
2408 3639
5291 9307
8809 7364
3499 6729
349 5567
2652 3009
2473 7365
1669 7337
5524 7390
6330 1028
7980 8399
6257 6458
6779 5549
7772 780
5902 2914
813 7998
1225 9855
8435 5396
9272 596
5273 4837
5429 4186
1646 6149
5812 1469
5663 2961
7557 7145
48 1460
2686 1199
1812 2714
2773 3144
4567 8317
4705 7002
8306 3606
5480 4556
9642 1198
4422 2989
1135 9825
8952 4677
4964 248
1833 6387
6267 6000
7094 3625
2922 1766
9921 9928
6808 7666
5424 5629
4390 6406
5828 6360
9137 6544
9265 5669
7693 5882
4891 1372
1913 161
4083 4074
4368 1046
9623 1345
6115 1341
8055 3918
3498 6063
1959 2790
9176 7558
1442 4434
8462 5059
2884 6843
4290 7082
4247 794
3501 8835
643 5682
7277 9427
1222 7230
5692 7766
5043 277
1846 8028
1060 6539
8382 6371
9701 5193
1642 2047
1183 2545
7917 1801
3974 2291
2139 4615
1844 462
9231 5600
5235 5908
1762 6091
3583 6170
8001 4457
9103 4146
9770 7142
2617 4541
786 778
7283 5600
7343 4692
3028 8775
1535 9355
2683 8229
4963 3120
9325 5778
503 8834
2296 9532
2474 6915
1437 2882
1624 3608
8439 9461
3558 3684
6591 9345
8720 1229
8963 653
1336 9641
5959 5742
7461 4592
1185 2004
9336 3976
1500 9371
4202 1234
4064 7303
8508 8170
8521 4753
9612 4584
2452 8241
8626 4066
8240 6696
6739 1956
2519 2552
8906 8197
7336 9759
4996 446
3633 5587
3606 8735
9439 4286
9711 9683
1852 9608
5659 8182
7104 2644
4987 2250
8127 7229
7487 3577
7744 2159
456 6036
6779 9415
9798 8135
8240 1703
3867 8197
8140 77
4091 5256
571 5640
1958 6036
21 7526
5750 9422
2790 3567
7781 1353
6243 7898
4138 8518
3270 2086
2184 316
9923 8374
6204 6012
7976 8354
396 8027
3839 6970
8133 9035
5997 2982
5593 3088
3841 3890
1961 1741
5831 2043
2504 9216
8697 7021
8024 4584
9879 4904
3565 3689
5804 152
3830 403
4690 8590
5218 6238
341 3447
2017 5088
8298 69
686 1970
4038 6957
366 231
8860 8600
9328 694
4447 736
4874 4709
4870 7737
4885 8396
8180 9492
1766 9951
7597 1053
9739 2944
2239 6999
8558 6635
2835 5334
4078 9344
1784 7153
7613 526
8357 2133
9677 4983
7810 5378
6391 6147
2736 9647
7913 5421
528 5949
8731 9701
4405 7885
9612 2347
7551 140
6088 9517
6822 1987
856 781
9035 2227
9556 1204
111 4392
4659 7143
813 2502
2624 8427
3885 4178
524 8828
8039 28
9333 7905
3023 5517
5385 6243
2644 5802
9818 1063
993 1147
9254 131
3731 7590
1388 5210
4142 8444
9736 2075
2485 350
8456 8709
5708 20
2532 8604
307 2029
8039 8809
4315 8057
4641 2780
4359 2131
7245 4966
7045 7912
5135 8542
5412 9839
4159 1981
5898 8874
2872 367
7486 2748
3336 7681
5402 2660
4810 8680
8122 22
7165 7104
4743 6304
3981 1196
1871 2547
4360 8289
8522 6648
2148 6256
198 8900
983 3128
8331 9691
8805 6481
1181 2232
5606 1653
7820 6515
6332 6588
1751 6594
7842 1162
1857 1188
4442 4040
3047 7514
9495 5484
6523 3634
1119 2086
2060 8307
4752 2426
3024 3621
1280 9438
282 9331
8822 9795
3163 4549
6352 9854
5312 4665
3980 3023
7054 819
654 5363
9911 3416
2210 427
2989 6005
4312 4103
370 6039
2208 4055
2056 3946
7832 6348
6705 2826
9324 4286
7283 4356
8851 7570
3577 2624
9020 1397
4254 6488
7353 6180
8950 2971
4961 3289
6601 3838
2453 7375
1366 8165
3028 516
7606 5718
6189 5367
3606 6115
8296 7161
3398 3050
5108 8231
6774 5914
8659 3433
9783 7573
3751 3813
7627 2274
5681 3521
3136 7631
3346 1068
8607 2623
9761 9880
4262 8217
6743 5368
4659 9347
3426 2120
2142 1156
1963 8310
1907 538
6043 3913
574 8316
6862 4389
4027 8211
2955 365
80 6934
94 5316
8879 18
8974 1577
2410 3215
6278 7143
7690 4107
5682 8443
5990 508
3323 4434
4379 9826
1084 9251
3997 9116
6420 6929
1610 7457
1858 2109
3979 6634
1142 2206
8222 1576
6136 9150
3291 6757
875 171
1072 2480
9877 7127
9907 3861
1179 2919
801 5056
1673 9772
8823 1025
6565 4885
5173 3268
4655 5256
6858 1960
1534 139
2077 1973
2103 5063
4624 3326
9985 1527
8278 6558
7891 197
7281 9135
9738 3851
819 1914
3919 198
5767 6081
4436 908
8752 8349
5630 1390
7052 4427
6149 4955
4099 6239
197 2910
2662 8066
2948 6162
9142 8341
5758 384
2957 2303
9438 8775
477 4257
4153 9340
6156 264
2730 7154
3639 2994
7927 4909
4539 9044
7172 3865
9184 1025
1639 6502
4120 3250
9542 8721
8601 5279
1443 114
102 6310
3328 7625
998 8550
1716 6783
8168 9036
3138 7240
2174 4617
9058 2301
6591 9136
7839 5132
4464 7825
5085 4717
990 7313
4212 2217
3422 2705
618 4342
2671 9830
2940 5697
4995 9933
4479 3330
4753 2299
1546 1701
4051 150
2114 8228
671 1644
5723 1012
3565 795
1944 9863
7470 2013
3027 6685
822 8097
7676 422
7085 8307
2109 9875
6613 69
3849 1605
8444 6684
3681 1251
6554 3788
2022 8927
2626 4617
2903 6759
7864 4423
3110 3029
9643 5726
9432 4177
2674 6565
8525 154
5428 2236
5613 4196
2173 1540
997 9538
632 315
8591 8751
8807 2311
9862 4833
9938 6322
8766 5378
1840 2571
7838 6179
74 1236
7336 6280
8005 6177
3758 9507
4429 1948
2698 483
595 3724
4216 9604
2747 9305
3529 8928
6878 5751
2465 7033
7438 2791
2657 1023
5382 4386
7352 3887
3884 2884
1479 1649
3267 1694
5360 5328
7705 9283
7744 6316
4107 9074
3747 7908
2503 7746
5306 8688
9496 7007
5458 4004
6804 6227
2647 376
2300 4563
2409 27
5965 1595
9869 8898
7014 6924
4590 8336
6917 8644
9809 2668
8467 8153
2404 4841
5007 8694
9420 6943
9847 1607
7497 2181
857 6680
6194 9124
9281 4591
8158 2756
2218 743
5392 4422
4255 9674
2322 2515
5381 194
4894 2586
9296 2210
2958 3321
2765 3164
8100 9747
6316 456
3978 4519
8516 932
6733 3935
7044 9834
7460 7880
3569 1084
1331 6725
6602 8987
149 9936
7274 8425
7087 2738
4854 6835
8429 8889
2108 6368
7154 3787
271 685
8983 1787
4191 9317
2570 8111
7329 6088
6010 4105
7652 4258
3563 1263
7169 6956
1622 1462
5305 9793
9185 1650
5551 2270
5417 2380
3198 6928
1032 9649
9192 7055
1697 2977
9295 1228
7023 4991
9669 6836
6338 856
8555 5350
8676 4138
4305 8680
9709 9355
776 3833
2514 3074
5139 3619
5475 3714
4961 9966
6765 1503
1648 3422
4541 3062
2413 5817
8420 3460
1502 7737
4255 7356
3217 9203
4128 7401
9942 3482
6302 6149
6140 9992
3558 821
3232 8386
2711 9405
2117 2259
8367 2019
3186 2789
4747 4553
3605 1798
4347 4924
3879 7769
1753 2516
8484 114
3490 5158
6688 2513
9587 8673
7962 9409
5791 6238
3993 6259
3883 5966
2604 1919
915 9119
4078 1740
5049 9558
3585 1669
9650 1749
4616 9386
9484 9919
4134 4532
1617 5354
1634 5709
3857 6043
6936 9520
1969 226
5626 7786
7667 9901
5894 9552
786 5908
4701 8156
9586 8702
1909 3106
2193 3165
5647 5631
5007 7816
9019 1113
4975 4927
4988 4584
3632 7446
562 2120
6587 6923
2587 8249
788 4844
9783 5962
2976 784
6673 8887
1356 8547
3236 1022
2303 8406
3202 8833
5421 147
2335 2664
6051 9624
1518 5731
1195 7494
1295 6955
2812 7541
4717 6353
2752 8044
1662 6748
505 3139
3938 7600
9497 2265
9960 3444
930 1487
3709 8486
7042 7899
7235 5471
73 2466
3829 5493
7861 3173
3327 3295
3952 2605
5325 6825
3971 3773
8424 1649
4204 2506
6882 414
2107 5266
2905 2393
6046 7221
8792 6439
7823 319
5807 4742
2432 7098
7950 407
7448 8193
584 9913
4639 702
3881 2543
3704 7948
1180 2223
2641 9276
3183 6997
1706 3687
8479 1622
7083 2898
9463 9017
4653 5379
2357 5796
3274 1938
1105 9790
476 1450
7074 8422
1746 1470
3110 7078
3802 9947
2761 7507
7164 5194
1082 1077
4811 3214
8301 8744
9305 3958
3403 177
6194 6065
2216 1340
5719 3999
4220 4709
305 3617
5909 5003
5277 7627
2698 2234
629 4198
4573 8575
4774 3442
3999 4374
8776 2909
6702 6248
9575 7008
4381 7515
242 7853
3601 1456
5351 3718
2103 5
2432 1913
3527 3814
4739 1725
6413 480
3655 1468
7463 8332
525 8515
6491 9857
7783 759
6281 762
1745 6490
780 4811
1653 8040
1906 1929
4771 7760
5313 9239
9385 7107
920 3036
3057 821
2845 8270
4613 3613
5384 1651
8687 471
7026 9797
9705 4779
1123 9640
42 4367
8795 7383
1650 2629
9239 9891
3689 4627
70 9828
7678 3103
1475 9330
5906 754
2685 810
1835 4070
7717 1702
674 4823
3455 9573
8312 6283
8121 7654
5660 1429
9247 1733
2028 1209
6115 204
1942 234
2381 2879
8833 6830
7476 3682
9242 535
52 2272
4422 4526
2742 27
6107 6430
2770 1883
7524 1259
3195 7191
2754 3628
6344 7587
2084 7652
3193 5860
642 490
653 7717
1083 5879
6620 5770
7146 4882
8000 606
932 1260
8639 9774
8463 9042
8986 9995
2086 7050
5294 781
4919 2279
834 9353
7493 2240
6786 1762
4980 715
3913 6737
2934 7406
9308 665
2904 3497
2179 1853
2517 8505
8809 902
1068 4104
5029 3682
978 6188
1978 864
2499 4970
3560 7051
7266 1730
2172 2565
599 923
3860 3589
2044 7827
5684 1605
3049 9210
9748 5388
4518 5790
9747 6280
1373 8677
1806 2774
4745 573
9289 4962
5103 1648
3135 918
503 4341
7764 3299
4174 7073
591 2532
6797 8468
7985 4773
3952 641
6159 7443
969 3262
8755 573
4886 1610
7490 3516
3597 6722
1763 7372
6969 1857
2275 6140
7433 4679
2313 5466
2895 5378
7568 7373
3579 5449
8291 3760
7184 8386
1266 5405
278 1237
5334 8843
6481 1316
9465 7916
2782 1089
8888 6331
3167 8233
1945 9481
71 3867
123 9984
3282 3355
9986 8493
7338 6543
780 8648
293 4729
6868 3515
1278 8694
6443 707
6327 8821
1683 1783
6894 1597
7549 4323
3475 2783
9613 3632
6382 4994
3705 8899
6112 2694
1385 3167
9152 8655
1359 7246
4733 7879
9028 7938
6538 8233
4982 6624
1203 5240
145 3568
5872 8700
4256 4767
2324 9684
6858 3113
3256 6340
4828 2034
4983 7672
8382 7127
6166 4187
8123 5760
653 8149
9415 3608
8958 3611
5613 8871
9269 2074
4133 4607
1378 3422
6802 2649
975 1316
8410 9411
3926 3856
5017 6486
5619 8286
463 2753
4390 4043
1707 4997
3840 9423
292 5968
4558 107
8900 3858
7855 6974
7739 9212
2252 2375
2648 2992
6387 5089
3950 7247
3583 8080
297 9704
6784 5523
9107 5706
4339 8020
1802 9825
9776 1218
8673 8584
2169 7440
1304 3319
6524 1665
9926 9692
1801 7601
5074 4494
1394 1278
527 5024
2877 1511
2311 4971
21 7168
356 561
7273 8461
8291 9899
5018 6102
3741 4591
6292 3501
7282 140
7809 3600
6869 3023
8673 2839
789 9351
2968 406
9280 6029
3800 525
7055 4735
674 9378
8845 8035
235 3536
2665 5885
1041 8692
7637 8596
6953 8869
6136 5222
4640 7055
3351 57
8665 3664
9182 3312
2189 3247
9428 3964
7313 3091
5490 2961
9264 6317
1455 8903
6317 4151
4817 8425
5817 9533
9864 7976
5384 9680
2082 7354
9006 6663
2746 3282
834 7265
1245 9006
63 8657
4737 9805
402 993
8475 180
4719 643
8758 5582
7707 1592
1238 2365
5486 7577
357 6694
3217 9592
8735 1875
6612 3620
9145 7663
4751 8507
6202 7288
8243 4613
8598 5708
5343 6209
5070 233
6953 9754
5757 9300
9374 6496
5028 9966
1351 4573
2235 4466
1932 4357
8757 1386
7497 8158
1260 112
7967 2560
9446 5320
3455 7096
6525 9618
8586 8160
1267 5755
3389 8368
4073 1632
7790 4088
3069 4382
5652 8564
9389 3335
1212 1669
3743 7593
7687 4482
7142 6501
3009 4869
6347 5303
7079 525
4752 4442
8057 4792
3532 5282
7399 5680
8580 2175
5472 368
2646 3816
5889 2543
903 2954
9445 7109
9185 6898
8505 7475
7461 5024
9397 1102
1061 4469
1960 3940
6699 8172
7342 5472
7670 9460
7650 5962
5640 4394
2727 9781
6763 3440
3964 7936
6976 3158
7740 3546
3701 4287
2644 2813
3936 9670
9053 6801
2754 7241
3972 84
3988 7968
4573 9839
3574 9623
7076 7203
2345 7673
9025 9915
1065 4848
1388 8687
4523 3453
870 7367
120 7012
2128 4558
7438 8572
9406 4593
8346 8210
722 1459
6253 4338
4553 4270
7749 8219
8199 7052
1357 4803
462 3936
5186 4891
1745 7502
1259 7824
6246 6835
9725 6575
532 6264
9249 5353
6812 1220
4138 4255
2458 6583
9946 2231
2850 2889
6821 3202
3089 5591
530 4751
2935 5689
8432 5658
8050 7309
2998 6889
1307 1125
9240 8182
142 7369
7418 715
792 3776
2697 6464
1673 1444
9662 3220
4462 5446
5022 2381
3750 8538
4571 7871
8359 4585
7431 4505
1171 6476
633 8151
4040 5146
9926 6928
3626 7545
3774 9910
3414 9539
8245 2651
6344 2950
8821 8421
7399 4625
7444 7350
6073 1969
309 8330
2723 7270
8263 3085
9045 4285
3485 3429
8975 8206
8661 190
448 931
387 3534
3479 427
7074 9051
9544 6688
5096 262
873 3191
373 617
1890 4281
3510 5385
4969 1434
5674 864
2875 4597
4019 8392
9677 775
4963 7222
1994 1832
2019 5195
5732 1733
9816 6622
147 7012
2429 5407
6986 2154
275 1503
3580 4123
3255 5289
2297 390
9617 7505
4582 6631
9920 9114
921 1556
3346 6167
2744 5228
5957 4983
7537 6716
8736 9619
5089 3030
989 8264
6114 5807
9228 9089
8613 673
1183 9174
3732 8575
2814 8487
7145 9261
10 9097
3694 1935
3228 7596
1690 2762
3924 4295
528 6473
3766 7594
2826 8099
4377 1662
8450 7343
970 6222
3206 4587
3621 7487
8101 193
1621 1832
4640 6337
3476 9790
7946 9955
4774 4278
7862 4164
4096 4686
8313 3118
2665 3435
1230 9024
7768 6630
8649 980
5463 4105
6824 3862
9917 2170
9777 866
6587 2449
4070 8873
2989 3902
4790 7763
2841 2632
134 3286
1391 983
7094 6312
8851 7848
2936 7461
8573 3913
8946 6318
9894 7801
8145 2782
2892 3406
8316 3665
4829 2790
4583 40
7963 9221
4683 5045
838 956
282 4868
204 3158
4343 2037
4685 9639
1427 8773
2685 2648
9882 1944
6888 2404
2987 6693
8249 8061
9375 4465
7626 9677
132 1144
9146 184
4186 8802
7729 945
1181 6608
191 8371
7468 9976
3290 6848
805 2589
8133 8034
3954 6094
8040 8748
7379 5000
6375 3485
2557 1639
9464 5618
6477 9274
34 9631
4142 2021
1818 4105
2476 9468
5178 5396
2764 9931
5521 1551
2810 9310
4483 6831
3721 9860
5971 7438
5772 10000
6209 5034
8781 3903
9567 9002
