10000 10000 10000
8981 5220
9955 4790
7252 1917
4965 4372
2610 8036
6118 495
7088 1903
2554 5382
5566 7700
9002 5547
3489 2180
9520 1892
7274 7300
2051 7344
1246 2144
149 8036
4478 7587
927 6084
3300 5572
7518 4948
94 7237
9096 3986
3826 492
6 6040
6966 4313
3111 8660
7715 5580
4398 6374
1830 9340
4542 7619
2158 8692
9341 9349
1061 551
3113 6932
6144 2411
5743 7737
8746 4849
6752 8005
3281 3775
484 5279
9488 2067
4094 9779
4213 7131
7326 3879
8294 2062
3898 6658
5818 6150
6259 4197
9961 4697
1612 644
3017 8483
8992 9116
3792 1385
299 1218
1178 2417
5147 9533
9227 5514
5056 9366
3930 1117
2913 2909
4113 744
8687 6879
5680 3651
2259 2285
3763 5026
306 3242
8592 9859
7295 4560
3412 8522
9968 4665
1046 2824
7849 1140
5610 6781
6908 6502
7085 7003
5479 2137
3216 43
6057 5181
9373 6757
5817 1536
6765 7341
1042 5523
6555 8856
438 9979
8002 3188
4728 3864
2724 377
7572 6318
6579 712
3852 2098
1462 1495
8298 8255
1493 6709
6162 9376
3897 3777
1663 2156
6455 2213
5452 3416
1616 1515
2734 2563
1211 9502
2548 8960
4980 7911
5533 7587
5636 8646
6813 703
9675 4692
1986 9338
9230 3271
4068 4572
7670 2041
5252 1541
5778 4678
8599 7370
3949 3384
8371 8185
7913 5728
6388 7379
5485 3611
9046 4326
1689 3765
7087 1263
5898 9672
3719 8220
5662 9963
6950 2458
6760 5873
7570 3332
5553 2248
4581 25
8156 7451
255 9857
8673 669
3511 4408
1897 8780
6831 1428
5559 1374
7185 9673
3798 9917
5497 2672
2295 2495
9169 2428
3535 3234
9669 5451
4688 8070
926 6267
1217 1478
8660 3585
7488 6759
9334 4072
3096 5936
4670 695
914 284
9210 2913
5437 9842
8539 5049
9505 5386
3697 4409
5818 2261
4434 8900
4423 3537
8437 6761
7190 7968
27 4458
3880 7425
8355 7072
8529 7364
4991 4660
1798 5748
996 4107
9109 265
4147 7722
3620 1953
3332 8851
4708 7526
8828 5462
3085 860
68 8617
9744 7367
2659 8267
6586 957
5596 8129
8724 2705
542 4528
2079 4058
3057 378
611 9394
2831 2252
583 5685
2070 5537
5818 4695
2758 6337
3665 9686
2124 2225
7806 2355
1981 2756
6869 1445
8605 9730
1573 3486
2703 1870
2920 9440
7969 4128
9633 9114
3792 6880
3013 5950
1657 8744
2808 3912
2050 4580
3688 6363
2034 134
9677 9631
3819 6832
1186 1153
4813 2424
2124 5833
4819 1846
783 6514
1402 834
8597 7250
3325 1950
6862 57
2997 1997
1518 1997
945 1194
8401 894
7057 7232
8542 8067
4914 5433
9470 9801
672 3938
2330 1228
6127 1352
2831 682
324 5539
5098 3435
6326 8137
707 4613
2438 6270
836 4392
6270 7842
4339 5339
9139 9879
835 598
8532 9306
3023 6968
8821 226
7086 2970
3063 8808
5685 8415
1375 5411
4310 2072
4743 8430
1648 3225
1338 6475
7123 8130
6607 3938
3787 3467
3349 74
4885 6850
3522 3744
9732 1988
9473 5844
4259 6780
3614 9508
5773 8912
8203 9483
7482 5418
668 2524
5184 7820
5677 1251
3987 3504
7802 1351
8689 5400
1951 2681
270 3139
6314 1336
6524 6153
9169 4839
4488 7107
1353 2215
7775 9635
5200 1861
3117 6406
7012 927
9599 8440
3537 8273
1620 312
2892 5716
6492 3095
4016 3512
2658 2914
361 5909
9974 1429
329 7885
7784 3975
3426 4044
7743 4312
4798 5242
4091 3476
4698 7113
2787 4532
4594 7767
6964 9403
4135 3010
6936 6340
1496 5540
2440 2741
7455 8160
8394 9708
1459 1715
1920 5162
915 635
1845 2287
4907 5278
9544 7186
7872 3591
740 5604
3476 6971
4787 4153
6655 2606
8113 1839
9069 9420
1486 1962
8302 1974
5202 7590
1246 424
3043 4436
2066 900
8285 2252
2558 2318
8276 9752
9831 8321
2005 60
3173 1986
7762 4968
9814 2709
4957 5452
6631 7909
8399 4186
2088 9612
7471 3693
6506 9562
8451 447
6748 6362
8115 9218
2285 2355
1137 5264
1750 3667
4547 2567
3037 8023
9361 6103
7976 7812
6981 3539
6859 2652
5138 7571
9143 8811
4949 7444
6209 2176
3935 1677
3445 704
9221 2394
2839 427
2960 7567
1938 2142
458 7575
1404 2235
731 9952
6103 952
3952 1402
4741 1118
2529 2506
1413 4056
6937 4888
4083 6381
3737 5339
6042 5162
2338 3136
1095 7483
9289 792
987 5274
2828 8966
9988 8074
4382 3563
6054 6769
7990 1822
508 5410
9291 9552
7400 904
7691 3489
1568 1401
7679 9076
6390 8475
2099 9815
5951 8754
7778 8223
5835 1756
5347 1202
9511 5567
269 3624
6838 7389
5098 7894
5132 8994
7657 8085
9045 7015
7789 4009
3521 7191
6921 9503
5616 9045
6798 8114
6290 4837
7026 3788
5466 3165
1721 3256
9452 8086
7611 129
830 3940
8816 2260
8215 5402
2722 4013
2694 4144
703 2358
7844 2878
4382 8680
4883 5543
3727 8802
1250 3532
6095 4861
4722 9553
6402 8281
8705 6051
516 4650
6405 9096
7993 2072
1156 5917
9499 2390
9781 2347
3852 6779
8137 1995
263 402
3187 6797
6449 3125
7175 4854
9819 3597
5536 2133
9274 8296
8092 2414
3285 1372
8663 4001
6092 2715
2519 6291
7514 1935
8533 5141
9331 1569
6429 8480
6797 2535
723 6922
6364 6432
6260 1218
5312 9527
9924 8003
4454 9379
3552 6946
4061 8511
8718 7949
7772 3963
3454 509
7389 2610
4701 2917
6534 6387
6505 3137
2811 8051
9782 2961
6732 4289
4808 8950
4831 5859
4874 1388
3773 7844
1105 9897
8978 8146
299 9016
734 7214
8100 4088
6778 5164
1424 9410
676 8177
936 8398
2372 1376
4002 9699
3695 6627
2132 7428
3363 3264
5494 6333
2630 4301
5286 6182
5593 327
4300 7032
9641 8843
7075 3385
5213 1574
2025 9578
5119 4572
2928 4413
1014 7170
7467 2362
563 1583
7474 4426
4319 6095
257 997
5902 2131
5377 6404
7633 4406
478 4911
7970 5028
4164 7184
1804 4824
1654 3787
444 9087
8812 4913
8119 7896
2436 2339
2002 8552
9523 7350
1717 9737
7050 7276
5793 9665
908 1048
247 3973
804 9439
6380 1674
6430 3579
3901 1516
3191 4794
7857 9938
1739 7789
2632 4666
775 8945
8447 9408
2345 9373
2653 3546
2383 7529
5501 5354
4804 9223
7606 3574
697 1885
9488 6722
630 781
9686 1829
5369 8658
3175 4460
9856 8117
6627 8544
6912 2817
8072 934
8335 4686
2392 6439
8575 1333
1810 8783
8531 5477
1292 8831
7152 953
7536 6627
3600 242
530 6455
8128 3556
6283 7954
5588 6321
154 1434
3149 8879
625 9258
3168 2919
6178 9152
9863 594
1397 3662
8328 216
7837 2137
387 4373
6519 1587
3128 9735
6581 6314
4298 1644
1805 9030
4344 1317
3598 9517
820 1347
3871 9729
141 2656
1053 5867
8580 7396
5520 3220
8374 8394
694 8658
8152 5203
5640 5372
7098 5204
9700 9852
1285 5014
6375 9370
1826 9422
2025 383
787 4902
6868 4910
1004 8467
3888 5333
8268 4679
7635 5742
1810 8330
9594 6714
650 6807
8240 4186
8181 6297
3673 9943
4678 6581
5020 4476
3837 3368
7870 3810
8048 2387
5036 5529
1927 7988
6157 242
8903 5850
5496 3455
9483 9114
9607 5870
6243 292
3884 7197
348 4113
9466 3689
7528 4993
6216 5059
7973 9401
9799 7936
6229 22
398 2274
5106 7248
7091 1994
3179 3994
8137 1443
5928 2744
2464 4470
8906 5156
764 6400
6518 3143
7288 4578
4826 9859
327 8127
4847 4683
1550 8705
2698 2462
3992 5682
8861 469
312 6613
6321 802
6827 5604
9799 5334
8493 4506
4250 4650
2181 5102
5507 3540
6967 3658
9326 6285
9739 4176
1229 3588
9898 910
7765 5092
8594 7337
2114 8973
7379 2367
9793 9207
3243 1772
9242 544
6156 2342
6068 216
3977 1465
8427 1521
2123 8860
5242 4150
4151 5658
7631 5235
4006 4058
7712 1086
8177 4129
2044 8760
2240 6081
8389 8668
2502 8635
526 6622
4148 955
7657 9898
3647 8788
2379 9855
7871 4802
8868 1502
4145 4205
357 1904
561 2715
3955 402
5694 3290
3088 9041
1783 9921
3662 4723
4262 5180
2456 1827
2646 7585
9857 4200
3527 9974
3336 3924
5560 2120
4321 9732
2120 9553
4698 295
8623 294
8569 6734
4685 5061
8425 3138
1883 2262
8450 4785
9607 1496
2067 7999
2373 5521
5489 9388
5312 4546
6135 425
5644 4220
7382 1014
6045 7644
650 5152
6639 316
5629 5004
503 3733
9936 1006
9546 2375
6932 266
2248 3791
6256 8624
8670 7724
4993 4294
1332 4836
8534 9549
3769 1357
5311 6380
5884 6808
1815 7736
721 1134
890 3912
9805 9840
939 2769
7664 8110
2099 3236
1010 6472
8177 9660
6018 962
8924 1832
9971 3417
3764 8319
6662 7104
3621 3094
3086 158
124 6511
3314 5751
5048 7316
1958 8630
3269 9851
6080 1394
9997 681
403 697
3360 9370
7383 1614
5407 7448
6013 5788
5729 1915
5295 1507
4146 1078
2081 1426
1684 4817
2268 1496
8062 7741
7723 6060
5517 1610
3986 5158
8007 9031
712 8231
7604 7813
2180 248
7306 7019
7867 4831
108 3249
5908 2223
993 3057
4414 6804
7037 4591
2980 2160
5529 1665
1312 9481
5640 5511
7487 4517
1691 9240
5211 4472
9714 4166
6603 9330
8207 1877
6545 937
437 83
3237 9107
8523 7382
740 2331
3618 9498
9172 8702
2524 3249
8286 7604
3336 2997
8636 7850
3152 3594
9787 696
8771 9975
1723 8025
5605 6018
8161 8964
7659 772
3119 6156
6556 6513
2025 6098
6456 7794
7452 5127
3442 3298
1118 9450
3277 7774
5195 2664
6383 796
9087 1906
5670 6423
1868 2529
9046 6911
791 5290
2933 461
3345 6229
5004 4485
2973 2336
8793 8115
6660 5969
9173 2219
5591 4030
6923 3002
319 6345
8957 2116
9924 6923
9562 9376
8384 8277
927 3871
8002 1392
8743 1543
9974 734
5069 7211
5 59
8226 2138
7483 6869
908 1278
4991 185
3413 5497
5967 5019
1784 2378
5419 7705
8222 6605
255 6817
4211 2774
3466 5638
1038 2967
69 742
2918 6343
1906 1980
240 8535
2056 8007
6148 8171
90 9194
7647 7186
6497 8622
7397 7750
5362 2134
4664 6094
5075 5688
7583 7187
4019 7855
4892 2083
9319 7153
2019 2370
7334 2980
4226 1419
2228 6874
7317 186
3143 5703
9433 2125
4840 1818
6883 4237
1393 8917
8992 1270
3794 7380
4906 5148
1958 8786
4986 6492
6540 3034
8848 342
7189 8563
2298 102
679 3552
7750 6336
5900 3800
6032 7061
1305 8696
3715 3096
4648 9786
4194 9387
6423 3159
4340 6583
4616 7475
3378 5921
980 1185
6357 8300
8642 4300
675 410
9327 7621
3063 256
7290 7380
8616 8052
619 640
2572 4331
3375 6752
8668 3850
7082 8012
8377 6877
8701 5388
3907 3263
1731 1500
9193 1867
813 5672
2132 7474
7343 8412
6457 4089
9543 5177
5619 7973
5046 8002
8007 5861
1191 8298
1053 5238
313 6818
5288 8277
9437 8278
4597 8755
4778 231
9329 7954
3976 192
1079 6127
1781 4511
6553 1897
8944 7396
5479 9533
5610 5744
2207 8160
2653 7561
6483 7825
9334 1682
7825 8227
2807 6660
827 1246
8660 4078
7038 9751
6940 6124
3702 741
2634 5273
8704 3579
1824 8852
5486 5438
3437 7714
4457 9220
1127 7522
1995 4214
3389 1439
5688 6306
4310 2865
1605 292
521 4572
1821 2725
1838 478
1212 4813
6881 3044
3971 6431
7210 4427
301 2911
9076 8502
3977 6547
4175 5998
8067 2690
3412 220
7786 8366
8649 6512
214 6121
3256 6537
2199 9398
6458 816
2557 2176
5590 6054
5396 1073
9914 9344
3358 5768
2790 197
1738 418
1341 5424
1089 6216
2697 2756
5743 4840
4116 2136
8703 438
207 9185
6580 2843
7186 1816
8568 1304
9356 2060
4239 7107
7433 2178
7144 3980
9602 1998
9117 453
9458 927
3003 1993
2641 161
950 1584
2860 869
2728 6409
715 1214
5949 2484
285 6135
1992 4702
2178 4214
4832 7860
5910 6749
2632 3670
7914 9529
2900 5620
8127 5527
6232 7454
7793 7887
3816 3018
3531 4713
2923 9508
5968 1051
7401 4755
1128 8348
3213 2120
7468 3629
8456 7359
2764 8148
3157 2875
3043 4343
9650 8673
5729 840
2821 9946
5668 4274
2923 2461
6407 7725
967 5038
3579 3508
4828 6709
9200 5849
6858 1364
8423 3000
9973 9736
8772 8645
762 6451
9414 3919
8489 1150
4526 2413
1848 260
5765 7967
5071 4820
1513 9932
3499 2965
2691 3505
214 5220
708 2474
7759 2824
2344 1965
1196 7608
2952 7686
273 2066
6590 495
2928 7894
9697 6189
9452 3682
8858 9209
1486 5466
707 7239
2857 295
1225 2601
9206 490
3565 9060
8394 4811
7443 3656
3539 9717
4976 7928
2610 9982
1714 7042
5779 2524
561 2360
7029 8908
245 9751
4388 731
2773 9899
9584 8271
8813 8568
9195 286
9027 7764
2519 6877
5586 9249
2445 8392
1341 9654
873 4926
9588 6980
7288 7592
6262 5072
8378 4246
1279 2992
6176 1644
6025 7497
5574 2934
8618 2999
3530 4923
2297 1274
4647 7340
1716 2352
1715 8111
1645 7340
4380 1434
6538 8903
5022 2561
171 4343
2056 7094
8365 8014
9792 522
4435 1357
4486 1811
3574 3794
7242 8616
2892 4933
7344 5070
1470 8491
8263 5401
3224 7862
2252 5085
9441 772
7936 6798
8697 8479
107 8099
5687 5541
1952 2997
4051 2885
6882 8478
5902 5708
8636 7369
586 9723
5746 8620
762 1732
5101 4240
1938 8156
4148 7845
2234 3887
2409 904
3453 38
1151 3334
9169 7328
6145 6124
5043 3252
7264 5592
7353 3070
3436 9107
951 8789
505 6716
7187 294
1963 7764
3399 8899
1167 6512
319 4632
9906 6993
5586 5661
4255 5763
2772 7475
5176 4442
8957 5589
534 8642
4384 7310
3362 7850
2788 1390
2238 4835
5912 8798
3899 9661
9284 2977
52 7021
1242 8725
4985 6255
6435 4813
7499 2737
4660 849
1126 1412
8462 6577
8710 2948
4280 3610
949 3387
3859 8760
550 1119
3030 118
8828 7267
8620 2153
3793 9984
9476 3687
9809 512
7975 7728
3470 6436
7165 3358
785 5984
820 9437
5941 9035
9365 4896
2497 1895
7381 8051
4821 54
3743 681
387 283
7504 2169
5491 1564
6627 3083
8218 8650
7304 9152
3889 6812
8968 8510
6860 6912
1215 4159
2987 616
8532 1440
1380 8699
3140 7158
7055 1011
7813 1727
7367 5386
422 7991
1617 5724
8656 6897
3603 5069
9797 122
2547 5576
3355 7734
8644 5654
9015 5176
8602 7131
4414 9996
2326 1110
3642 8028
5066 9250
3609 5492
2805 4020
7493 5154
6445 6055
9015 5226
7465 2518
269 3645
6852 105
2580 5415
9445 3555
1332 5735
7344 4986
542 6754
9249 1816
6169 7554
1058 6184
5958 5374
7384 1395
3988 9195
5270 6744
7095 6522
9121 8564
149 1012
127 1196
5145 542
1848 3946
9065 6221
3673 9202
2814 6166
4059 3574
7199 8118
8132 6113
8585 2155
8589 8971
5592 1044
4507 9087
5967 9253
6333 3288
115 3560
7069 7873
2677 2437
2478 7974
2949 3685
5613 4775
4375 4308
5909 590
5352 4268
6524 4425
8518 9520
4619 5417
2862 1374
8224 2757
9232 6008
7363 1163
3449 1485
274 5523
9121 6138
8888 4010
7007 6575
587 531
9099 1310
9487 9174
605 9259
2919 6021
6175 4834
3712 3163
578 2299
5420 7334
5718 7331
7466 843
3515 8948
7585 7528
3477 8821
1204 7905
4424 5649
9383 7065
7976 3008
900 9862
6654 3550
6480 4350
3439 7144
7857 9127
1603 8474
4108 8790
9934 3875
8351 7950
5249 5594
8928 1684
9465 9712
6580 5952
6316 1871
6315 5209
5161 6136
5522 4866
1936 8850
3106 5933
5712 2594
7185 3177
5674 6626
2059 940
3620 7081
7512 2615
8757 3013
8348 784
3644 2702
8274 7031
7277 8639
8193 2905
3004 3657
8282 2665
4086 1605
7326 2844
8469 8149
4127 3393
1539 7089
7960 4247
6329 4182
6877 8001
8876 6099
8344 3522
7191 6259
9554 5424
1682 3527
5209 3308
8380 8852
4336 8922
2808 9411
314 667
7307 1525
2928 4303
2165 6953
8307 1614
4102 4646
3668 7999
4939 6682
3045 5460
6977 7210
284 3568
2046 2525
3484 9741
955 2373
4306 3801
484 848
4181 231
9642 3764
8008 5077
4203 3108
4443 1623
9939 6370
7070 9839
7003 3784
3344 1396
4158 5615
8842 4922
4644 3434
3581 834
1754 7762
77 2727
990 966
6876 3671
3873 5902
6327 4814
5203 2759
9654 2302
7147 6582
368 653
8522 2042
332 9134
7700 5973
5857 7700
9032 6195
4050 2796
1263 4770
7740 2987
3393 8011
3444 631
8531 7873
7389 8150
2383 4161
9192 332
9036 8436
6875 9388
9153 342
7246 6443
3927 2866
9887 6790
8063 1405
4257 412
3188 6419
2972 6681
9556 7424
698 5280
8180 4994
1864 3039
9085 9884
2530 9337
1845 2132
4265 9644
8538 3324
7284 6563
3099 6233
6044 7593
6418 1173
475 1017
5320 3487
8311 6107
6548 2436
736 5645
3258 1501
3853 781
9272 5569
5166 2065
9732 6421
5032 1243
4661 5409
5379 5583
5634 7937
8879 6108
7022 7896
4613 5376
4566 5090
7028 7527
2713 3436
6691 6728
8804 4514
9733 2184
5001 1644
9094 6660
5168 3255
4433 234
6419 5237
9039 8137
9331 8228
2327 4872
6841 3291
9887 5944
8052 9952
2682 5981
206 4913
2236 9791
8403 3333
8429 4408
1072 3907
353 8715
1752 3591
5202 6237
3492 1004
6901 3646
5163 2385
1534 7916
842 6266
4375 2301
6349 3263
8167 9662
3351 89
4162 5554
3416 9267
1082 258
5355 5821
559 8559
6716 4809
7671 9244
1486 7623
5770 1323
3818 3189
474 9526
2673 8260
6170 6489
4990 471
8471 6384
1750 8307
3535 9407
6569 8603
8745 9221
9825 7351
650 1583
7840 1003
8119 5323
7745 3738
9610 4982
8443 9572
4415 4955
8976 2937
2495 7969
2924 5701
2709 910
4651 4435
495 6790
5704 6123
4208 7061
9733 5513
868 1618
5155 4833
4692 1020
3094 9954
7575 8877
2159 2452
2428 2253
5861 7091
3949 6871
2377 3319
149 9114
2496 9534
8513 2404
3408 9740
4367 699
2461 3307
9201 1865
8232 1349
2224 4326
5880 7493
2268 4118
4751 4214
8553 2048
9052 3775
1883 2533
7173 1198
694 467
5733 3668
4207 2730
7993 7130
8206 3911
7235 8213
9675 8287
977 6242
7710 8242
7372 4145
6045 3239
169 6935
5896 8336
4881 4952
3645 7753
9074 6291
3406 6577
9145 8707
3947 1930
8664 5194
6060 6745
76 8198
1286 4693
9000 3493
8218 9534
3494 1607
2888 4259
2400 5165
2980 8455
9957 9479
1658 7952
7857 3061
4217 6140
3537 7854
7634 7030
7916 1195
456 3006
9005 8006
3007 1318
105 3290
9676 4735
9879 8692
1052 3896
4267 2565
1091 1486
4407 7108
1799 4628
9154 5281
6402 1097
8955 143
5508 1676
5479 848
6162 9367
1823 4333
1250 4581
9581 1936
2579 8613
2819 4242
9144 805
6509 3895
3985 9590
9735 8484
9233 7739
9276 7498
9058 9739
1216 2907
9897 1333
5362 5427
4839 7857
8937 8261
5756 6038
2025 9589
5997 5663
9660 3923
2279 8665
3185 9690
5458 8948
6589 1618
9558 79
1190 1721
1698 749
5951 3617
6277 8572
9075 3836
8510 7981
2694 3794
7253 2889
6243 1979
8343 2001
3750 5225
601 2191
4761 3262
1512 4721
839 9159
5090 9236
3008 5623
6645 1995
9591 6771
7368 8921
1338 1750
3423 9757
7688 8704
7315 460
5505 1672
6409 8894
7238 5246
7329 3084
6348 4219
4007 383
9243 822
9730 6878
6419 87
4920 1529
996 3113
7292 3343
3733 6112
7888 9433
4637 38
4239 5951
8169 6187
1369 7948
841 7040
9959 4474
647 1431
6136 2016
173 1489
1672 1420
6180 5631
1674 6263
7341 3350
2740 7343
7464 8272
8691 722
5043 9627
2353 2906
5004 2431
4818 1895
1051 5810
2122 3528
4628 9536
4789 2181
8819 9250
9205 2406
3395 3589
2585 3075
3430 3777
8387 5136
5455 2683
1281 2779
3022 326
6886 9138
271 1197
912 2841
9506 6243
3922 7257
8754 2323
1154 9188
3480 9105
8596 6998
3671 1720
8816 1626
7529 2564
1951 3530
6110 3441
7305 4143
2141 7501
4193 5953
5395 5149
4935 5234
7346 265
320 6351
5998 2749
2419 4085
2841 7998
2435 7600
4325 4743
2225 1722
477 5218
2132 9930
1359 1430
5920 4687
9804 2145
2985 2771
5195 2920
3842 3341
2979 1466
6479 5943
6776 7966
5591 4159
8040 3983
2398 1037
619 1362
4948 5129
9613 5741
7045 279
5407 2867
7248 2742
9679 9014
9830 6019
357 1259
8435 9583
5685 489
9709 2902
5363 2464
5497 600
8282 3603
6015 4910
3353 8027
5258 6185
5635 6376
3792 6811
7748 4467
7183 1123
1030 6278
7049 6119
3706 8540
8106 2610
7749 5435
965 3397
575 4660
9280 9573
6858 57
3389 659
320 8761
6627 4868
3058 4971
5251 5438
2582 9934
5878 8522
1707 9344
4753 4893
1905 6200
7727 5609
4074 7510
8946 7853
3043 9739
9995 710
6839 9500
6407 9367
748 3193
9337 8314
5732 1790
5121 2555
3779 6138
554 1825
3251 1686
4771 4320
9322 6696
9018 4772
7183 5778
6202 3169
6977 6456
2504 7625
2308 1764
6714 8948
2651 1045
3356 6417
8728 5545
3229 3964
4371 439
5050 8981
78 7139
5882 5530
785 200
5093 1031
1513 1452
1640 1299
5833 5589
2504 7295
8016 5724
3222 2429
4178 4499
1948 3089
8455 906
9954 8809
6644 9371
5317 1728
7449 3580
5055 1029
1341 4853
7407 9452
8832 5011
5264 3626
919 7407
6013 2270
9289 484
8210 6279
3390 9189
5424 9360
5349 5744
4541 5224
8717 8046
4467 895
2517 7154
5593 6627
4562 6129
7159 592
6210 5824
8407 8914
28 4557
3626 7305
9532 9571
7889 457
4716 2435
4776 733
2064 4440
3954 3945
6663 1179
6655 5486
2940 7661
3957 9629
1053 3250
7792 9518
3242 6677
13 7528
5474 9667
9892 4666
6561 6362
443 1893
7109 6379
1827 1107
2556 8615
4755 1947
7551 5060
9469 2976
8402 9250
8030 3043
8987 6390
1669 5881
7982 9496
3340 5668
9406 1035
6803 1255
9698 400
4349 9217
5566 4148
5805 4162
7226 5577
1450 4158
4674 6081
9201 9384
4191 2976
5928 8226
501 1431
8752 2794
1952 9245
2318 6959
8593 1171
6727 3042
6688 2160
913 3164
2758 422
2889 190
4290 944
2836 9950
941 5573
8026 1288
3688 6384
3832 8717
492 803
8706 923
6778 9601
9768 7394
3375 1079
4284 8817
2164 5275
7451 8937
3129 7674
7082 1180
6814 3473
3035 9993
6535 512
6140 1493
7233 650
7110 8977
5676 8424
1599 2969
6735 7697
10 8881
1463 66
1425 8608
1029 9691
5195 1080
1670 6332
5457 4383
2092 4664
2471 1348
9289 4238
5676 5721
2103 7546
430 871
831 8070
2853 4830
7235 3396
5742 9990
2509 2094
3425 3943
9576 5527
2816 4808
6303 6285
4386 451
3311 7677
4942 433
8246 4689
3043 9900
6471 1680
4527 9284
2068 6337
3033 4425
3337 8099
6119 8431
3761 8737
8102 8478
414 3857
2995 2121
5059 7867
7948 7139
4392 2266
120 7578
6519 9740
7654 9191
8373 9358
8891 2781
2639 8392
2938 4574
7119 543
3886 174
7137 1375
4481 9208
9964 572
6396 5506
351 2324
2131 6969
87 5543
1982 7080
8333 260
5371 2018
8033 6891
2292 6165
8997 2283
8088 3080
9466 1202
7042 6917
9438 8186
2996 2845
9143 8159
4835 6781
1867 7662
1017 832
2067 4633
9369 4481
1429 9966
5573 1803
5249 8854
6988 6617
1048 5159
1372 1602
7078 8898
486 1604
8748 2690
730 1740
805 8764
2578 9349
2363 8392
9553 9875
2578 9428
4854 7682
2599 625
1215 8362
2956 2515
8858 5509
9075 7657
6597 1609
6303 4942
2067 1108
9345 7050
448 8931
8888 1640
6012 1668
3753 6417
6855 2227
5413 7016
2494 1201
6207 2398
12 2762
5476 9348
7901 5629
3043 8354
2774 5757
452 8369
895 1135
522 6459
3915 2137
9973 3582
1555 5878
7607 4494
7514 4917
9374 3614
5558 73
984 9317
2103 6992
1992 6299
2487 8144
9110 3176
5591 7292
4081 7936
4709 8422
891 3293
1894 7771
7209 3783
2597 6139
7267 4681
3758 525
1933 3828
6468 8684
2690 3054
2261 1172
1245 9164
9584 1898
968 2410
7607 2562
1395 2532
7694 4276
9543 7670
4505 7624
6499 2293
4792 9283
3472 6835
978 6969
8490 2938
7066 2918
7245 1115
2132 201
8228 1063
3035 1482
8389 288
4065 8090
9459 1440
4591 9484
7649 6288
5688 4762
5333 5991
2521 7576
8492 6626
7822 7813
2093 156
9962 1222
6589 93
3996 8896
3382 398
8709 9514
8540 6108
854 9993
9525 2333
6139 9799
7414 1355
1097 3441
1487 6731
4515 3748
2382 2120
127 8885
4964 8192
7474 180
4233 5351
4488 6158
5333 8874
5483 9253
8827 155
6188 7660
9311 8604
193 4374
3021 2457
4867 6187
4205 6397
4032 255
9725 867
2151 7062
730 4596
800 1699
8692 384
9121 108
4333 9364
8506 3926
2730 494
9670 2692
9572 7673
2607 6894
9877 7560
199 8674
523 5599
4006 9962
7020 4318
4361 9792
6999 7006
3186 3606
3881 8411
1536 7666
1472 7438
5492 4915
7853 1904
6240 5201
9158 5546
8809 1756
3020 5824
9953 6612
3105 3252
7799 7459
7397 568
7408 9577
4325 5259
625 4878
6236 8198
542 3964
5210 2242
8085 1363
5414 8173
4049 5738
9223 562
715 9842
2492 9490
5552 6679
3373 6472
4972 9642
6115 5911
1916 7592
8996 3689
3592 9364
625 5468
5010 9640
7418 2543
297 5478
6350 5630
9388 5755
7725 797
5676 104
8068 8827
7717 4163
929 226
1593 339
3443 6207
5540 3917
4107 933
7576 2434
6606 1424
6078 2159
4995 4582
4440 881
3592 3416
1751 8747
8396 1990
7066 4317
5683 697
4031 5117
1592 8316
7321 6616
2634 2747
7362 240
7524 8079
6652 4612
4488 3149
868 3894
666 1193
7756 1602
543 4772
5840 13
9944 4304
3190 1632
3279 2546
9396 9308
1352 4398
1012 5848
6698 5809
4686 4956
2968 7575
878 186
337 1006
5522 6144
3517 8685
5596 2433
7855 3887
3118 7169
4453 8593
301 5837
7861 3073
3507 2959
8814 7902
2527 9406
7630 5625
2134 9535
3889 8267
3257 7530
3649 7203
2523 6881
4508 2096
7819 118
1145 5251
1240 6215
9264 2020
7640 2693
9208 1146
2760 9417
5511 652
9365 1480
9215 139
7867 8285
9890 2354
2558 5168
1293 9846
7042 1318
3477 2232
5442 6055
6793 1462
5250 8141
6402 2668
1892 3427
6852 7236
8885 2797
3226 1555
5092 6027
153 2895
3585 6894
1528 8001
100 2956
1051 7197
1448 8649
1373 6044
515 4700
5909 8773
4980 8536
7931 2630
4315 1333
8480 1653
1226 3656
3207 1766
8121 739
6762 6227
7881 4599
7649 193
5517 3681
2758 6627
1985 5636
9981 8911
6569 8483
1864 1422
2174 1907
5953 8137
9976 1817
3501 9419
5076 7027
5159 9510
8290 7761
1756 6249
4258 3750
254 8031
6407 5665
4641 1744
2841 1124
1059 8781
7680 5853
8427 3363
6608 2894
8055 9794
3474 720
6893 4181
3938 435
8641 7048
2108 2107
1352 9570
1638 7525
6090 504
5480 4028
6391 4809
9864 1675
7163 1177
7973 2508
5104 6340
891 2784
3885 9246
863 8089
1480 284
844 6200
7032 9980
7010 3384
4563 1558
9938 1488
3981 9539
357 4799
9579 5883
3391 4780
5809 4482
3597 7636
7588 2667
9886 4051
1238 1412
271 9782
3995 6624
4098 6863
8866 5428
5561 3325
8608 3376
6497 8711
3719 5680
9036 3839
7476 9471
8216 4183
4029 2247
9025 5440
7913 2476
8946 4847
4012 3005
8690 8780
8 6794
936 8008
6937 7257
2176 3592
4215 7201
3605 2176
5276 7014
1079 9186
6748 2013
3306 5350
2978 6203
1654 1594
2213 5380
7193 9785
1790 9137
5296 6658
652 2429
1394 550
6736 5877
2898 608
8967 3631
2597 7683
6566 3606
1492 6607
5285 8803
3164 7401
2456 4639
9802 3166
3937 7631
2916 7272
8483 4045
3844 4820
6037 2157
5678 9099
5538 9837
1687 460
2502 4861
6107 7601
5712 7267
8647 1386
8412 235
5804 8573
5773 9384
466 9435
637 1088
9130 4035
333 7100
6091 6366
8379 7646
2284 8227
7330 1868
3805 7114
8300 239
3242 8621
8278 5257
557 7925
4574 9469
1787 7618
1656 3262
3490 2604
4929 9217
3467 8095
9909 2463
1326 5751
2308 9108
9265 5913
2561 6380
5901 4190
8177 1702
7595 9738
5852 4319
8938 9427
1640 1690
1611 8176
3128 2925
6243 2561
6872 2414
410 4672
703 9789
1763 3589
454 657
9232 8939
6092 7738
5330 9456
912 9371
6724 3934
9384 6121
5641 899
1339 4510
9443 9280
8015 571
19 4601
4599 2250
4364 7803
2609 7596
3632 695
9105 1891
1355 433
7243 5417
3733 8190
339 2357
5678 1153
435 2886
9946 1740
5135 7597
7504 2211
5383 8358
3996 3799
9689 5388
9018 3651
1641 6222
2820 636
4294 7148
2612 9246
9688 9813
4149 4369
2470 5555
2648 3643
8446 5874
528 1923
7444 2970
1131 7104
9818 853
6879 507
1329 9891
1619 4616
6100 4032
9701 1447
7728 9902
2983 6029
273 9469
8454 9203
2389 109
8977 6774
1564 8054
9463 4759
6620 6049
8017 8753
5309 1792
4549 9895
6439 3647
1079 3195
7576 6610
3453 4229
8732 6026
5057 7741
5703 6831
3230 9891
9432 7788
308 2209
8582 1274
6538 8458
8482 8369
8316 2958
1993 3325
9217 7594
3104 1862
2715 7647
2888 9682
7125 1046
1677 8199
1875 6714
7296 1793
9606 1511
7471 8824
3794 4184
8093 2458
4707 7174
9269 2727
2880 4066
9478 9390
7948 8144
624 1954
6141 7450
6354 5802
9762 3795
1051 2877
2312 6808
9152 7224
3448 5220
5038 4841
6014 8114
4901 6130
9594 6395
2796 7277
8918 3249
2984 7872
8543 3206
6616 7461
3040 1347
5841 8953
3752 8781
7322 4358
2844 660
782 8609
7973 5607
2564 9920
1344 6246
1446 8969
6897 4447
157 6809
9114 5178
2350 1922
1953 3966
3298 2823
1503 8177
618 4496
7598 4435
450 3458
5062 5810
8774 437
7963 7945
4638 8606
6187 1791
2983 7021
7932 1039
5402 648
3131 578
6893 8981
8119 8819
4044 1600
6910 9737
6028 6824
7268 5043
2358 9483
8500 96
7425 2950
8705 4651
1896 2034
5991 8697
1231 8680
9734 7518
2117 282
3412 8711
2157 2731
6132 6313
6334 3184
6469 694
3752 8901
2152 8279
3418 1235
5289 4018
4308 1009
3185 4819
8372 8194
6234 5242
965 6173
6912 7383
9362 9862
7617 8446
3331 5067
9480 2384
591 9042
2169 9512
4777 2600
6486 4720
1302 6849
4812 3545
7452 7360
4848 1133
3025 8613
809 4677
6511 9976
3609 8843
5628 6531
3688 1285
5038 4422
7444 4379
2080 8364
3819 1176
6667 3325
8550 7888
561 968
7196 1740
9953 1175
4419 567
4896 2090
1969 9044
7120 5261
3591 9846
269 1103
5769 2401
8059 9468
5480 5327
5315 5441
7034 8621
5908 6174
9732 10000
5887 168
6648 3728
5199 3535
5933 7404
2629 1234
6384 6519
87 1788
7766 2522
5594 5307
4313 9651
1286 6540
8397 1169
9491 3391
8609 8165
5304 1217
4444 6721
9131 4981
117 9305
519 1324
2491 6293
7598 559
5944 7605
1380 4316
8911 8563
5766 4188
878 9988
2040 311
6507 2863
2638 6662
8496 6179
9438 8401
4233 9094
6858 2233
9477 5482
9883 2398
5099 6844
1385 2668
474 2459
2044 964
4174 6275
6041 1469
3430 6090
1798 6052
6451 7336
9104 6770
1554 2193
6439 9873
9564 698
3709 177
1819 6802
1105 6865
8453 8093
555 9837
442 2057
1536 6547
780 9407
5761 1626
2201 7547
3985 3563
4963 9048
9220 3977
3617 9244
4313 8955
9385 9580
648 5428
2336 8856
89 7812
3128 3271
8448 8360
9631 3568
6097 5387
7235 9682
8875 3433
4434 6586
7409 2276
7608 2883
2793 823
7900 5423
9616 2181
8479 7436
3322 1266
9508 4981
8600 7452
9154 4966
4279 7074
2881 8878
9656 2051
9271 8190
6706 9403
10 3130
4342 3872
3619 1794
7328 2779
4066 9056
9066 4559
6944 9984
4907 9862
6472 2581
2628 4309
1640 6846
7672 5527
3985 1809
2040 4090
1819 8983
6163 697
891 3448
6081 6115
6561 3039
5289 8672
5851 8674
9551 3224
9541 797
3754 8337
7475 8162
8595 3979
9941 2090
8286 853
7593 8377
1345 1215
6510 2940
6208 1259
2116 9941
6401 5865
3640 4273
5067 8765
7354 2505
1445 2287
2081 7273
9206 4674
655 2030
4885 6099
4904 3153
1847 8980
1763 6955
1554 217
819 4626
2371 7696
265 2784
6675 6377
5605 7899
4150 5708
4713 1823
1902 6251
5879 5447
6528 7626
5571 4645
1996 6526
9605 1403
7653 6018
6123 1334
6230 7096
1164 6709
8388 7187
7447 5258
5555 7042
6206 5265
8258 5278
1826 8756
6899 2867
1098 8457
6613 6147
177 9853
3187 7241
4393 5954
6492 3382
4194 5428
692 1857
573 7626
2307 7596
1527 4565
7045 6809
7015 439
6696 4526
2308 8332
4600 1140
6853 8709
5240 7994
6455 7831
7068 1287
3752 3939
8248 7688
4769 6259
8912 892
8867 7627
8607 872
883 4911
9693 8383
626 6596
7136 5780
3006 7624
5788 6737
818 5111
2687 4484
7389 4222
8295 6877
7628 7792
459 9372
8313 4437
8214 5105
1887 8455
8902 7198
5036 9722
6727 8601
2774 5470
2667 3048
4539 1431
5008 4487
9455 4171
8582 7349
9140 3298
6372 6572
4642 5081
9585 4639
8315 3227
5309 2920
7005 5822
1162 5555
6591 8871
3454 4812
3835 1755
724 7542
5166 8712
1185 1588
5072 6480
578 9238
3590 2835
3550 1490
3889 7154
2341 2
8168 4332
6695 245
9680 703
5110 129
4400 8446
608 1684
9531 1812
9885 8433
6877 107
1386 8041
3427 7674
5035 9939
765 3735
4671 8572
608 5128
8548 1247
2675 1699
8056 1477
1186 2722
3304 8358
3748 8143
3863 5323
3450 4017
362 6477
2967 3449
618 5209
427 727
3294 7797
7528 8162
9005 8563
287 3507
4193 6388
4510 886
1113 9634
6727 5268
9444 9764
1706 1065
7762 2220
4910 1399
8413 8965
3974 753
8647 2976
7098 8097
362 6216
8490 5482
3258 650
6131 3621
6186 168
8787 1597
4011 5510
5519 4001
523 4300
3847 1614
185 7975
662 3561
4179 9711
7353 3102
8583 5174
1273 6334
2093 7158
3117 5747
7385 8672
1667 7598
8664 1514
1318 82
2281 6706
7133 8052
23 1516
6684 9143
7334 4819
6398 7549
2427 133
6380 9996
8173 8565
6091 4531
4530 8307
6012 1633
7967 5049
5218 2129
8010 4092
8826 9400
3492 8656
7285 8399
1935 5730
6858 347
165 5540
4343 5730
6280 9444
6612 4808
9511 6036
3000 1312
3843 5584
4404 5524
4028 2654
5083 3425
908 9172
8062 3973
3793 719
7146 4429
9072 8040
8645 746
978 3745
4487 3775
6388 5617
3276 4726
5949 211
3826 6786
1003 5427
4740 8671
2276 8129
5936 4859
7552 9476
6416 4246
5997 8162
9095 1775
6124 6095
9725 2932
3532 7817
5667 8141
5854 397
4521 7337
5450 3043
6797 7344
8369 135
907 2797
6830 3904
5993 5713
2364 467
7103 3753
9652 3447
7963 5721
579 777
1625 2274
6890 949
925 1080
5474 6524
5700 1479
3423 8151
2066 421
6078 6833
3825 2507
1635 9948
2819 2198
5276 7219
8998 2678
9973 2861
4699 1034
7181 1181
3323 8072
9845 3867
5398 7307
4786 8000
5926 8906
7856 4288
1399 2385
9538 5937
9955 4169
8378 8814
451 7152
3348 5370
8531 1523
2394 1644
3834 5075
3945 8934
1370 50
3841 2578
7686 9527
7583 3010
5523 5203
3045 4412
3577 2952
3201 4124
7691 7021
5739 5821
5679 7160
6595 5726
7404 2737
477 3677
9337 7926
1217 9811
8925 437
2781 4438
4308 4425
8118 5722
3782 2321
4661 4663
5329 2886
989 1803
5879 928
1200 9822
9667 9112
748 9657
5995 5138
679 4652
8741 8904
6585 2346
9297 178
1343 8706
597 1496
2649 8576
9482 5650
3513 2518
542 8334
4831 8645
6656 7326
8821 1710
3847 3464
710 4194
2103 3054
6495 4220
9696 6867
9584 5004
4333 589
4711 1625
1855 4107
3478 5458
4494 3899
6786 4377
7023 7358
3105 5549
7393 9645
4786 3363
2708 5556
8473 4469
5876 306
6485 5493
8628 2817
7914 1873
853 3760
9138 8631
3647 4382
7903 5084
3569 6439
6423 6264
1133 9487
149 704
5580 2992
641 2915
8511 2757
8850 6544
5934 5174
7617 110
9574 500
3659 723
8370 3955
8039 9649
6869 5667
2950 4487
7895 7590
153 613
3647 5800
5018 2895
2940 5102
70 231
9859 9007
4458 8042
2208 4216
9683 8438
2291 3338
3463 3399
9432 3731
5954 9142
6210 1324
4344 5724
1348 8912
4766 7063
7938 3419
6631 4153
8021 1915
4548 8842
5556 4129
5881 6450
9790 962
5414 666
4775 7454
3605 3819
5840 8303
9492 7497
7308 1298
7828 3121
5812 1227
8458 7279
8679 989
2689 261
6891 5267
5707 4133
7091 8906
9528 5238
2460 5619
7411 500
3980 1077
2646 7900
2603 8622
8633 4027
8183 6993
7662 2105
7750 3741
6972 3953
2080 6675
9069 613
4091 6332
8339 8446
5994 6934
371 2831
9465 9632
7162 6442
4965 318
7689 2056
2867 854
5097 4077
7440 7448
2752 2282
3200 1355
1849 2306
7264 3549
2608 9435
344 6678
5939 9234
4468 7541
9663 5786
8087 5927
7639 3099
3559 6206
8603 1640
2280 7090
1775 4301
5707 9812
8014 4583
5440 2386
5093 4332
4835 1170
8881 1439
3830 2082
7554 4550
4574 1333
6310 5039
2775 3884
5612 2871
1456 2939
3200 4199
9256 5338
9014 2772
600 2527
6370 1363
1341 3364
6164 6454
6625 658
120 9557
7489 5239
1133 6441
4818 1345
2884 6684
656 3880
2632 7142
2429 5431
9008 4627
2585 5701
4228 8153
1108 6584
4908 919
6017 8734
1483 607
27 2812
7377 8233
3655 6382
6074 3279
382 228
5833 7204
2296 3201
4516 4041
2548 6279
6994 2589
4796 1234
3503 7106
7077 5525
4831 7462
7720 7256
7172 5833
852 5995
9326 1196
3904 4046
9644 7642
4836 2333
4949 6792
9511 7607
8047 2754
1903 9446
35 1701
5774 7696
3248 4841
7558 454
6023 1525
3996 8568
8923 7291
9124 8404
3728 5800
2201 7622
1535 2588
2339 4301
2989 247
7660 1729
6486 3758
5754 1119
4969 8038
3116 5322
825 6445
3653 4228
5625 2681
3287 2570
3428 8085
1193 7718
8824 9682
7766 2940
5615 4457
2832 8612
3158 8092
5700 5272
9693 1012
8910 7045
836 6023
4433 3543
4697 5666
3035 2335
1920 5339
3792 9450
3965 4368
5542 3310
842 1330
4645 1674
9223 3220
4320 4800
8685 210
7100 5959
6472 2994
793 1094
1987 9613
3647 2324
1328 1478
3802 8238
2768 1313
810 3635
300 1998
9284 5430
1866 4253
9031 4733
8472 2357
5192 4758
1745 6881
9692 6187
3496 3786
3979 400
6961 7708
1229 9054
7706 8324
8356 3559
5502 2653
7307 7887
9728 6284
3591 5902
7687 9247
8752 1318
9709 5706
9073 4515
2408 8822
8711 6867
1084 4847
6184 7929
7060 9137
5474 4973
2799 5950
2646 9149
336 1118
7382 187
3837 5843
8485 243
7298 4059
2537 657
2413 3559
9775 6463
3381 5507
8268 5579
7077 8476
7896 3809
4449 667
3250 8672
634 7071
7641 6869
3817 1783
4419 6891
7838 9760
436 3629
7786 925
8323 3048
4530 5715
2707 9542
1309 1310
1390 9925
6271 7664
3251 4294
1939 8423
7517 5568
4293 567
6568 6226
7785 6306
2087 7456
2266 1415
2763 2905
3629 1314
1853 3191
7219 9496
217 4366
9607 6230
9605 2754
5156 3739
6227 2619
673 7352
3516 5022
650 7224
2941 7923
4963 6945
542 6438
218 9967
9522 9003
9220 9071
3247 6173
7665 3818
1336 5857
8597 865
8850 1186
3829 8215
6440 6248
3570 1098
2114 3415
7017 6736
5325 4649
1744 9410
9167 6012
8099 9049
7794 6549
6966 882
1267 5209
7880 6634
7239 7124
3147 2279
3480 4365
5219 2467
1413 7078
3012 160
4958 8912
6368 6041
9531 5292
2401 4046
4915 3809
4527 5848
7994 3372
3587 7987
1603 1382
5147 4281
3290 3706
6198 7922
2513 7597
710 5681
9073 2412
5286 1203
3649 7563
9062 9824
4118 4393
7631 7779
3101 3533
5170 8864
968 6901
8026 9494
9743 3172
1602 7506
6523 2386
3269 648
1890 178
6097 7653
3020 6022
1711 1774
5274 6608
7940 8945
8716 1320
4197 8352
8851 9497
6625 1068
4405 9745
8955 3920
2816 1102
7344 4273
4080 8042
263 714
3977 6764
62 2950
1271 3284
564 804
434 6838
4655 188
3054 3361
7326 8780
635 4607
9726 4217
2954 7573
1055 9600
6633 1969
3898 6372
6736 6618
158 8067
7293 544
6581 4366
2261 5754
6667 3859
8141 938
7982 5341
9745 5130
3708 3399
2220 721
5054 1037
3377 9685
8495 6045
9369 1378
643 8418
5028 6641
3094 2438
6685 465
4597 1756
8292 719
4982 6125
97 4403
572 3829
2719 7038
3212 1125
8985 4338
9443 7905
7532 7223
1738 9566
3553 5276
6787 2427
2277 1669
1642 8088
734 559
8517 613
9790 4912
7535 6064
8444 1563
3147 7439
6156 7263
8252 8423
4127 1865
3797 5043
6664 7817
783 1637
1571 7161
9891 2843
3706 194
1808 3645
302 4929
4338 387
9926 1551
8435 6286
9089 7425
8045 7728
6724 6410
5593 817
8267 2695
2068 9956
7636 9053
1044 2426
5136 8166
6469 3985
6518 8075
3151 4356
7339 372
6483 7751
8185 2892
4845 2064
1519 5863
2474 1179
6592 3805
4495 3863
7913 7591
7265 1218
4848 4678
5778 6023
3322 1635
4435 7490
8417 3472
2157 7448
4271 817
6731 3337
2494 7622
7458 1920
8233 2927
6367 2749
4414 6750
6257 6639
5586 4767
5840 6599
8820 2957
4216 3408
4781 4172
9454 8634
9492 6788
5931 8979
3585 6536
8199 462
3706 3295
4645 3073
9388 3276
4164 5411
3643 5754
8328 144
4829 4041
6165 45
623 4143
2745 7395
811 3676
8930 1332
7635 4848
4521 579
8023 8729
1824 6761
4816 4064
821 6043
8480 5660
5155 6333
6780 1455
8875 7001
9355 7436
7206 6327
7802 2284
4552 6605
747 6791
1959 1393
3359 2741
7584 9130
8174 820
3464 103
3888 9886
9767 4173
1458 9117
6790 8505
9709 8733
7338 6934
7130 3594
1252 1857
5138 2634
7288 1769
4121 4864
7747 3762
7316 7450
6707 2869
8489 780
9214 3934
7082 9256
9725 5817
8261 7459
6751 9813
66 5071
7998 3312
7105 5281
3079 7021
2133 7232
4 8405
79 623
3436 7247
401 6625
2960 1235
380 9085
8433 6322
8733 5125
2953 3352
9392 6212
7112 2680
2126 2262
1944 7852
2715 2133
9394 8063
8358 3214
3068 7045
3242 7990
3065 4217
2676 2979
2679 3294
4118 6540
6583 7989
493 8954
470 5074
5605 6767
83 6563
166 82
6722 4588
1505 4350
8433 9379
9891 1540
7034 3126
6028 363
3580 1572
2817 9292
1380 6730
7710 7322
6121 4122
7737 9075
8625 112
8444 7114
103 4823
3042 5162
4345 3656
5673 899
4029 4156
7032 9239
8133 6660
6176 7655
5161 5550
2943 8974
5305 2044
9958 9122
4313 2103
9210 3352
7042 6622
6487 5848
3106 2553
4811 9687
507 7443
7376 801
9840 9384
4243 9095
5449 854
6344 9933
801 1849
363 8429
9616 4036
2435 5031
4091 4027
6204 5969
1540 9938
9874 36
5059 5340
9770 8993
9639 2728
4215 7050
1227 6638
6900 5433
5780 9027
1592 5383
7298 8422
4490 9156
441 2552
2345 2960
7029 7353
4906 5071
8155 5394
9511 2747
7849 6578
4933 2817
3969 2732
7673 2588
7991 1332
2726 6285
6851 3330
8805 5872
9948 5343
887 6605
6231 3871
7730 7659
2751 1319
8096 9059
5632 4011
1168 7441
5036 5994
3645 3480
4637 6481
160 4437
5833 4737
9710 5226
2535 2481
5471 1168
5407 9131
2463 1630
9959 2169
4953 5732
5065 1065
616 2819
1878 9556
7924 557
4236 5086
8648 2854
7529 1429
4331 9618
3980 521
9676 6801
4990 5253
3430 5300
8200 7068
3451 1805
1294 9813
6745 7723
9168 8023
7934 6747
7530 4892
512 1328
6927 1909
4667 4061
3298 4289
6006 3470
6606 367
9018 165
1816 209
5247 3741
9931 5255
9363 3262
9539 1758
2264 3421
9422 9759
3604 1337
1332 6802
3081 1455
6192 313
2375 7269
179 3809
4252 4015
3719 8463
6400 1798
7696 661
9141 6491
5176 9941
3080 9463
6235 8404
9555 6863
2542 3299
1476 6672
47 6299
2151 7223
2296 4875
4372 1337
6663 149
8509 5842
5040 9991
588 2038
6698 6172
3829 6173
6909 554
4440 4590
7981 3671
4453 3891
1356 6007
6895 5280
5436 8792
7549 8091
8716 8440
6886 6961
6823 4059
2847 767
8182 8848
3873 1372
4634 4924
1480 9342
4363 6053
9866 5170
6349 4315
3529 6101
4558 9490
1779 4090
7376 1297
1084 1753
1122 9397
3523 4028
147 5417
9775 8089
2817 9113
1142 3710
4920 76
5643 7800
2338 455
8114 5730
9176 8287
9015 9633
6656 2777
4651 2666
1491 1924
7274 2952
3271 1822
4240 5996
1400 8716
3360 2244
6149 515
4209 6721
8626 5535
4719 1861
8245 5724
3936 5899
2352 5749
2018 4781
5716 5316
4828 8327
7032 9351
8699 9738
7596 9427
3532 6865
8994 650
3309 9176
725 1651
2879 5356
3838 8011
2268 2183
9561 7745
9637 1678
3574 5993
4109 8609
2363 6737
236 1503
3150 5665
3613 7984
5807 8968
6689 6776
5676 9848
640 969
8716 8243
2500 2080
5611 122
5590 5100
184 5894
7416 3487
8141 9227
1790 8133
6955 8512
8825 7807
8334 9
2384 4374
1879 9440
9287 5089
2611 2558
7214 7609
3418 6327
6710 3028
8413 1669
848 9715
2660 4723
4783 8429
479 4498
8029 4564
930 6391
1375 5386
5157 3286
5800 7785
4858 3109
5023 6090
8876 5896
9044 1053
7701 3964
9564 5213
9106 3428
4203 9716
6423 7756
713 3297
4431 9195
6004 6151
393 9131
2166 7380
5545 6176
4722 1511
1419 2589
9463 4423
7782 6423
6568 192
5391 5972
6369 5180
6861 716
9950 9078
4195 9850
256 3902
4241 8173
9249 6823
390 8548
6144 1374
1433 938
666 9101
4385 4869
9574 9028
1798 7325
1916 2037
6941 5414
662 8792
5228 9828
2448 3457
4231 1472
9799 3970
4051 2642
1793 974
1614 874
9525 721
2098 9701
5829 7728
7834 6566
2402 9228
4533 5121
9251 7762
8832 9490
4652 5812
7111 3997
8668 2053
3627 486
1857 5183
4286 5417
9100 751
8165 2638
6802 8620
312 5906
7044 4537
2928 9401
7438 7524
3941 1610
2470 7322
5304 2506
1112 5073
6445 3106
5288 509
9015 5702
7195 4527
8868 526
7552 4676
4158 7664
1010 3043
65 7294
6494 2622
4063 4665
4251 8744
8031 808
3468 4789
1719 9245
1539 6535
1140 6011
1630 9493
6955 9654
9700 676
370 6016
9669 7814
9608 467
5698 5454
829 821
6448 7206
7174 7312
4312 7307
5821 1222
478 9579
2446 3936
3398 1331
3556 5740
8816 6110
2508 9214
7759 7851
2546 8123
4460 5812
7746 1399
8191 8073
1231 4454
6757 2388
335 2434
825 4375
2060 9096
197 9775
7358 1790
253 9999
26 7882
1366 8749
4573 6144
4169 1470
3014 9099
8177 3856
2750 3786
8211 7190
4587 7721
8043 4003
354 716
7015 3454
9102 2294
7778 9164
4498 6233
3085 3647
1196 6327
539 8205
9531 8117
7456 9277
475 187
4070 1482
8651 3978
3840 5757
5342 625
1468 5827
4100 3894
1866 4465
1091 3295
4001 6431
1546 737
4384 6773
7632 4661
8930 96
783 7288
3511 7691
2755 8817
4816 2109
2008 4451
2041 8820
1323 5122
3968 9633
5558 101
5024 2724
1479 7236
3140 5359
8540 7889
7383 2956
6541 5309
3294 1609
4565 622
2203 3717
1237 2678
2999 5874
4197 4821
3175 6637
5853 2926
3238 700
2594 3741
7369 1180
1112 5685
8245 1999
8025 4021
4595 3617
8953 5944
7427 6343
4315 7519
3891 2992
8906 5463
6587 9592
4280 4865
6972 5672
7726 4466
4609 4227
7243 3309
6794 8839
1329 2849
8114 1581
5107 7618
7629 4354
1255 3209
2330 1137
5531 3409
3449 4374
2899 5395
8718 9756
6123 2254
3365 1808
8129 481
5154 2734
8766 9359
1092 3343
3659 1354
4768 2552
1186 7345
7764 5521
6872 5407
6674 9061
6986 7653
8503 2067
8787 7241
3586 796
4597 2025
9995 957
6251 5243
854 8363
5425 5916
6065 8792
458 4757
5824 5166
6395 5484
1087 9607
5506 261
1855 550
3693 7558
3503 959
8733 4355
7618 7680
6709 6753
5955 1484
3911 4171
3070 9395
3889 2870
9654 7703
5895 5646
7928 3876
2839 8783
9690 2957
4714 5716
4551 897
4767 8534
3947 5509
996 9705
830 6263
3264 8813
8015 2905
5248 6864
6435 941
7878 1972
8414 8017
1338 1036
357 2187
8695 6574
5472 5789
802 3221
6764 4788
9987 2817
6943 514
1257 6798
5199 5234
6336 3305
3988 8878
8097 8377
2610 5853
8979 53
2205 552
4818 1426
2686 6612
1169 3531
9010 6298
7209 4670
6894 1471
1894 1793
4792 3910
2398 5977
4698 3159
2504 7375
8153 1323
1049 7883
2865 3815
7227 5207
655 1627
803 7190
6542 7719
9741 3262
5116 3253
6927 458
6840 900
2583 6084
1574 5345
1664 580
9234 3603
6094 6866
7800 77
3957 869
7510 4863
4226 6032
1360 878
262 7580
2459 4820
750 6113
4506 5978
9427 5611
1318 9731
4122 4045
9842 4856
2731 5949
2673 3742
8804 4674
8747 8123
201 1460
6909 9764
9655 9215
8729 5950
9209 3001
5369 1654
9299 185
3329 2569
4744 1398
7921 5386
1320 7071
5022 4212
7622 6110
6657 9866
441 6704
1061 3650
6004 159
8912 1499
2849 6632
4294 4804
758 7609
1380 6072
3876 1941
4751 7091
9694 4677
1850 5188
7449 5271
5365 2712
7339 9887
4147 6889
1437 9310
3476 3292
6353 4477
6848 9251
7835 8741
947 5673
4476 9706
4222 2996
4480 8197
7760 3827
5808 8666
4319 3302
5142 8057
6198 7077
5640 5647
2432 8223
3650 1217
610 1873
3346 5424
7511 6169
3471 1443
4306 6693
8005 2510
7332 3699
3502 5093
6310 6880
208 3670
3733 6721
6767 9575
9386 3721
1309 529
6961 2324
5494 4572
7085 7809
107 5009
372 3745
2596 914
8641 5722
863 1292
6829 4636
3735 476
7011 8111
2465 3659
7552 6327
3426 8479
1874 8367
6801 3263
5977 2302
3457 529
7412 3935
814 9065
7700 1215
8982 5894
244 6295
6622 673
7454 8660
2103 7729
531 5742
1960 2412
2900 9839
3318 9088
2696 6956
4938 4618
6954 9654
5169 1273
5397 9746
4524 9719
2134 5657
1642 5363
6478 6358
6298 6510
6956 5010
6249 526
6000 5353
8779 651
981 6362
7402 3310
6745 1646
3346 8996
7022 8776
2991 1266
5923 2217
8042 5612
9173 7995
2752 6805
3675 8890
9309 24
8242 5951
803 6573
186 7777
8008 9952
8064 6459
1954 310
8065 8999
9788 6406
524 5612
9571 4402
3677 4335
1917 5217
8584 7146
4937 2516
9358 3077
3239 3525
8189 7791
4023 3868
7073 9384
5192 1672
2626 7016
2624 3267
3749 7477
8529 9805
6488 4476
2491 4561
5601 1256
1247 7271
8096 7786
6522 9051
6450 9961
3879 1695
65 3580
3569 4822
4788 6312
5357 2610
573 523
4150 6419
2452 1929
8849 3048
6144 7819
7470 5232
5070 995
7830 6581
350 8199
3028 7801
7348 8160
3351 1460
4185 1910
8271 263
1389 2821
4860 3971
9208 2411
3137 4065
6292 9384
9783 8193
6474 8325
9947 787
6196 6904
5711 5320
9394 3504
646 2071
2496 2931
8649 5300
3929 2569
4916 1562
9665 4870
5691 6645
624 6670
420 8205
6546 1544
4962 3020
6820 9117
1647 9197
1846 9390
3312 5324
2535 5203
7085 2221
3598 5175
3311 153
134 4568
2650 5794
6887 8383
7570 4132
8403 5761
1796 5468
8097 305
1540 4241
6078 6156
5276 9574
9836 2359
718 212
8527 958
305 2068
6123 2512
9180 2038
1911 336
2845 5700
569 6437
7252 6758
5325 2453
3196 382
9595 3331
5996 6735
9912 7796
6034 8141
7906 4241
3929 7287
1417 1234
3314 282
859 4386
5332 3815
893 704
1458 9880
9772 7223
4174 9305
3304 2906
4856 5877
3152 5271
4085 6430
7048 8255
2328 6923
1310 8504
1358 7424
1050 7631
9869 7971
6473 7854
5030 8238
7768 3285
7329 8547
704 472
7561 3074
4577 7219
563 3816
7485 295
2304 943
7727 6519
7138 45
4818 6254
1116 44
6383 2840
5154 3035
1027 1504
4565 3402
9378 3698
7688 7060
3315 7586
5343 2825
1242 1373
5022 5385
4088 9378
5686 3646
5402 4282
3790 1945
7357 4237
7159 7128
9076 1147
9259 144
3419 8349
1356 6871
2041 6198
5196 5637
4025 7954
6933 2287
9933 6456
6316 8888
5177 1542
1933 9641
5915 6155
6685 13
1664 4595
5751 956
3019 4873
6715 1772
7347 4774
8076 3252
2957 1451
7550 6701
2132 4161
880 3564
5232 5936
4899 6540
7371 7876
2079 2139
3237 7379
7755 6351
8078 4120
4683 5559
5175 4563
5552 8670
8767 1071
375 8584
9501 7101
6393 3492
6666 6130
7998 7614
9533 9596
9630 709
1161 1944
7691 7851
2841 4445
1106 6406
8251 1822
6927 5771
4315 4247
3631 5043
3086 9031
3865 4319
4535 8641
9403 9762
284 253
3722 2725
7742 8331
8277 8867
6711 4842
7481 3631
626 7655
3668 4034
1704 3865
3013 9813
9911 8478
7868 2253
7945 7856
8957 3792
108 5962
1567 429
633 8694
881 4399
3001 1682
9275 4501
3731 5348
6545 8620
6937 3130
928 1772
7851 5205
1675 2226
1534 4598
544 731
7805 9664
1568 7352
5568 3359
391 4407
8300 6027
1917 3705
4862 6962
3752 2382
3769 8609
3032 192
5497 7798
5033 6831
8167 6009
3813 6237
719 6783
889 8729
3913 2697
2353 8246
6438 87
8248 7505
6125 2849
5930 1315
8635 7469
3612 6884
6238 7171
2468 2790
7812 3079
6144 8824
6800 8557
3462 5729
4319 4323
2099 1806
786 9630
745 1214
1647 966
1226 6410
4165 3459
7541 2426
5088 6142
7954 4578
9627 1048
9329 8926
6552 1469
6032 4859
5548 526
3855 1300
6050 5184
4443 1799
319 4440
5107 3326
5960 8491
5376 4891
8017 6715
1070 9870
8158 3826
4814 3022
4822 7483
9882 4289
1954 536
2480 956
3545 5072
8388 4437
6345 1849
6590 8994
5035 7690
3636 7109
7461 5622
9422 6789
599 284
3152 1882
5686 7006
4952 37
8826 1254
2407 755
2358 6160
5657 7450
7511 7944
8805 2861
6259 3116
2216 3900
7229 2559
9867 5854
2392 355
1312 7006
1889 5835
7478 1534
4913 1298
4152 7226
6702 7366
9448 8792
1584 6239
3302 1717
4545 5882
2599 2109
4767 7343
1308 6649
4351 929
9937 1989
1569 768
4174 59
2739 3443
6058 5552
1662 6093
3814 7329
9459 4666
680 3619
7584 7118
9574 9531
5820 353
4876 9053
5149 2209
4238 9830
4146 5795
7500 3426
151 5895
6775 4739
4750 7176
7346 8866
4077 4160
6963 4714
8483 8638
6273 120
1661 5202
7791 7382
1383 8517
7136 3926
4807 2231
8426 5582
3804 5594
8985 5554
8080 5432
7046 8410
73 6212
7011 4773
926 6290
298 6260
8793 6880
270 1126
5891 4219
8426 4068
2257 5706
3120 7435
184 3396
8299 7286
564 7572
9302 9182
7958 4481
8731 4880
7883 6605
119 1398
467 3488
3504 2209
1290 4900
4829 2136
3832 1872
4219 9900
40 9454
3246 3165
8349 8830
3776 5919
3521 8361
1250 3838
6167 346
8812 8838
9452 8065
5494 9113
584 5694
1683 5777
5133 9904
7336 4166
2154 238
3811 2520
3718 8662
4517 9405
2068 5811
9413 8954
8427 7278
5302 5615
5009 1124
7631 8432
6931 3263
1219 2898
468 7037
6647 7128
7550 7187
8551 3011
1358 8729
481 3040
604 5209
1672 5109
3166 1074
838 1238
8957 294
7577 7417
142 626
9656 4384
2670 8433
4049 5535
8389 7027
4808 317
3039 3974
6618 2253
3886 3732
9246 151
4058 5311
8476 5320
3804 2442
3313 5078
2424 9671
6792 2151
7505 569
348 7721
9303 2510
6580 994
9231 8050
5249 1599
4882 3064
5895 8702
7447 2853
6341 8550
2659 9773
7945 2325
6905 6070
6204 6177
5288 2758
806 7285
3432 8750
3413 1767
1063 1661
5009 6181
7062 6770
6270 702
8539 5444
7621 300
9217 7177
2701 5052
3186 9121
9753 6458
6607 2784
8878 7138
3296 9463
5308 4672
1516 3505
7143 682
4324 8521
4158 3595
7261 9993
6214 9905
9710 3129
1834 2245
6000 3916
7008 3469
7102 1760
6022 2023
8083 5772
5496 6509
7748 2926
140 5633
918 5632
6848 1960
144 1559
5424 5800
8300 506
3599 5352
5706 7278
3446 4688
5161 1344
2123 2308
7022 1135
152 5007
4857 8598
5229 6153
8578 3130
9044 5442
4488 6212
88 5227
8737 8609
9647 3691
9126 9310
8941 1639
1595 8598
8937 1194
824 33
2275 723
677 2603
2946 7530
1285 9129
5004 447
1887 3588
3083 4247
8537 7520
8595 878
3924 5945
6125 1644
6664 3986
4242 4617
3476 3304
9336 6815
885 7738
8927 1453
8448 6071
7223 8333
1189 1905
6749 7910
7428 3133
7819 7338
6984 4534
6395 5112
9735 5765
1599 3548
2766 920
4677 6090
2746 5219
8225 5619
6687 7470
8841 4274
6466 8237
6839 3554
3587 5471
9655 6719
3486 5668
3548 3271
7789 3315
9673 1556
331 554
7927 3125
1284 2480
2859 6042
3838 758
9346 3972
1120 114
7578 3281
4165 7781
645 9957
2204 5570
4338 461
9671 8264
1598 2501
5873 6212
6987 4062
6030 3243
5450 1306
4690 5418
1189 6258
3449 6226
3108 467
4043 5133
8874 2181
3739 4281
7677 3193
5164 4097
841 3562
1226 5686
1216 6016
5534 2640
3046 5662
9298 2325
4584 2043
6831 2451
2844 8311
2151 4754
2852 4977
974 9144
5139 3507
3803 7761
4052 4486
2294 1257
9300 9206
6267 7521
7433 207
2816 8776
6859 8741
817 5399
2655 8454
3172 85
1980 6625
2305 69
2993 4494
2329 113
8256 2551
1705 6644
537 5659
1158 8883
7737 4087
2356 6130
3486 7508
6596 1352
2825 6627
4555 5240
8366 1503
2993 1715
8596 7122
9012 2650
225 8310
481 4375
6267 537
622 8616
3027 7565
9559 3100
7785 5456
9823 9293
7318 9571
9967 3806
7650 9757
2823 9962
7547 4571
3158 1611
4242 7737
7875 6815
7335 9342
9386 6237
194 8011
7069 1568
8202 4424
160 8652
5803 1169
6121 5222
7071 7107
414 6196
2040 6326
4881 6427
383 7145
3235 1294
4889 9066
6796 816
1554 3027
321 1630
6131 7819
2200 6797
7798 9475
9738 6421
9582 1986
8829 6595
9779 5052
1546 8810
988 1391
7225 8472
2128 2406
5065 9194
7015 7375
6684 8928
6294 9264
7012 1867
1053 3889
7795 6002
6657 8139
9936 2719
4864 5497
414 713
4756 897
4401 6118
8723 81
8718 6440
841 3447
8262 430
6258 7376
351 9729
4415 3224
6092 4267
2051 1332
6781 2493
5052 1100
8457 9142
3808 7737
956 1967
4442 4185
7235 5348
1854 6404
7153 8958
1187 1869
7939 709
7527 8607
2261 205
2114 3588
1896 4984
8317 8735
6635 7672
454 3816
6903 2841
5672 5615
8371 7338
2912 2536
2563 4908
5258 2699
7687 2416
2615 2883
7106 3001
3521 3413
7138 8726
8027 7560
1484 4172
2461 1336
9944 990
6334 1130
2298 8920
9098 4060
9433 2636
6750 752
9013 1325
8144 4324
2763 9701
1889 5238
1313 6356
2840 2996
9553 6083
8529 887
4460 1719
1223 3395
7707 9432
277 134
5178 8350
9608 6641
9680 8166
2261 8454
7614 2028
2565 5524
1220 2571
2328 9437
1896 1873
1836 7015
3941 2427
583 5625
7403 9736
2129 6591
2918 1197
4568 9101
7475 4318
2191 3529
2864 5035
3187 7995
7367 6908
5693 2844
5362 207
3728 2744
9337 6864
4745 361
2699 3759
8758 2825
2186 1972
5934 6489
1558 7576
8706 9191
7380 5920
2798 2436
8027 4084
4298 5612
9345 714
8749 9277
6600 8295
7171 9699
9891 9378
4602 7240
8007 5764
936 5139
5310 8261
9405 716
742 4014
9198 5166
2034 4481
6355 5615
5747 9369
5457 3313
6711 4823
5463 8471
7251 467
2548 8241
6526 7568
7144 6297
7264 5924
6524 3485
7162 5700
6549 1531
9358 2952
333 5542
6616 8794
8995 3001
755 8978
4513 6863
3474 7001
5789 6525
9583 6107
3371 9477
1108 6449
3360 2713
8373 4096
504 910
6225 6703
9144 9862
5407 4993
3967 1467
9091 1529
3715 9268
2282 1324
674 5818
2847 1614
2099 7069
3795 8985
9234 9187
4717 7125
7659 6871
6108 1782
9483 30
119 7024
9469 6073
8856 7376
5508 2764
9981 1359
2633 3931
9127 8224
3311 7290
2599 1997
4756 8034
3125 1700
4674 7912
704 8645
3851 1131
4639 7937
3958 4081
5891 1326
497 610
1119 4957
3124 3150
8489 6218
721 1667
6701 2363
1182 9917
8871 422
6953 5691
6044 6568
6218 5698
7863 3397
9263 6645
1019 9325
1801 8327
6835 2741
6131 8211
1782 7693
846 2705
8008 9994
3869 9585
8348 9790
853 3522
6864 1475
7397 1520
7166 7176
1657 9423
8686 3286
8758 3792
4482 9957
1696 3022
2444 4258
6884 5369
4045 8411
5128 5365
3601 2718
7872 2166
6441 4040
8304 9400
612 6938
5785 7895
1201 5530
6842 6493
2248 5503
8423 5177
6142 5704
8980 1543
8759 3437
3489 724
6691 7369
9850 6677
5776 4921
6199 5413
2016 9488
6218 3289
5861 5871
759 389
5550 7333
7971 200
8892 4295
7920 133
7175 7281
7001 1072
3645 4913
6239 8204
9410 6243
2248 7477
4266 2580
1479 2120
8683 4749
6321 1247
5466 720
4164 6196
3514 7305
5232 3252
6552 1681
4895 5739
9552 8316
2659 5836
8425 6181
4533 2512
1166 159
4597 2245
5592 8234
4077 3119
4458 5851
7347 7945
945 4710
5556 9875
3389 9469
3442 1837
1990 2223
4041 6045
3126 4670
9932 8947
9442 9057
7229 8070
8963 4954
1955 4140
3211 6361
4406 8453
7003 4355
2088 6866
3308 2878
1204 3858
4838 1625
1953 7088
4830 8766
4909 3118
6691 1549
7124 6659
688 3672
483 4761
2691 4816
8502 2510
8054 8918
1196 1225
5859 3016
3891 9766
9209 9174
7317 7715
3023 7354
784 7559
3841 8151
1215 9273
8500 6408
1961 9672
5961 3565
5483 5987
6513 2733
9554 8837
9470 4781
6362 462
2693 9955
5745 4879
1175 1333
2425 7865
7011 5289
7239 6310
1112 6449
7847 8686
130 4249
970 3930
3921 5152
5284 7986
9965 5210
7398 6615
5312 2335
6324 2754
2364 8678
6128 1828
572 2744
6346 4501
354 6217
3932 2613
8598 5106
8670 7726
4860 7069
1714 7386
8578 4492
7210 3937
5054 1666
5688 4581
8280 5557
248 686
2389 8797
5706 9090
6310 1911
5278 7434
8704 2020
2433 5027
8989 4013
6569 694
1509 5762
2023 4201
1136 8203
4662 3096
7439 459
8067 582
5123 2643
1997 3351
5530 3422
6667 2236
85 567
8778 7166
5128 2438
5812 6601
318 5329
1634 8522
4143 4715
5917 4963
3740 3451
5542 5085
944 215
6894 394
5113 2228
4401 261
9043 2056
4628 3665
5250 3589
435 4164
2547 838
248 9354
3304 8457
5033 8952
43 8091
729 5742
5221 9473
4354 9738
717 9044
1805 2675
9034 9164
2552 846
1826 9968
7042 1235
1390 621
694 5348
7284 5077
1844 6900
1586 1296
6882 3082
3780 3964
1462 5786
2257 4947
9468 7064
7388 8543
6243 6461
4209 8316
8952 8852
798 9903
8012 1463
1150 9570
5758 73
5124 5080
6761 5545
1999 1114
1609 32
2779 7369
8326 3762
7943 6444
6315 3197
7835 9156
6168 8267
8560 9116
5696 8925
5433 8319
1476 9584
1762 9470
5247 2218
7294 4027
2424 7978
4376 7502
8944 7600
9072 837
7998 2669
5503 539
7508 182
480 965
9205 238
8739 6355
518 4761
9873 2839
8721 333
3998 1324
9979 2658
2066 9714
8916 7554
7690 1688
4215 499
4749 4660
5197 4044
2216 7050
9576 9004
9681 5615
5020 6250
3428 3620
7090 8080
3807 1659
4084 4548
3772 4844
7656 1340
5268 5932
6474 5700
2822 3895
9788 8101
1065 8949
1812 4150
1446 5282
5545 2789
6279 3803
3604 9005
1524 9040
7576 1257
9602 6492
6406 3348
5987 3303
7954 5046
1162 3336
7405 3895
1590 6591
2778 510
7108 144
3994 1363
4823 4214
7108 3361
811 9387
9036 3495
8918 2494
6988 426
6356 3960
6763 3033
2691 7065
2857 4420
7121 4587
9790 5836
7222 3106
4036 1007
6803 3444
2992 7853
73 5480
1694 2949
6408 4025
8319 1256
894 2452
4243 8024
4776 7313
4294 9801
6434 3647
7883 5997
6833 487
6234 3395
2454 4759
5657 7740
6952 903
6568 8315
2334 185
1260 858
2554 5947
9437 8617
1540 4937
8861 331
431 3409
8287 2703
36 3540
5420 2090
2092 9464
3730 6121
4159 5168
84 8832
6731 216
6667 8341
8509 4348
2629 4604
825 5304
4851 2526
8833 2028
3191 2134
5803 7641
5267 5522
4214 4054
9009 4266
5428 739
994 9286
957 1446
1228 6771
5928 2202
393 7672
295 7799
3086 5489
1634 5142
2195 1508
4796 2
2885 5757
1184 2710
2033 2533
4810 4335
8747 9111
8753 2062
1382 451
2875 4905
3576 922
8619 2686
6716 2035
1901 8475
2543 7379
4540 8594
9361 4802
2200 4345
6719 6886
5249 8692
1141 6192
3446 39
8602 9987
9561 1766
328 3860
8977 1005
3470 7383
3813 7034
9504 697
4243 5289
856 8689
207 2040
6077 2116
4103 7099
7362 8994
9611 5182
5605 2064
2964 9043
2627 6938
889 6070
7580 8369
7656 1958
9004 5246
3330 7728
2656 5133
3495 8494
962 1657
7113 5167
8614 9078
1706 3990
8337 9323
2366 6952
3193 3344
5315 5511
3621 8126
7596 8128
3180 8829
943 1946
4757 7298
1021 8494
5389 3603
27 6978
8983 7083
1100 2786
5119 1867
7136 8044
7783 1717
2294 5720
8400 8384
1139 8424
9520 6699
3419 7601
155 7302
5983 1886
7038 8921
3812 3364
6666 3340
9811 4278
9972 6301
9516 8279
9721 3312
7277 5820
8798 9996
2084 3876
7809 9257
5330 9653
7214 5044
6207 2751
1606 7981
1258 9547
4892 1720
1956 4780
2811 86
274 3441
2044 6919
8158 4176
5730 1348
2308 6098
9491 3230
3412 7561
4749 714
7384 1564
5342 4028
4503 5965
3063 6275
4557 1625
188 1844
5567 2525
3401 8040
96 6563
4437 5287
1497 1874
4914 6281
519 6220
5463 7010
3818 7696
9124 4354
5338 4655
4211 5064
7543 266
7789 4629
7154 1718
5262 9998
4612 2648
9780 5657
622 7595
6603 538
2300 5656
52 4747
7483 6174
1542 878
215 8944
3231 7816
1263 8683
772 4714
6375 9511
7005 9983
3425 6287
5030 175
7042 7943
71 4123
7519 5550
8376 4065
6985 3880
536 1180
9074 7981
983 2051
3626 8295
2102 5028
7925 4263
7193 106
8254 7221
550 1804
8571 78
4291 3928
8473 7963
7342 6546
6272 7917
1839 6696
8358 7936
8668 1234
9522 3142
6143 8080
5642 7892
1737 4600
7949 4175
3242 8934
4785 3211
6607 7042
4811 2645
3604 1919
9470 8580
6951 1917
2048 7390
6960 9592
3192 7901
9950 8631
7829 2064
8350 7030
6495 5377
5140 4697
9736 5180
4761 1144
3925 455
6689 1337
359 2302
85 2879
1291 6376
1901 9969
5862 1035
6271 4926
7573 6772
816 5131
4211 8938
3114 3577
2775 7186
3728 9015
5006 6563
2227 7822
5924 6764
1756 617
2029 2964
4073 5898
9197 7874
2941 5217
3289 5574
2322 8017
692 1336
9378 1117
4209 2900
3325 1480
936 4500
2593 8174
4198 7747
3495 1116
3248 9337
7106 4031
7238 2299
8431 5786
9483 9594
2705 4308
7866 9773
522 8250
6043 6393
743 7166
58 1245
3242 558
19 1151
621 5976
217 2550
9341 4506
1089 8531
4025 2515
1512 1626
3493 3829
5037 2585
3141 495
660 446
195 5383
8553 5818
2313 5715
8442 4929
5874 1796
6440 2918
2940 9289
2809 9951
1037 6990
1949 4869
3842 790
4274 6921
7179 3760
9448 9549
6442 8689
1275 1308
6675 4603
3807 5589
6406 2635
8447 3530
4622 5594
318 2807
3035 8712
6486 2971
1020 8136
3396 5178
2805 3183
7366 9580
4001 2408
9371 7429
3062 6714
5215 9059
3609 7413
3621 9508
6754 4028
2106 8810
1483 6776
9136 3259
9399 8095
6008 7200
7051 9324
3553 3448
4226 7129
7433 8789
9859 6121
8823 7542
5702 5538
5494 4030
3700 5919
1240 262
3193 4500
6032 2245
1555 4884
4095 7653
765 4209
2279 1506
4295 5935
3142 3703
6290 9664
7841 4562
2976 2475
4574 3217
9669 7948
8367 7926
3228 899
9111 9056
9154 424
3330 2740
7134 9726
8044 7045
3071 9660
796 3154
500 6744
1356 1362
7221 3854
9474 9558
862 8314
4929 2970
3053 8492
9269 4223
2049 5729
5821 265
5227 2647
9767 7659
7839 5886
7682 3469
4187 934
3606 9574
5178 1762
8744 6742
8849 1373
1592 5595
1356 4900
3038 2475
6680 3382
1268 4995
8257 146
5134 3673
6275 1653
428 6351
1431 7172
5970 4396
9406 1990
7084 9822
91 5043
3207 1910
111 51
3513 8673
355 5762
8194 1676
638 4624
7000 5764
765 8667
2224 6155
6842 5576
5310 1648
2796 8339
6622 4940
6383 7683
6712 6824
6955 4150
5122 4215
2861 8668
6743 185
427 6879
1241 658
4084 3708
4489 4623
8725 3324
5429 5808
33 9163
7493 9016
574 1319
4063 5788
3020 5294
6378 5303
1392 8948
2517 1461
8286 2027
2673 50
3288 5059
6048 8200
3045 2928
9761 876
3208 4324
3635 976
9110 7698
396 5028
1819 3736
3636 3285
1780 2453
794 9044
5856 8781
1854 7761
5462 9096
5909 5891
6913 1945
7913 9931
7793 7584
8415 5290
6345 6463
178 5512
6034 4199
5082 6021
2418 8893
9545 6375
7558 8626
6937 2946
689 7831
3631 9208
4301 7958
9846 7728
8294 8946
1795 7879
1981 8028
9475 4902
6732 3733
8777 2730
2698 8812
1016 1159
9511 9851
4479 9713
3288 1728
1416 9278
2064 7566
2302 269
3686 247
8323 6714
4212 8194
6996 1500
1998 9397
2559 4265
8036 1814
8476 8040
218 3214
6042 9076
9194 5294
5176 9175
2724 6938
3597 2608
3031 4673
9207 19
7350 4315
2214 9996
659 299
4786 5711
749 5496
202 8681
8876 7442
8768 3857
3396 9508
7912 3368
7495 3460
5844 8846
8170 3640
8795 4306
8376 8455
1912 9612
3185 7268
4973 2371
3358 7452
1352 8496
6989 595
807 6157
9351 9029
9626 9273
4111 3906
6231 4255
8458 1492
4354 2033
8474 9828
230 7517
3299 9898
5186 5733
8414 4731
4970 584
7042 9587
8414 5440
6949 8870
307 9463
2931 2880
4882 3764
7307 4290
3831 2055
6948 4971
5964 8599
4733 6442
205 4996
7968 3955
9192 2495
8916 5125
1657 6321
1524 316
4405 6750
9085 4176
8151 1480
3399 8966
2208 1791
4596 220
446 7559
4183 5807
9491 7724
8451 6919
3774 9071
6537 2465
5848 9867
7522 9398
2978 2639
1181 5747
3704 1949
8073 5108
3618 1722
8566 8897
4793 7560
1553 9336
265 8042
6770 8468
9962 8979
9284 2584
4616 3054
1194 6650
3417 1003
3871 5850
8663 5580
4032 5905
4464 8379
1673 9351
7970 2172
7057 7853
9383 8145
1897 7387
4238 5991
9718 8613
5833 631
656 3792
5088 492
1137 5321
3550 123
3811 2357
9531 2668
9297 9780
4623 2634
3094 2959
5092 6677
8145 3098
1813 3492
7081 3671
6898 2211
3971 1323
5104 6575
6732 9082
9335 8051
458 5526
720 7893
1217 7115
606 660
7666 3168
5937 22
5628 843
7564 8793
2746 6642
6039 3969
5154 8072
6759 334
712 9897
5947 5668
1724 9240
8107 11
5054 669
242 4698
2071 7505
1500 9604
7691 5211
2121 4267
91 2186
4241 5401
7904 3089
7057 9892
6907 659
1586 9672
8818 5616
8463 7486
6091 3103
4571 2329
924 6971
9555 6163
6961 3922
9787 525
4827 2247
8726 8195
2107 1500
6151 5503
9245 4110
2038 7964
9796 3896
5479 891
3265 3594
5572 3158
9436 708
1189 5364
5035 5584
6096 2422
1785 1826
7090 3919
2204 5047
5652 1805
5565 3378
1426 3538
918 6235
5372 5608
1326 770
2852 5120
4905 5534
4722 8347
8906 3391
9521 9494
8753 154
736 3984
5898 475
2145 6508
8464 3957
2083 6175
6731 7670
9197 3040
9242 4777
5306 2038
6216 2657
7162 8113
3909 1514
724 3330
9957 6408
865 9806
8991 2787
2397 8204
41 9677
2727 5531
6210 8977
7435 3442
6008 9249
9295 9682
2692 5285
3644 52
7051 9942
221 2764
5219 2418
6750 6396
5707 2333
7402 5989
834 1532
7465 7217
4015 6997
8981 3368
4204 3203
7995 6415
1594 1405
3465 1791
1371 1478
1258 9702
2203 5859
9162 1733
4067 670
886 8466
8535 4178
9967 2648
9290 6524
5523 2171
5627 1612
6310 4504
4631 8789
4961 699
9827 1845
7195 3834
1321 9735
9286 919
2637 2403
2226 5674
1135 5076
8067 2294
7001 4039
1334 7031
4581 5848
5022 7833
5648 2957
9844 3785
5796 9778
985 4459
8913 2179
9073 2900
5975 222
1866 5006
4640 4442
5648 8165
3437 8008
2717 2405
7315 1875
144 2743
9874 9818
7369 1955
5489 9195
4621 8930
8005 8829
5755 2349
2168 2160
1702 4781
4218 6017
2124 6298
719 1451
5555 6100
3669 6983
6161 5196
6258 6990
8610 2237
9071 7117
2576 1510
1610 1336
3340 3426
2363 9135
6091 9554
4389 3011
1017 8529
9852 3985
1763 8424
8455 6888
3546 1506
7073 7134
7673 8215
5933 7763
2823 3388
4640 7804
9218 6126
8690 2170
9679 846
7018 2618
7369 3103
2056 6602
9860 3904
64 7253
638 3305
2743 7913
5500 1876
3088 9911
1676 3756
6582 1312
3049 7292
5978 2394
7922 5941
7524 5789
8962 1892
4860 8856
1166 2969
5672 541
8551 8184
2376 7494
2627 3664
3638 5876
3467 7351
2272 1212
1520 3889
7516 8615
8612 6945
3727 3987
4223 9206
3454 9514
9200 1598
9421 1260
9693 835
5928 5977
6246 8230
62 2676
6219 4847
3314 9296
1223 335
55 4287
9446 9659
921 6265
1260 9842
3062 1957
7102 1656
7515 9279
1844 2084
3911 701
4194 8730
8697 4983
2191 3981
3693 7236
9091 7560
9842 1694
2802 2639
2850 6421
6401 2156
2847 7757
8314 2993
4025 1855
5471 6072
2603 6053
7893 4820
4733 4136
9093 2581
6132 9680
4777 9154
5604 1916
6773 5442
2103 3835
2888 3440
2598 5104
217 9981
7077 7145
5035 654
10 4417
3259 8861
4056 8059
4052 7267
5424 4691
2758 8340
682 1688
8133 9058
7614 1276
6036 5289
5534 9737
7549 8938
5725 4964
1002 1020
8786 102
7752 7764
8985 5292
8230 7814
279 6051
905 798
1319 7815
9063 354
7893 7470
9615 3712
6975 9971
9583 5318
1686 4039
2708 1923
6949 2698
1275 211
9858 7514
5616 775
2931 7793
1232 5077
829 1860
3951 6618
6223 3261
5069 9367
3854 7102
4456 8410
1324 2603
2015 1825
6794 9083
6521 7994
1366 6591
7429 4065
9188 3455
8098 3733
4418 8328
4013 5627
2891 4253
3113 8506
6204 3617
3757 7617
1550 5643
5639 5420
2061 2839
2955 9583
5879 1608
2433 9821
7914 4971
7469 7318
6362 1369
8687 8407
6887 5877
8767 2037
5646 9987
110 9418
9596 2396
6032 5139
5378 7097
3295 7515
9452 6373
1554 9214
8405 7981
5360 9240
843 1075
4053 5618
2720 9845
921 8898
3454 4942
6382 8558
6059 2356
2992 9077
9583 7059
2716 5768
8094 4152
5675 5738
4670 487
7537 4893
4638 7717
8844 7815
3296 1116
253 4149
8846 3712
1348 1
2831 6123
2235 6667
8264 852
7528 4588
9891 9537
2585 4841
8336 2302
4353 8403
9141 255
5540 4598
7655 3613
467 8708
3902 6851
4632 620
2948 5353
1575 835
4632 4793
4361 6678
1190 3549
4842 8364
3204 4285
5962 7154
528 2560
2613 5520
7187 119
6053 9915
9789 1602
2071 6077
7884 9462
1616 9105
5473 6949
7762 8033
5484 2848
7650 1482
2576 4772
9401 6273
7560 7480
8700 4022
4599 4962
9789 3661
7497 9512
1973 5288
6780 1898
7259 9815
255 345
229 5831
1687 9892
3785 9451
9115 5483
2659 1986
3533 1970
8405 8314
1782 318
5728 9541
6939 1593
5687 1060
2709 2239
3663 7509
4460 691
3965 4227
365 460
691 9858
2136 1056
5197 5327
5008 9624
8141 8569
9313 8168
4614 1727
3290 7422
8538 4313
1433 1198
186 886
441 214
3993 3885
4393 9287
797 6689
3199 4418
445 5112
6801 4857
5537 8530
2604 7261
3877 2605
5900 3628
9256 3486
7129 6893
9336 5801
1016 5825
9104 5232
3097 7358
2693 1594
4557 7993
8240 2617
2085 9293
4216 6612
4807 4487
6790 8320
4915 9562
4695 2551
2728 9415
8373 2688
7892 932
6129 3691
6331 7548
4247 5709
4248 6768
2777 4545
6213 9176
2343 4097
2898 5045
8923 6313
9616 4724
2431 9375
8405 1972
8163 5742
6827 8015
9483 5755
3491 7758
2238 4017
635 5714
8227 9743
3933 516
933 2822
7525 6928
9299 5739
6185 7905
270 274
3364 3969
3779 925
8128 9806
4049 3171
6168 4932
5484 959
517 89
7136 1690
2701 4793
2072 4189
3508 1963
5678 5481
1583 3662
1081 8734
9835 8735
1888 6524
8786 7418
3384 112
4657 799
3559 8530
3042 4911
9515 8423
5171 5374
6637 7998
9565 5336
9725 2543
3873 7418
2324 5275
4490 2191
182 2408
6826 8761
9677 5236
4877 8541
2370 1686
7128 6376
1402 7521
8187 2598
3028 6423
2785 3314
8293 4406
1824 474
6732 3138
3965 6015
7515 7608
5949 6773
7913 8828
4730 5862
9747 8895
9564 8467
4230 2858
3821 3560
5110 9739
4076 6386
2410 5389
59 2865
7868 4078
7479 6430
6852 9903
4511 4710
7333 7030
3663 6101
4981 9562
9091 7547
538 741
520 6076
9160 4394
2144 5994
9902 7236
9142 2339
1177 1864
679 3576
3738 9231
4189 7979
7636 3370
4178 5607
5090 347
8882 1057
937 6676
5034 9182
7271 9379
6423 1159
8784 189
2947 9743
7692 4971
9126 2982
1650 4381
2612 8157
4678 4044
7595 1510
8787 5690
6548 6121
1873 7164
3469 3764
2506 8153
4409 7702
196 6538
3299 520
8800 170
7993 9586
7380 7215
3245 2317
1825 3570
3130 1672
9368 7466
2608 1103
546 3106
3913 4755
5791 8491
9299 7489
7628 7357
8681 6785
3588 7065
4939 306
2142 373
2453 3697
3449 9981
5698 222
1231 6785
9309 4310
4170 5443
8597 7295
5510 9496
5499 2556
1731 8045
6357 3456
8548 3849
160 753
2236 6141
4647 4273
7454 8118
3312 8250
3209 5173
7265 3504
5219 3668
1862 6058
3319 7632
1985 4472
2024 8742
3262 6728
5989 8739
6879 5417
5947 3826
2560 8257
2081 194
4144 9855
3606 7854
4642 6040
5537 6587
9725 864
3791 6182
925 8579
3030 9774
9788 6044
7279 6611
7535 8902
133 1838
3843 4583
3743 6686
1554 375
387 4459
2479 9919
3456 8029
1884 4060
8770 928
4951 9301
6273 2415
7602 5112
9289 4515
2777 7876
3666 7221
5537 268
9881 5975
3056 6227
7613 9858
7782 3203
7244 1540
4853 2603
8022 419
3806 569
4585 4869
1817 9673
6088 996
851 3642
4618 4465
7300 7988
3241 1584
1797 7085
8694 6725
9400 8995
8631 2060
539 279
3587 978
8162 8911
75 1152
2645 956
6541 904
6781 483
6240 1243
948 8286
2616 8123
4579 4882
7527 9228
621 565
567 5805
7718 9109
1533 7086
8224 9717
985 4319
4873 9273
1585 1626
1387 5718
10 2003
6865 8035
4165 7229
3195 9578
4784 2447
9448 4759
6570 9589
4926 6260
9532 1718
5724 1145
7577 8628
1669 4950
4805 8812
5466 1636
2658 6343
2882 5222
3568 1513
3044 1884
7381 1390
7772 8206
2791 3180
6939 2996
2391 9882
4644 389
4747 207
910 1113
5304 44
1545 5652
5265 5296
6350 854
3980 6715
8543 3187
1709 3782
1834 3612
3747 212
8255 2331
3750 4778
2268 1542
2719 1222
8063 7253
4152 5093
5927 9474
1415 7668
8252 5892
3975 8451
9005 2489
951 5687
822 5136
324 3662
7988 8626
9171 5422
2643 5774
8335 9211
6919 5413
8113 3235
389 258
1302 9665
7053 5042
935 6349
8128 6547
5402 152
3808 6542
9366 7205
849 9521
1381 4142
3827 3712
2350 4690
4887 9643
6993 8960
8062 5423
1628 6237
88 7330
4942 8957
7006 9880
5432 6184
2157 3310
8323 2652
474 163
7052 7281
8507 1311
6082 4919
5639 5146
5720 7740
9858 9729
9669 916
3158 8595
180 3700
6837 8486
7981 8709
4554 4689
7886 853
6180 2274
2016 2342
6970 1734
9514 2187
6795 5620
427 4746
4533 1605
4565 6512
2093 2944
4678 5633
8924 1500
5503 1139
4357 9776
1086 6116
307 4388
2881 1967
2389 5433
2898 7769
1135 6610
2954 5286
858 8446
9582 3914
8632 7464
5552 2837
3396 4062
2038 818
7450 9809
7878 4066
6507 679
9775 8680
9244 2622
4629 5439
6430 668
7682 7992
5263 1886
9246 1876
1165 4543
9849 5697
8421 3887
127 7424
5177 7727
5928 4341
9870 683
4881 7570
7815 3336
4390 6754
53 2211
6318 9438
430 7056
2882 3899
325 8217
3490 7602
602 8966
2672 505
9064 9254
5054 9578
2207 1839
732 4191
6670 8965
897 7815
206 9193
5204 1952
8764 2351
6248 9299
4913 6246
9579 9404
9196 6407
1286 4294
3706 720
5886 9527
228 4818
156 7633
4310 3416
666 135
3891 2657
3467 3020
9491 2432
2762 6377
186 8520
4367 8113
6382 2563
7050 9612
1942 2469
5569 8931
5578 6786
9671 385
7061 2901
1408 2806
5244 1187
4416 9585
9417 8117
7540 2747
4761 4161
5399 6991
9800 6589
7255 5347
1113 4791
35 4589
2780 7140
2457 6140
5771 8000
7548 6331
4881 4906
8664 985
3138 8007
2854 8975
8005 2303
2353 7677
1446 1995
7019 2693
7595 6738
4202 8737
2553 3215
9338 7390
4655 4154
839 4185
211 3981
7207 1831
623 3762
5347 4867
9241 3305
6621 8624
3090 986
7311 8916
7701 7453
5921 6060
556 4070
8671 152
3368 9193
6854 1264
3296 6575
3771 831
8385 2731
3919 3551
4963 3079
2908 4248
3038 6264
311 2537
6127 565
4600 7721
6030 3641
1944 3477
1164 3244
6137 6698
3635 1768
6839 3903
3415 5567
8566 7350
6441 7247
886 1642
9982 8823
5080 7995
8481 9010
417 989
83 8197
8897 9595
5592 6424
267 1229
5654 9069
1924 2150
3176 8427
6776 3775
5025 1858
6573 1961
996 4993
2802 4214
8976 1892
6697 7655
7904 9816
8200 7889
8265 3497
3901 3353
193 8861
3621 505
9060 9847
2788 1979
9934 1722
1737 4060
5707 7542
5717 7206
8294 1607
1844 862
858 9362
4561 688
9487 5330
8371 279
3297 36
1417 1274
6012 7976
1342 1462
5897 8547
4867 1303
7996 8279
2374 6795
9081 7387
6776 6559
4243 3345
9723 486
8333 2428
4618 3904
6715 1683
3443 7461
8011 9373
3506 276
6817 9683
4778 4861
5552 6309
3723 5486
5097 2228
1996 7415
4535 3848
2717 8492
4096 2423
1046 8335
7276 3117
7558 7786
2121 7545
9700 6827
8097 8626
1149 6698
7994 469
9108 1987
9797 3732
6409 7
7881 8998
8862 8166
2849 4124
6611 5593
8997 9995
1215 838
3436 4716
2437 1078
4978 4249
8602 3501
5556 8151
7501 9473
2508 953
7800 7437
2711 3783
5931 8168
1286 7450
1181 7689
7630 1605
2286 7979
6896 1220
7072 2281
7160 7633
7275 349
4567 4799
7805 8834
1030 6916
4218 4460
176 2159
4335 9733
3207 7288
9516 5393
4490 2532
5382 4080
4506 9726
8592 6188
9864 8717
9137 4747
2165 9176
6022 8465
7463 9157
5064 9255
6934 4644
9517 6995
5528 2633
512 3359
9413 7060
3454 8648
9224 112
7391 208
4698 8904
2033 2649
4313 8576
2660 203
7172 209
9138 4245
3012 8999
74 7430
408 8041
4935 6352
5970 422
5917 7052
4238 6417
2468 4439
1369 2232
8995 5269
8698 8194
3999 2878
2175 1301
274 7532
8316 4237
961 2613
4816 6474
7209 5915
1404 5889
5004 8073
8416 1622
429 5904
9452 5878
1519 9092
6037 2847
3660 5502
9221 6816
6507 4106
613 2667
1231 6136
1413 1094
3206 5616
2103 8839
9927 7176
2082 9722
1582 2566
2258 5938
3801 523
6789 4496
857 5588
1277 1424
5117 6701
5293 4842
2953 1772
2638 5051
2486 8002
6244 5620
5312 6411
5632 494
2785 650
9967 1304
9249 4482
7136 4675
4160 5248
7877 3855
2074 6127
804 1157
165 8017
3649 9403
5099 1135
2471 8207
1190 3384
673 2254
6560 6802
1352 7302
6117 4351
7342 5366
340 1026
5014 5791
5390 5268
9117 5159
8605 3038
2622 4175
2009 1207
8630 8142
2128 8131
1103 9695
3096 8905
8835 4239
8726 3746
3966 2789
2798 8029
9623 396
1689 8891
8800 5634
9899 458
1304 8876
8323 4080
3246 966
7215 7469
1516 4939
9095 8698
5117 6140
1572 6453
3996 9255
4301 957
6555 9940
7268 6958
7977 4690
2076 1316
4069 8559
3107 4866
6691 2123
3807 1241
1353 481
4940 107
2037 2690
8183 4008
515 595
281 7074
5933 665
8627 2803
9437 1303
3425 9996
2558 2277
9394 5695
5201 9881
4454 8803
2502 2828
4076 3810
1616 6944
9226 6853
5975 5226
1764 1628
3562 8797
4813 1104
9770 1145
5912 61
9123 8919
294 6482
7603 692
8979 2681
178 3258
1780 8656
4643 8098
7459 4433
7866 4928
5473 7132
5819 8792
6494 41
5653 1661
4011 1684
2821 9207
644 6859
9693 3020
2250 4591
678 9217
7558 193
8908 3345
4874 1571
7513 7972
7120 9369
9319 8329
1595 5987
9005 5794
813 2475
4191 8989
3551 3109
4041 1923
4965 676
6382 2202
4628 6599
6096 2898
4730 9331
7543 688
5230 8507
3932 9486
4423 9531
1869 1484
2624 2832
3178 8330
7452 3179
5979 6086
365 3182
1373 9544
9179 2952
7157 3895
5221 7555
8806 6305
3544 1251
6052 3434
8281 3416
1985 1800
8384 8562
1890 8025
1886 1860
7815 9653
351 7232
943 1875
9983 1580
8249 9482
7186 8524
3203 2536
4831 4836
8912 355
8094 8368
4603 963
5532 6552
8625 3115
428 1236
7242 7774
870 7421
3448 5395
1713 3282
356 7253
9490 2370
6189 6627
9826 9301
4336 1843
9683 1338
7038 7376
3198 1417
1252 2143
8825 5206
2699 684
6045 2296
3410 8290
3401 8927
2711 1891
3310 2164
8328 1654
5169 1220
1395 6743
4591 523
3176 3796
4791 6069
5375 6112
3970 9597
8932 2153
812 8318
7979 5997
450 3273
8035 2904
6142 6677
9635 2904
7414 2253
6453 6796
482 5822
6525 3733
1040 6951
4072 1898
1530 4433
7713 4768
6187 4174
7777 6254
2434 9422
244 2284
6510 357
1793 3498
3532 838
1617 2722
8976 3145
4216 7714
1473 8311
6640 9351
6180 6434
4666 3998
4212 5793
6791 6334
1762 5222
5227 5330
2774 4767
585 8914
176 7440
7981 5742
2623 723
6400 4235
9237 6842
5095 7514
2162 3634
2749 5862
598 469
7442 3474
4095 2181
3956 1359
2223 4007
3074 1537
152 4333
421 2176
6199 2299
5205 57
2672 6145
5004 6170
8407 7246
8049 3067
6656 1100
297 797
2270 135
1571 3124
2428 7220
3124 7360
6270 9362
3387 8869
6179 3470
2298 9322
3714 4744
9647 5878
3488 2208
2838 844
523 6128
8986 6656
4020 4343
743 7236
3119 2444
6199 3894
7769 9000
8371 2417
6400 9155
6245 9605
2286 6581
7610 3836
2148 2549
951 4383
8895 2030
9576 6158
5694 416
7473 8554
3966 9139
1654 1359
1957 2146
348 4330
2613 2859
7157 868
3384 4788
7655 6966
1178 2251
5430 2984
7515 6644
4361 9808
3684 5514
737 3690
367 1328
4521 8697
4397 4881
907 3563
2994 8986
3883 679
4162 4758
5276 5370
3275 6367
1342 3493
2361 1915
2589 8039
4738 5640
2169 8891
8862 3933
2095 6131
8703 9516
264 2133
4084 2243
2227 8606
3658 1936
6915 4860
4474 6264
798 4640
7596 5895
9866 6835
8425 6974
5711 3966
2528 1545
9431 1569
7900 3175
6578 900
4673 8384
7524 1192
647 9302
6447 5724
1873 4767
6377 1559
4167 5677
1603 7621
6074 3518
7573 2249
9225 928
1169 997
2976 696
8450 6331
6042 6063
4935 272
6038 7308
8497 4534
1106 6095
4816 8019
5558 3494
3671 9326
8183 3708
5423 6828
4119 1422
43 9391
4120 6126
5280 3078
9209 7547
2747 5294
8612 398
9332 1845
4065 5121
1925 7959
6349 4979
4579 5169
978 9369
5939 1006
15 4935
1332 1853
6397 5855
1484 4365
4248 5812
102 5316
46 1156
5697 6885
9915 7762
4950 2994
6586 9667
2660 8605
2430 8436
8099 9963
4786 6832
9630 2546
8239 3494
6272 886
5335 9982
7287 7605
5706 8600
6143 1005
6031 4115
4256 4259
9670 8386
4240 1501
6175 3920
6421 9529
269 8634
3041 3691
178 7434
7168 9631
9445 9129
7287 9609
4816 3274
7757 6065
7282 787
7040 5745
4986 8002
1222 5342
2000 7053
7804 5451
9246 6558
7878 7730
24 1832
5697 6984
7106 5540
5321 1697
8055 9310
8114 1180
9836 7064
3063 1927
9661 2853
7686 5095
1173 9470
7867 165
2618 8131
586 4442
9751 7190
2650 2250
2875 6723
4939 1703
2451 8956
5041 6237
4945 4741
6381 2304
3392 8943
8609 1055
2646 4747
9593 6399
3972 8711
825 3021
2018 7651
9648 880
2151 5431
3718 4946
6965 6651
2492 1304
1106 8178
7666 402
5311 4433
4358 4348
1486 3619
8967 7917
4607 8841
319 6264
6510 6057
8342 3858
863 4962
9953 4432
5440 2992
9317 6689
8179 3724
5673 2625
7131 2709
7844 5476
7559 6629
6099 1653
5461 8647
8256 5051
864 7636
1464 1422
1645 418
3399 8193
5386 1171
2233 5725
171 8822
9707 7564
8998 9810
1811 5407
8064 9295
773 8770
5012 3994
5467 1290
441 3118
335 3421
8584 2498
3516 6553
2784 9392
9685 6065
804 8293
2480 962
6044 5771
1113 4767
5124 2794
7871 6569
1544 6913
6824 2276
5739 6601
2853 7490
1641 7979
8802 5153
2712 8915
3643 3940
7794 9117
181 8595
4664 6841
9109 9117
3941 2558
6191 9370
2007 2187
118 3538
6978 8879
398 5781
5372 5282
3303 7933
7844 9041
4551 5639
3046 4909
303 3778
7451 7141
6482 5614
8247 2685
1644 1496
3810 9872
1651 7620
9686 563
973 9971
3349 8975
2737 8034
1834 8883
390 9315
3619 8910
7399 6316
5408 9776
7571 7507
3210 7100
7421 3280
8555 9083
5244 9495
3935 4130
7637 1121
3676 2128
6995 8516
6114 2501
3451 9140
645 3653
2970 4750
4254 941
2029 7638
9309 3301
9398 9210
6486 1749
193 8293
5461 3078
1443 4390
5762 290
3742 9845
7691 2057
7664 5302
9328 437
4289 3062
7025 7235
6669 6866
3305 6572
1433 2800
5913 2562
2475 4077
1265 7674
9593 4358
9577 7787
3215 1380
4511 6269
719 1418
276 6560
8195 904
7853 4068
2016 6766
17 541
8260 2454
2575 5066
4142 6276
6814 3519
6175 7171
5702 4175
6015 5661
4548 1967
825 5577
5846 3043
3477 7107
8505 1650
7750 1409
2761 7520
9227 1159
8437 6581
248 9011
5503 8783
1371 5620
2866 7258
8792 419
602 6680
3822 9954
7314 7870
7746 6
5284 8578
1029 9234
7818 7214
7861 8162
8273 994
9030 703
6536 255
8155 7529
1752 6445
6655 3026
1224 7434
4222 250
3139 940
4893 1214
2918 2061
4432 4511
8398 5314
5688 2229
4930 2347
1608 4350
6543 9617
3283 5567
5001 3625
9919 1966
1793 6073
8323 742
4314 1459
2037 3370
1097 2718
167 3283
2263 951
1393 6850
2899 3368
7574 7177
3550 4159
795 6868
6865 8973
4222 8549
5514 1369
5119 2795
7491 1942
2976 6950
456 4814
4987 9492
3970 5233
7072 7379
9632 5843
3317 5471
7504 2223
5585 3355
6632 3642
2552 9821
7949 1064
5186 3957
9893 2271
1140 367
7856 1825
4465 5832
9698 5417
8957 5123
6642 8277
7332 6644
4736 6784
9359 7222
2443 7006
577 706
5013 8875
7711 7227
2887 6178
4088 7441
4440 1049
4077 3716
3668 9777
6262 869
9308 1596
6444 7721
4324 5899
9423 3585
3914 364
2903 861
1152 813
3823 1392
4129 147
1808 2606
8117 7246
8195 4105
5463 6450
1250 1287
4300 2519
2837 1252
6896 240
1969 7537
7701 327
5612 4354
1602 2143
8114 1605
8233 6886
4384 4385
5887 2685
173 643
5003 119
8104 4391
5275 8908
2667 2152
7338 8319
3526 9351
30 9970
2256 778
7933 6927
1720 2092
554 3086
4215 470
6978 3273
4194 6267
1010 7129
3200 9578
5154 3519
525 6571
9314 7002
1244 5080
8963 8725
3680 83
3931 4306
7822 4614
6739 2552
6447 1044
8777 5639
8220 4593
1775 6689
7364 6494
6687 4776
7386 6538
226 4090
4562 8783
5882 6062
7843 1282
6675 1422
3797 1683
5066 7694
8552 2926
9672 8152
8500 275
4058 4833
9694 7869
6787 3109
7206 3770
3953 7426
8399 3984
70 5007
1772 9301
673 7730
2950 5789
1240 3023
6392 3420
4608 9200
3899 7427
1670 8888
419 5622
5024 7809
1653 4061
8846 7689
3875 1932
4656 7839
7018 2522
4051 8479
5949 5559
155 5297
9668 1051
2791 101
2550 7851
9515 2110
955 1570
2392 5825
6852 2015
7454 5165
9371 1985
1305 1531
468 7410
5070 2865
6854 3732
7186 6640
3643 3747
2317 920
1478 6553
1340 2988
7463 4493
6269 1260
4495 5071
7251 8420
6716 4692
3782 3424
1218 4393
8058 7068
4130 756
5268 6223
9711 7793
9355 558
4731 7806
3564 122
7556 3690
8247 7485
8668 9125
2959 3697
9344 2334
4053 7471
843 9998
2857 5539
986 2377
9040 7959
4453 7993
1485 2784
5882 5877
4359 1421
4976 2311
4241 4596
6132 7161
3185 9229
4905 7752
1614 3569
2003 3780
5497 4265
9322 1007
7127 1492
2575 4780
6475 9748
7581 4120
4385 3040
9838 9099
4723 8509
2642 3957
1469 5730
6804 2506
7221 1008
2455 6698
9168 9577
2907 7042
4741 4376
1416 9854
6484 9631
2443 6564
7092 815
9051 6384
3600 9926
986 6839
8868 9460
5899 5871
1247 2021
341 9704
8859 6978
4382 8830
5673 840
8425 5089
5244 279
6565 9876
4354 7852
3183 2127
778 6302
5169 5844
6590 204
7065 8658
2543 6154
7789 3270
4276 6836
7732 9499
4418 20
3636 6779
8898 1591
4977 973
1888 9330
3154 1818
6424 7591
3967 9016
5593 4321
7601 5805
7137 8811
3995 2337
3261 1910
617 6547
8732 7546
3930 3785
8299 1454
8260 8749
1004 3862
47 3585
7863 6073
1925 8222
9460 6057
5032 5615
7001 9230
677 7009
1889 3030
7067 5242
4812 6112
6637 95
2804 2189
8695 1166
1222 7307
4724 9930
1536 1251
8629 6235
510 2879
9382 5946
5475 6373
2289 2567
636 8112
6892 4675
56 3381
8769 8475
4664 9128
677 2583
9559 9375
2844 4414
870 1541
9622 2541
4845 4712
8240 5595
7242 3300
6146 6772
1188 6608
790 6565
9897 2125
7025 5546
6937 8185
6146 783
4852 7656
6316 5758
3276 590
3385 8429
7963 5503
1569 9559
4009 6385
7874 3541
7600 6427
1975 474
900 8371
920 268
3703 221
9522 6480
3875 35
2734 825
1123 6952
2138 1050
4839 3672
2571 992
8765 7896
7344 4519
9942 2965
8128 9360
3744 8698
87 1622
5520 7034
1937 715
5590 1691
5689 4150
762 8305
3607 843
326 5936
1992 1688
5554 8304
3099 895
333 7972
5145 8003
8290 7500
323 1951
586 7412
8146 6439
7821 7541
113 2310
7371 2817
5105 1126
3479 1642
9670 7153
4181 9184
16 8730
6717 1458
7409 7273
399 9998
7260 8896
8803 3595
6833 1432
8015 6044
2589 8569
3746 6133
6496 2285
6198 8748
2461 6899
885 6087
3943 1434
837 6339
8601 9082
7637 9852
1323 7378
7122 7328
121 7196
7422 1425
3504 3322
3039 4117
919 338
4763 9040
5029 3604
2542 8083
7861 2722
4912 6647
9709 5459
2331 738
9124 4509
3968 9971
9964 7497
7210 7871
856 6704
7443 3239
6021 6249
4624 7953
4413 3985
2360 3727
3882 1180
6801 8864
2347 2480
5269 3291
766 5993
2877 5488
9109 8373
9779 3790
9674 3806
6724 3187
8237 8858
7735 1146
1686 6593
7434 8204
4255 8009
5027 6749
9472 7527
3224 1616
2730 7668
8972 1667
2303 7923
9394 2630
9054 386
1493 5132
4040 9862
6074 1426
1949 5618
7907 4280
4599 2649
4680 345
8621 517
4215 7428
1010 8221
8765 5886
8740 4336
7843 9558
7169 2786
3837 1933
211 8921
4449 5383
9988 8892
3250 8520
8984 1338
4173 1971
5805 5894
589 8449
6627 7928
68 9236
3265 7862
5608 1206
1939 4120
2494 157
3550 7939
227 1289
6460 6983
8878 5638
7049 5008
6232 9950
7812 3337
2863 4954
5894 6903
1983 2029
7407 1320
7933 4777
6808 340
8701 3912
710 3168
7093 2688
7365 8163
7781 4140
5554 7822
5120 1171
5086 7669
8151 3001
1532 5136
6992 4315
7413 6406
9019 3083
5060 763
6205 4809
3443 7779
6760 6805
3298 9620
6115 7349
9114 7775
651 9056
8112 2240
1751 8310
5876 9490
6867 3631
938 3157
3535 9634
4260 7131
8264 3324
8708 9747
1667 8355
495 2881
6842 229
6112 7535
242 4997
928 8467
1018 8270
6408 6535
8775 1968
5436 2982
7711 2761
9299 6172
3815 6745
5999 6638
9704 3093
5627 537
867 22
55 1283
2565 4291
690 4107
4333 1950
8765 3699
6198 7282
2769 2576
3025 2641
5601 7196
7966 9084
4651 5862
6744 2019
2750 6679
8860 7122
4482 1615
8647 6937
4529 5115
8322 3852
91 4660
3877 5045
8746 1925
2035 5585
5095 373
4157 4339
7794 3883
2707 5439
151 5983
3127 7005
9102 5829
678 355
4963 2217
741 508
5065 1000
4827 568
2888 5356
3930 4239
3992 6871
7832 3146
4304 4617
8269 9929
2217 7456
71 4724
7277 1676
5143 3293
8685 156
3739 2013
1366 5790
4456 5671
2999 6419
3853 8730
7573 1391
9023 8202
4845 574
4361 9329
5567 1712
7189 3046
3212 5959
606 897
1445 893
3321 8174
154 9451
7686 6592
3898 3274
4741 3976
2135 5016
4621 7270
4550 2885
9960 2386
2509 979
6968 9798
4928 4654
2094 7621
4914 6968
1252 8303
5103 6375
4949 5174
3300 355
6425 3835
9574 7373
9820 5896
332 619
9804 3736
2812 9967
1573 4272
348 1491
4777 828
6517 2370
9544 7421
183 1458
9664 1243
8006 9290
5405 4451
8187 5227
3970 17
606 3175
9706 25
4986 2578
9379 9827
7733 9666
9028 1592
2761 9233
2873 7216
4339 9979
7337 6636
4189 9674
9386 3654
1319 6607
3787 264
1368 9629
5096 422
3586 2534
6755 9595
4734 861
5119 7589
7833 3134
8744 870
9244 703
7342 2829
1524 8200
883 5572
3413 9735
7297 7671
7869 9453
553 3075
820 6839
1253 1791
5029 3757
487 7879
2111 5133
1287 889
9958 2118
7014 3010
5322 8697
5867 5702
6828 9510
5138 7564
1352 3007
5498 8144
587 2317
1806 8137
1526 52
7320 4639
7915 7813
7888 6651
4424 8229
9904 1729
2986 795
2075 4621
5764 7343
3129 9935
8834 446
9475 2312
3105 172
6913 9851
8648 1040
9575 4321
6683 1126
6349 3557
5158 8254
7450 4883
1106 3562
3305 619
408 2674
3669 4377
1361 9218
2913 5594
3128 5406
765 7482
5341 8943
7159 6949
7570 6605
9319 644
2834 1092
8987 6519
6885 5394
2212 2222
6622 8901
7076 403
1822 2234
7987 4524
9090 2917
8652 2893
7711 5888
3864 6531
5624 6970
7632 3695
4378 6945
5157 5887
3435 5025
941 3974
8906 1278
4322 3254
9590 5348
3946 6674
1322 3390
1438 3427
782 3309
9071 6726
9847 744
2162 3168
6924 5324
7557 1896
8318 1707
7265 7330
6287 6121
6976 3332
3552 3693
4424 167
5375 8569
3838 8160
8453 4614
7702 6468
5286 9344
8137 5435
9454 104
2339 1576
2112 3348
9664 4456
4077 185
3717 2118
1943 7614
6840 8118
8527 6522
4843 1282
7297 9254
2489 1427
5483 1047
967 4552
7330 9340
1565 3166
2030 7307
487 6529
9570 1094
2196 1326
6836 9580
8241 3415
2647 2442
6564 4301
1645 8169
2900 2618
6831 878
8936 5759
7279 9924
5820 3792
2445 9029
4544 3952
7641 1024
6817 3008
56 1729
8791 4761
9177 4292
727 9814
7021 8530
8524 456
4601 3055
7824 4119
2650 6870
3334 213
5370 3857
5292 1970
8865 227
5684 9903
4865 4404
1722 6919
4369 8514
4473 2915
9583 8642
6793 3537
3814 5748
3501 2484
4958 3757
1761 7401
7166 2886
993 7833
8922 8152
9789 4075
4506 5803
1824 2724
1525 6164
9859 8469
2183 5014
3505 2805
8376 4493
5347 4470
4741 562
1263 6050
6117 5128
8481 9350
4950 6541
9913 7232
6652 2804
6643 4554
6601 4299
4752 3354
2561 9546
2076 8056
5962 1831
293 6866
7138 7998
9646 1514
369 461
2512 8691
2294 8817
3483 4098
4171 1670
7693 463
4556 1313
7362 3151
1343 9202
3776 1630
2480 3141
3669 1757
5869 8654
8314 1095
3927 6126
7938 1721
2886 9485
1518 5433
1559 2662
2163 9418
548 1592
9890 786
1446 7807
6186 5014
6801 8435
8316 5018
8791 7805
4800 5336
7996 6912
2317 4404
959 5848
8088 5270
8063 5909
274 8955
4956 2721
332 1455
7687 5267
8767 117
4583 5925
3177 3910
7602 320
7096 9643
2385 1807
3123 3747
4330 812
1387 1877
9595 8639
1698 361
5071 9878
6306 569
4587 7757
8339 4870
3220 4820
9312 574
848 8029
817 4548
1773 4404
297 3119
3699 8944
8730 7410
5846 9258
5277 416
1748 1373
3185 4802
345 9387
529 1876
3381 8969
4632 3115
4958 8339
8555 9062
3549 5569
2706 8043
2279 43
6286 9738
2737 832
7787 549
6317 5682
3992 7877
5177 626
167 7284
8800 7956
5596 1103
9103 4756
2231 2337
543 6123
9113 8426
148 8523
422 5463
5836 4307
7463 8819
47 6157
5230 7176
9216 3009
1 8969
6837 6814
6000 2832
5694 2323
1602 2424
4715 3925
6130 8419
750 24
2861 7249
9186 6012
6339 6077
8684 7892
9539 8285
7951 6900
9660 5776
6745 3862
7495 8358
5173 4570
9563 6246
5396 1235
3508 1891
8079 1890
460 851
2520 5864
2174 9399
4942 1560
7317 5454
998 349
8910 2315
3733 3782
924 451
2047 9810
6887 4270
2231 2685
2691 8610
7530 4545
3901 2483
3766 4528
3599 4484
7643 2569
2556 6358
1724 4332
9883 4453
955 2907
8559 8839
4356 3365
1047 9950
4845 9570
8413 2186
7672 901
8514 7670
3406 674
2316 640
1933 4624
4555 8019
6148 3151
6219 1047
908 4149
6355 5240
2394 8076
1776 7732
5422 3038
5984 5727
7701 3042
3268 513
8738 9948
6479 1204
7452 6284
4345 5639
2722 2446
2436 7188
9752 6759
4317 3545
8284 4498
5031 6337
1332 4412
6635 8146
5078 4412
5114 353
8180 587
733 8253
327 129
4804 4190
9085 4515
5003 7778
5955 297
6492 8637
4111 9870
6059 211
7224 8094
3156 4514
3588 662
4392 1374
9683 4119
5022 7196
4682 6679
5187 9829
9931 789
6556 8029
7033 1438
9832 4475
7185 2040
4051 7690
2652 8528
3960 2952
6277 3328
1745 5680
2750 9257
2631 4799
5027 2021
8778 514
6781 8323
7397 981
7717 5561
8368 941
1060 6401
6632 3505
742 7088
7938 3651
2993 8161
9598 6766
6153 9478
6270 8340
3320 1019
8644 1609
2752 1607
2648 4463
3582 8733
8117 3197
4176 7845
5796 4125
3628 5418
2371 4359
8426 4867
7574 5769
1953 3389
6351 3393
1963 3674
3773 9577
5646 6023
4723 5841
6346 3277
6389 7777
3546 1113
454 3126
2094 6525
950 3265
7446 962
6020 8020
213 8987
341 1293
631 6486
3262 3499
9115 1220
2476 9362
6475 4794
9828 1210
461 6641
3310 7390
6690 1376
6191 1657
7601 8072
6416 2702
459 1735
6659 326
5843 4271
7604 5795
8240 596
8396 2438
7832 2424
645 3488
5323 1388
869 5452
7736 8566
7735 2335
1530 3107
7886 2272
8756 2667
2524 502
4079 6180
2658 713
7705 8435
9989 4116
6403 4146
9117 2708
3817 7271
7879 538
8717 5959
1052 4471
2300 6899
6378 158
4588 3420
3425 1576
7853 9932
9322 6744
6242 8467
5725 2401
8546 6665
3016 4055
3829 1307
6306 7197
8079 8945
6654 4493
1095 6540
2248 1195
942 2068
7385 7912
6300 7522
2099 5819
4550 6633
6803 4098
4084 1068
2280 3476
2825 9881
8017 4125
7009 5977
6364 8340
2909 2116
6096 3960
5905 2863
9993 4108
8233 3025
1780 3268
8795 599
7390 2422
261 6362
9805 2887
8052 244
8439 860
4691 9271
7384 7961
4486 4039
200 4877
53 6816
7911 1918
8155 357
2864 9615
1451 375
4126 1364
9598 3190
4566 257
5656 7180
9478 5879
3962 576
3802 731
1778 437
2145 866
9906 1539
8472 1793
1571 4044
4421 5031
8860 1559
8499 7912
6099 2531
6500 6336
154 3580
6022 9104
696 4992
9421 9849
8332 7293
49 3458
9904 7093
8439 5512
7654 3568
7167 7619
2170 9329
5335 6221
6936 6848
5069 5834
8996 431
6354 2377
7737 386
1319 2764
3317 7781
7621 2317
218 4244
5820 2961
9355 4952
5686 2418
5975 4677
7158 9836
5884 5477
4321 763
9660 2527
1435 2997
1582 2848
1627 3393
4420 3950
5508 8403
1401 7598
8023 6610
3366 9512
974 1940
455 6174
9108 2385
3986 5103
119 3588
3735 9943
5898 2142
8391 6767
512 4623
2549 5750
3066 5182
820 2897
6493 5160
7669 4688
4357 9181
4834 4815
7356 2663
6585 1559
2898 6702
9728 1007
6081 9150
7620 19
7018 1075
7849 7195
5326 1460
4621 7912
2462 1235
562 4760
4760 3096
4098 707
5017 9317
4022 773
9072 3961
7955 7562
2837 2605
3741 2744
3977 879
8009 8245
9718 8593
6777 5790
4302 5892
7974 2671
4952 3263
5343 3544
4549 6449
8711 1933
8607 4871
6243 7582
6762 9151
9629 8248
9800 5977
3869 7164
6646 7326
4658 6487
6135 4998
4722 5624
8756 8922
2947 2020
5031 591
220 20
4070 4924
2954 8342
5471 4169
8622 8027
918 8464
468 2961
4831 7101
4009 4618
7168 9509
7303 5562
3893 9317
5874 6242
4290 3359
5188 6607
2574 7772
3531 7364
1930 7172
1073 4709
5166 182
7719 535
7480 6764
6564 5389
3430 8423
5550 4010
2657 9415
6617 7750
851 5526
706 576
2656 852
3413 4709
5752 6506
8917 5132
4400 4358
1372 1854
6391 7142
6142 5281
7759 4369
5075 717
8559 8479
441 8104
859 4911
920 7155
6847 758
8364 4490
1225 3646
4286 3477
4288 3023
1917 8623
9938 1357
3001 871
2807 9188
6721 3645
8886 596
707 2366
2379 8777
9217 7071
7284 2716
3290 6483
4270 9971
2050 5287
9960 457
9953 2012
914 6627
4539 1989
4827 4809
7345 6917
6017 8956
6853 5353
123 3829
1336 5110
9332 5083
8136 4747
4478 3783
3550 6140
7585 337
5688 3952
7850 8589
6324 7786
8138 2228
2643 1939
2880 1646
2771 8700
9232 7495
1076 7081
1930 8110
2071 259
1467 9184
5811 7580
9547 7823
3363 5376
1909 3865
7020 1910
9318 3553
8618 4299
2648 544
957 7148
52 5524
7844 8712
6474 9088
6225 8794
72 9634
2509 1476
3767 3614
6493 7929
8434 6310
704 2381
3949 7021
5169 8419
4512 280
8337 2175
125 5881
9252 9513
3613 314
7195 7844
6866 7668
7030 9977
490 4912
4714 9984
5578 7806
6025 5219
9493 6657
930 534
2068 8884
6990 3342
1819 9009
8044 1369
4856 7506
9196 6869
960 8079
4376 8739
9516 8245
9185 6688
6191 3886
1041 6911
7131 9480
9844 1366
2576 5395
759 6098
8106 9483
2280 4644
8218 1760
6486 7858
5789 6294
6388 2786
9807 2265
8664 7191
9056 6762
2843 6157
2637 6670
2937 5442
8215 709
2098 3564
8026 2470
6894 9810
2685 3636
680 9290
4059 5142
6837 2072
5021 6004
2625 5375
4451 3691
207 3645
2774 7473
3424 9473
9073 7181
7900 16
4735 2742
4642 4361
2311 436
7902 8112
1360 480
8699 8618
7269 2736
7754 7144
5123 6199
8001 8856
4962 5532
6074 9891
1932 8569
3026 1104
2039 4518
6591 8632
1545 7828
1741 2560
5029 5918
4438 4888
2529 3350
3345 2200
4645 1527
4729 5651
1339 8522
9217 2486
5523 5347
562 9033
41 4996
9540 1472
263 8122
5859 7615
9953 2980
3568 9766
219 1755
1698 222
5873 7827
5115 5947
4999 3071
4191 4405
3173 9664
9201 8534
893 2903
3779 7031
1044 1415
506 7886
7781 2712
7993 6114
4501 4256
7910 5824
5781 447
4554 5562
8686 1755
688 1047
596 6791
7227 6104
1385 8131
9501 7152
5385 1192
1428 5535
6432 5656
3282 8291
3165 5169
4336 8469
4335 7719
3257 5468
8820 4931
6115 6712
458 6016
1773 320
9386 1679
9463 5794
9450 3984
1085 4051
2461 2855
5797 7472
8285 6345
4145 7698
4855 9956
2227 4467
1964 7085
4253 5656
6467 7992
8076 4870
1654 9121
4230 2033
2545 9753
4088 2798
5373 1802
3721 9041
2320 8803
1551 9459
1237 5354
5396 7254
2077 9063
3929 4918
798 5277
529 1058
405 5946
3531 5158
334 6585
601 6373
7195 5193
6350 6775
9534 8018
9072 5613
8934 7782
3314 9934
6154 5728
3059 2136
238 4080
142 86
5609 2440
3529 507
5962 7629
3931 9273
6784 9542
6155 96
1709 9331
1381 7877
223 8021
4720 8917
9519 2659
6811 9885
9635 3437
3807 8533
410 3716
6334 1484
4612 9363
7087 2715
7527 6406
3655 636
4772 1782
307 444
7232 5210
8455 2825
8901 8748
3169 5296
3186 7736
695 2833
8794 395
7631 2520
1349 1130
3478 5572
2492 1068
8484 9059
4417 4860
1517 3281
5009 2114
865 204
1417 4719
1639 3623
7312 2494
1054 3815
4698 3284
9070 9227
6591 3069
5028 2371
4605 1338
82 3078
6003 9539
3475 5229
8378 737
1428 7877
4007 4528
4216 5478
6690 7768
4480 6867
2767 3889
6109 764
3980 8285
4167 2480
3457 3558
256 5548
8555 2771
511 6219
2393 5870
5575 9339
4485 4017
6487 3175
9855 6670
2120 6111
1884 2763
8518 8376
5439 5763
3582 3270
9075 3069
134 8207
9328 2801
7093 1176
7792 427
2918 9922
5750 5720
784 3750
8979 8122
5765 1803
1204 9242
3514 6328
706 317
1907 1978
2274 9692
9390 1971
2962 183
6420 6522
6587 8622
8884 4108
1703 9564
7366 322
1942 1751
9805 2402
3813 548
920 4206
5537 310
7776 6713
7897 2144
4170 7604
8829 146
9427 454
1483 6174
4423 6260
9558 7082
3691 9515
6423 3201
6826 9406
9214 638
4802 4583
8445 1389
7487 5529
6922 7081
9108 4902
957 8825
7962 9788
6837 2167
7868 625
3858 5530
2366 4740
20 2602
1118 1009
8309 6208
7119 9796
2771 1945
5064 3302
7287 6616
6241 1642
5878 1739
4449 5421
1635 1730
326 2709
3488 6439
6278 3823
1275 9567
8145 127
4506 3721
7315 4415
9825 7703
4022 5951
4119 2411
1184 312
3022 6326
142 7892
1021 9954
3457 3636
3216 9784
804 1097
826 1671
6091 819
4564 2982
6300 9353
8837 8358
2729 1926
6035 5885
146 4465
9544 9332
820 1099
3646 89
1305 3616
7802 5137
318 9178
5123 9543
1100 2591
2845 2629
2072 5399
511 2013
7631 4659
3952 8666
3209 6974
5609 9952
9578 3703
4464 2437
6410 4955
9674 5086
5298 5440
5890 6222
4652 7430
8766 6024
6274 764
2408 9975
7388 2088
951 3421
3268 8201
5669 4608
6673 9636
5769 3781
1736 5483
6800 9312
3090 3952
1276 2992
8936 6404
8317 7628
9399 6779
9273 9913
4158 1503
3555 1496
4916 3388
5523 7086
3922 9062
852 9931
6656 1769
9971 9640
3427 1437
4659 6329
1083 5765
6094 1063
2691 4956
9517 143
4298 8453
9943 4748
1938 3054
1820 6170
9097 9507
7488 7908
7045 6423
4101 9085
8476 5370
8333 4491
9004 3217
6925 78
4025 7562
6505 4394
4684 2813
7381 9885
2138 6979
1722 9795
5365 7901
5102 1014
3913 3341
396 317
1254 6566
7731 7194
8056 3042
8345 3206
2199 8701
1787 9129
8289 2468
2907 6466
8618 9146
5832 2567
3215 6368
1148 1619
3383 6998
33 868
4947 6060
8824 8365
1907 140
201 4329
1018 1325
6620 1862
5965 5171
7689 3373
2077 3192
8308 1044
5418 656
241 5384
5679 9774
8706 8652
3198 3371
2563 6224
8879 8243
7324 104
469 4711
5742 4670
9506 2774
8782 5585
7950 5568
8403 1503
7558 7171
5384 7622
8033 5617
5129 7898
7433 5549
8447 896
2792 3260
4605 1179
7211 3395
5623 7502
6051 134
9755 2165
5054 6104
5198 2600
9813 5535
3324 9284
5061 5832
46 7043
6450 7275
1558 6095
3504 2815
5549 3042
7624 2483
1640 7833
795 87
6997 3288
656 2355
2705 5176
647 7613
9755 4261
5581 8325
4860 272
6173 2846
3839 2968
9398 3059
122 1015
2576 3316
5633 9708
670 8433
6893 3886
1765 2586
5567 2801
3578 9771
4093 4468
5763 5351
1710 8960
2146 6963
8799 4806
283 8870
9296 3517
3880 2925
6775 7345
7878 6636
4104 4669
5690 7990
8830 1403
187 7665
8293 5059
7172 6496
1726 2835
6534 1893
7769 9590
895 4298
6727 5188
2323 5450
385 2787
4843 7853
3122 8875
2862 9348
3680 4088
9221 651
437 5563
1394 3374
7872 5685
1794 1987
576 7273
7980 419
1910 8938
5595 3428
8129 1495
6353 7651
3732 6939
9576 3143
6137 6292
9739 2128
271 5481
7004 4601
601 7358
7314 1178
1047 9273
9744 3476
5534 9996
5532 9624
5891 8020
3068 730
1418 621
9446 2480
2617 3817
519 4592
9763 4027
9414 7449
1458 4550
791 4544
3365 3642
3314 6006
7873 4642
9818 794
6524 1227
1174 7592
494 9859
3771 6195
5918 6297
2309 7866
4827 1275
8092 577
3239 6903
6829 9746
2987 1309
4006 244
42 5506
1545 8882
2230 1015
8575 7639
9745 8929
5386 246
8278 1481
1760 4910
4615 503
138 8881
5892 5391
7838 8984
7569 507
2938 7678
5010 2554
7233 1275
7878 4357
7513 3085
9484 575
1503 3960
3821 4728
7922 7030
4266 2405
7046 9696
1807 5641
3641 5428
3551 9501
1911 6827
4278 1545
6663 7834
8157 2426
268 2828
2525 4098
3544 1992
1878 8498
1304 2222
6877 4132
8692 819
4907 8401
8068 9952
6047 9460
9925 3035
9296 1941
6855 2532
633 9974
1331 2524
387 7763
4856 9046
8115 3196
6309 9841
4114 2554
4999 7403
8099 1307
8168 2018
7457 7009
3846 2270
7263 6350
8046 1878
675 9479
5868 7656
4257 6100
9143 7331
4249 7967
3096 6405
5700 6633
5296 2256
9294 7994
4966 1831
962 7999
6047 9407
2371 4740
3960 8528
249 9755
6375 7865
95 7180
4211 635
3292 1628
3017 5984
4758 3556
4570 1079
9948 6714
5547 8341
3141 3406
7234 2523
1728 6215
1536 6482
5625 7714
8472 1365
5978 7444
9008 9869
4008 2203
3665 8118
1579 6487
9235 2112
9357 5053
4969 5303
847 8822
4882 1058
8316 2833
4336 76
7987 5381
2234 8431
3668 2121
2604 5934
169 6008
6149 2994
6676 9147
5832 3277
8488 7390
2500 8662
2008 1156
4557 4413
4548 2478
188 7863
352 4225
8935 6353
2510 846
2267 7529
6640 8884
8476 8624
6419 6422
9275 6172
7645 2162
602 3056
8608 4472
9759 1499
3387 298
30 7589
6374 5758
4646 1626
8678 7924
8653 8741
4879 838
7916 91
9070 9517
5660 8252
3819 4033
8642 3458
2149 9301
8712 764
7606 7283
3937 3175
7760 8457
2500 1804
3421 1134
550 2085
8677 9850
5778 3682
8566 1608
8337 1859
177 2220
3375 1697
2563 1561
6478 2161
1381 8893
5326 6893
6243 2744
5986 3379
1270 7893
2325 4143
5123 4350
5699 3105
1223 589
3628 439
8685 800
7784 3535
2480 6401
7368 6042
8949 6794
9604 8077
951 7374
8851 4447
993 8557
2129 6885
9870 5764
179 2430
8548 125
1825 5329
9571 3705
513 2307
6101 9337
9306 9189
9506 2763
3108 5163
7119 2510
6193 4421
539 6887
8980 1611
56 6013
3521 4887
2856 5414
9192 6674
8568 7956
3372 9578
3205 7664
5656 9968
6573 7775
236 9471
6661 1757
1812 4866
3964 4194
7902 7596
234 9642
885 4304
8292 3902
7443 4321
8255 9012
