10000 10000 10000
26 6828
7721 1916
1937 5688
6076 5761
9018 3879
2945 1346
5158 9168
2727 9827
2922 7426
2840 3673
2199 4246
5617 6279
6729 524
3041 452
5819 4780
4383 7650
7612 650
767 4283
6385 1239
4886 2987
378 7639
1731 4320
412 2447
6408 4801
5170 7175
2476 8900
6337 7213
359 9187
61 6857
7618 2044
2978 9174
937 9757
2129 8393
1091 9816
134 1352
9931 3931
67 838
8315 5713
3723 7030
1565 7117
2772 4648
9153 7641
4196 2482
5882 6821
9904 9985
6890 5862
3287 1623
2380 4895
4247 5365
358 5390
4700 1382
6987 2882
2211 1460
1266 2416
2916 5755
9128 3150
192 9478
574 7805
5441 2206
92 9317
656 4106
7153 2826
3263 8066
5581 8469
8784 9024
5516 4630
5070 3383
978 3814
2531 9906
7145 6102
7663 9149
8086 5367
1914 6226
274 8385
6746 6855
3522 5707
1291 5735
4695 1546
2356 5600
4663 3662
4411 6709
9798 26
9563 617
252 9137
8288 2681
3059 5339
7623 8559
959 7917
4811 6405
6069 3855
9662 5067
3499 4158
1778 4767
3767 2954
98 2730
6435 2777
1622 4910
1962 9673
5939 4239
1646 1222
1586 962
5149 9446
4482 2654
9173 4866
962 4836
4890 7250
1950 265
6237 9721
179 5878
3653 6925
202 5403
7712 2871
42 4301
4917 2111
5742 3165
6566 2504
6272 4774
2760 4410
3981 5038
6431 3069
1966 4107
1623 100
4944 5694
2502 4604
5633 1400
3780 4056
1973 2155
3353 7579
8944 4903
606 7930
971 3410
4523 1300
94 1251
4860 7984
4399 7940
1714 5772
6259 3927
4732 2412
8182 1877
6538 5562
2227 3208
8470 270
4033 3322
2783 9107
8822 2256
1240 5607
3192 4828
7011 9063
9905 6323
6165 3945
3857 8647
9062 8383
7137 1436
1656 500
878 927
8419 7125
1315 9400
2742 380
609 5940
3130 3905
1311 1345
8734 4165
3522 7499
4137 2967
773 9282
5710 2816
1390 8692
2133 7488
4287 2761
675 2631
4721 8839
7455 4307
4171 4445
5952 8901
5070 4563
6539 6997
881 198
3034 8454
5661 2962
5449 4046
3560 2202
4805 3204
1398 3428
6168 5114
2884 7659
842 6375
6109 2321
2957 3880
3911 2379
9887 4940
6053 1925
1494 1972
5052 6647
8447 8747
2357 2463
6488 8181
5127 5464
8845 2649
1474 3469
7962 7344
7774 5258
3363 774
4126 3736
2282 3714
5178 5125
2283 5271
8698 3075
6883 2376
7112 876
4340 8896
3941 5429
7250 6334
4670 2802
5583 7060
9515 3642
3255 1052
1 7191
2632 9156
1421 5498
3725 3802
9641 1698
1026 2206
5242 3288
4568 5214
8970 1612
4842 877
1703 7637
4557 173
4392 5772
6978 8661
6529 3419
2639 2016
1035 9561
747 1195
3163 4228
6620 8268
8974 9131
4721 874
9739 2344
9275 6689
4339 8890
9390 3885
5266 6623
8865 9247
5281 6493
2520 7601
4362 7338
656 6650
2980 6430
1974 1273
4778 1827
2784 4184
2153 769
7098 5985
4666 7800
53 6666
6339 1752
6112 8254
918 7235
3856 822
4798 3384
6311 6058
9042 2648
4657 8477
5111 5658
9604 8464
6694 6927
3468 2909
5689 6511
2011 9327
9129 6498
7639 1132
7907 324
3404 8031
4484 6998
9056 2567
8901 3096
4350 4668
748 9967
8843 7488
4240 611
6597 444
9950 1735
51 6453
6082 8919
8322 6613
7454 7455
7677 5749
9104 8615
1352 9484
2851 3009
1870 909
1713 4734
9764 9103
4277 6217
4203 6573
4676 1710
596 31
8762 5404
5205 4934
2490 6951
7365 2173
5313 6298
3059 5525
760 113
4778 7505
9534 521
5571 1655
1474 3016
7361 3183
9930 4892
1405 7073
4001 9870
7328 5020
6634 7951
7346 6616
4561 361
1172 7297
2078 440
8955 5645
4697 4436
5592 1588
1347 782
5494 3863
3380 4678
469 2003
514 2379
9954 5127
6240 5729
1721 6761
3206 8111
1290 1457
5251 1924
4460 968
6368 794
7720 26
8186 8494
9422 9325
9147 4029
8463 4162
675 2135
11 2811
6447 1755
2228 829
238 3023
928 4989
8838 9566
3558 7365
6164 5718
2601 5256
4836 5917
7847 3827
2419 4095
1901 2475
4452 4390
2119 8593
7606 7160
5542 1957
2129 3791
970 4411
7170 5789
7587 6160
6656 2752
8655 9760
8358 2818
5685 627
8999 492
8385 6060
9758 7328
112 2087
6740 8244
2533 4358
1273 1140
4652 7475
2534 9971
5572 9177
7878 2673
2695 1107
5948 7531
3705 2074
1766 8287
7683 6420
6430 3839
2419 7330
5870 4637
7465 701
7798 4596
2823 6479
2587 3710
6877 3189
2870 1659
6393 8288
5342 3530
1372 2569
8814 670
2890 5280
4617 8448
5469 7504
5015 9978
8150 22
7541 2648
485 8080
5084 3638
8602 6152
4258 7415
8940 4416
4080 1713
5361 2071
7989 8165
6285 4123
7698 2045
3028 5868
5500 3363
4552 1096
4874 7211
7246 3135
3998 59
248 4355
996 595
7299 7660
2448 6292
1503 1982
196 6609
8473 5379
3747 5457
2321 1938
8913 3690
1697 8065
5074 3848
1744 9303
1373 2083
8359 5020
9249 2450
2990 7588
9622 817
5330 8166
9590 9683
4194 2327
7601 8115
8222 4415
6313 5391
3954 7556
607 7596
9957 2692
478 9934
4063 2941
3021 3973
541 8711
7954 2507
9783 1833
7489 2677
1542 6047
446 9394
4592 8875
6092 5205
3938 6189
720 150
1460 3595
7762 2745
695 378
1124 8351
4808 6031
6424 3883
1502 8603
1469 5427
3438 8227
4348 9558
2467 2533
6057 2008
812 8114
5625 3947
4770 5699
4005 5517
9202 1344
3771 4942
835 2530
1061 4106
8927 5458
4215 8028
4656 1574
7556 2453
3538 6658
1049 9896
5425 5126
9665 4708
1451 5845
2272 7353
3951 1939
8721 966
891 2269
1926 175
940 6538
883 1899
4113 4350
7967 9662
9684 6126
8695 3365
7418 1524
4148 3044
3350 8395
3529 6565
4387 6728
1671 622
693 6110
6543 5324
1459 9655
1249 7045
4983 5181
8435 8856
1714 1527
4676 1091
1599 7459
3026 4805
2333 6443
9860 4530
7982 6057
7807 5589
3198 9256
1967 5946
250 4410
2538 463
24 4802
3096 7429
5392 3844
1100 9070
9251 4874
7727 7486
575 3954
3812 4333
7673 6421
4816 4548
37 9757
4176 4489
9854 995
2885 8259
3078 5626
6629 9779
5443 7773
2752 464
7063 2980
5397 1016
9533 1886
3193 4931
2357 2214
513 9637
4542 2564
6081 6433
5951 7085
3231 5654
6461 7884
7683 8626
9722 5375
2830 8893
1476 1016
7187 3403
3211 7189
8586 1907
6732 7402
8956 7157
3217 5262
6599 9768
8314 1982
4582 1341
5870 6936
4074 2204
1336 4276
1983 5319
6667 7596
7438 7691
4498 7603
1407 9575
176 8082
8056 7758
2593 6034
9817 6125
4637 6100
7434 4177
9813 66
3425 4846
2501 4201
5915 6300
343 9433
37 2993
5628 3099
5585 7696
1757 9319
3752 8781
9794 9512
1290 6918
4496 8142
8258 1909
9282 6946
8633 2967
5105 1921
2801 1459
6385 1006
3133 5658
625 4864
3990 2767
8130 4489
7056 9854
6093 7367
5179 4191
6148 5589
9472 5964
7750 8978
3950 1361
4160 1544
9657 6079
9522 993
8623 6263
6732 3105
9449 6298
6246 1640
9724 8625
8850 4154
7916 606
30 8489
9485 6125
9306 8770
8297 8656
9399 1089
3295 5708
6233 7001
6446 7937
1908 1478
3880 312
3182 8291
6852 8724
3592 8075
2228 1734
9996 8960
9044 9267
9673 5047
1049 6737
790 4764
8324 243
6002 1506
8452 3041
4677 7591
5247 3727
304 4824
482 4637
9291 5265
9238 2233
6528 9820
3329 2481
7563 4429
3279 4080
3280 3989
3167 1385
8025 6422
4859 5205
8744 5421
587 2781
7972 7310
1716 3888
2996 5109
6502 4970
9493 4492
6397 8441
1072 3564
8115 6159
9905 40
7561 9319
8156 9421
3623 1886
8484 6522
6074 6373
5175 5155
8984 2079
7485 3211
8749 8304
6012 7912
8465 5453
2527 4533
3288 8448
3544 807
7620 4118
1354 2853
2562 7006
5232 911
7419 3348
4689 1248
1488 5494
9649 262
5536 8724
8060 6991
9083 8249
1618 714
1875 1684
8293 7243
2625 1163
1739 5893
2156 4162
8895 9891
7853 8643
7298 1209
6121 8439
2174 544
1120 3423
5835 6483
6635 908
4500 9859
5288 4525
561 4461
1328 7445
4931 4651
2398 5259
3740 2573
8737 2256
6981 8292
6966 1206
1253 4206
8565 8785
5990 5897
1507 9323
2896 1973
8079 7571
2693 7327
5030 3536
550 7917
5743 5312
135 2822
2363 3240
391 9593
5791 6231
9377 4492
4793 3391
2120 7159
8008 2297
30 6135
3614 6705
7289 1528
9812 7913
7667 9945
431 4153
993 3115
6486 3494
3233 7963
8058 3553
964 4777
2837 6314
1445 9315
5944 7129
7482 2288
2006 3186
4464 8435
5814 7867
3418 255
1683 9462
5529 1355
4946 4760
5078 2746
1883 5025
3430 8867
8150 8724
2079 6878
8250 9592
7818 1602
2133 1542
6111 3349
9274 691
4537 4651
8993 605
5056 7535
6524 3436
776 3456
4102 9174
8340 909
7247 6669
7507 821
1044 3921
5259 5757
1285 2475
6932 4024
9982 3949
5719 2287
2807 1100
6625 6811
9696 3767
4889 9440
5066 938
547 5734
4510 5201
890 5896
2793 4008
1618 7085
4252 8971
3078 8018
3027 2844
6619 6805
963 7707
5844 8252
3301 757
5781 2584
1395 1877
6316 5319
5200 5619
9443 9298
4427 4962
3310 7962
1824 7881
6558 341
2017 5128
8462 378
4959 8182
8418 1159
835 2170
5684 7106
8848 7816
1801 6060
3076 4853
7984 7901
7577 3696
9913 1542
3677 7594
193 5923
2389 7148
4597 4359
746 1912
793 8023
2246 715
9275 5608
2318 1367
6956 4253
7379 3534
958 2351
3454 6784
6778 8967
2876 3884
8288 7805
1747 5818
6459 8047
1469 8516
2175 481
4183 2578
8421 2686
1224 6150
8763 6467
9476 9212
2353 2475
1541 8950
911 8398
3045 2405
2518 1817
8011 5955
8271 9986
7408 6384
9158 6284
2551 3468
1015 4905
2840 4581
2399 8154
715 9885
9233 3083
5419 2752
4675 4330
6973 7037
9663 4750
9250 6915
2079 4760
1881 8129
7218 4105
676 9917
2244 8926
8395 9906
7903 3263
337 1503
7949 7911
3609 7294
3602 6167
4606 2331
3032 8768
3570 5835
3329 1327
8330 5136
1794 2459
5437 8933
1149 6020
3885 8955
5958 4694
2748 3703
8681 8796
4210 9640
3329 462
8201 507
7196 1455
7580 699
836 5768
8625 2362
852 667
5088 3768
8755 6236
9974 9007
5972 952
3575 3440
7043 696
5029 5675
4213 7293
2998 6771
7993 1410
6101 1487
3582 1975
440 4269
972 5852
4372 8232
4219 588
5640 1672
6716 1597
6202 1240
8225 3290
4979 2498
5225 1006
6227 883
7465 4014
1532 6735
1470 7415
470 3805
8219 3710
7355 8202
3611 4878
4797 2987
9934 8069
5388 2416
5838 880
4835 7705
8130 8953
6676 4415
2713 6476
7757 2474
2813 8211
1696 5057
6807 6545
3325 1045
2015 9642
7150 8976
6053 3723
1264 4202
3089 8628
3037 8670
2324 1483
5814 9806
8875 6518
9855 8591
10000 6067
1213 1691
2680 5437
6705 1911
2023 7380
8624 5664
2984 6227
6730 5097
9833 4343
7783 1698
9054 2531
296 1139
4186 6506
8407 3012
7054 579
406 6863
3190 7635
3590 1434
5521 4754
4757 4486
7113 4455
9512 3260
3055 3052
5865 50
3824 26
6071 2760
1775 111
6108 8176
1938 1443
6448 7071
4893 9314
2740 9811
6102 6680
7646 115
3304 8654
7524 5335
9460 3614
7832 1761
3510 9832
3141 5516
5829 7766
1633 1950
808 7051
7433 4144
5514 5502
1145 8772
1041 7254
4597 6127
1315 2956
4476 587
5508 6318
6374 8887
922 7936
4355 3071
1662 2279
9445 9388
8650 58
3599 1112
4633 4750
4242 9245
4377 3580
238 477
9678 4510
1160 2584
8943 5638
5990 7999
530 7980
9089 2638
7107 8547
5571 5595
8129 721
352 5449
2298 8187
4187 5260
1637 2191
9518 541
7398 6672
4461 920
8722 1878
1296 1071
1116 4583
1793 2721
2137 6858
9740 982
2837 2808
6271 9887
1719 6768
8145 5663
3446 7265
2791 7724
1249 9286
8331 828
4272 4817
66 1885
9170 3853
9194 2926
2464 6933
2879 2885
5589 1466
2437 1438
8632 3601
7308 3184
3192 143
2903 4080
2313 6971
2020 9318
8377 4230
5780 224
4625 9459
2012 1113
2382 292
7026 7001
5383 882
6530 4065
38 8423
6665 6580
5174 5926
1384 8741
4645 5400
9755 64
2723 5242
3848 510
3951 6054
3931 8257
5024 2641
7571 172
3117 2941
4323 4359
6653 2648
1609 736
8442 2526
9423 4179
7667 7204
904 6508
9298 3242
8804 3368
6255 2307
5524 9774
6183 9040
5785 2754
2742 1392
3684 369
3699 9304
266 661
5038 735
8713 7230
9158 9556
2191 8393
2266 1281
4035 1634
4314 6587
9960 7451
6566 1910
5044 2877
1759 9143
1092 5233
22 5659
865 8142
4581 2461
8327 5889
4447 2874
3288 43
4533 8996
3071 5334
3445 3500
4635 2191
2721 6460
7266 8643
6498 3906
3618 4831
3132 127
758 1998
9155 1214
9842 5708
760 6312
867 6089
6471 3500
3942 942
4860 5979
9231 8874
6177 4878
6196 1283
5456 7683
2548 37
118 1810
4570 3836
6523 7750
6846 6842
9415 1743
5007 5268
619 3135
3073 8536
9411 9953
5799 9761
2658 7130
6838 8877
8393 4565
9996 213
9133 3780
2870 4451
1715 2611
7247 2538
2586 5759
9989 2026
7959 1779
2773 8568
1690 3166
3717 3190
8371 9295
8171 1873
1498 6530
4970 6218
7848 7234
2691 5229
851 5290
2362 6349
4279 9053
7475 5909
1260 3162
3697 8213
6431 4868
3950 3501
1193 2070
3621 6991
412 3052
6024 5914
4101 6215
1157 2045
6224 3061
3359 7676
1703 4457
866 5926
6546 5515
4288 6203
3206 8889
3196 8302
7844 8648
4274 2105
8772 4004
712 7266
5258 9825
6912 4285
4795 832
6810 6465
6846 2207
7786 3447
3576 2546
3731 7895
5295 4884
97 8676
5046 5585
4991 2860
3512 9306
2081 558
2906 6294
5617 1975
4610 5822
2379 2301
6707 5630
2637 6236
6260 6500
4645 6700
2863 538
9885 8447
5723 5552
1468 8228
2088 2574
8698 3575
701 6001
3483 5600
8396 7528
5001 9126
6593 1527
5232 2585
9963 4746
3966 6321
1097 6364
4076 3628
803 3455
7129 9230
9960 8133
6862 8861
2227 1836
4629 7210
3180 6656
8239 6077
1437 7549
4814 1342
3886 6315
6542 7571
5132 1312
3913 1837
1150 7050
5126 1133
5361 4183
5459 1299
1349 6443
9140 3010
9771 6735
1897 9831
6118 5138
6359 509
4951 1893
2918 8808
7157 8507
5616 3271
4892 1773
7632 6186
8484 1344
3945 6560
5598 8359
4348 9132
2416 4151
8210 9769
6483 2594
9496 4215
6454 9172
114 1996
3240 578
3871 5442
52 669
9717 4066
4682 6665
1790 4860
2789 1344
8818 1318
6396 9643
4308 2904
1028 5324
6713 6943
6048 8275
837 2431
9868 9232
9816 742
5147 2828
1820 6517
5656 6295
1229 2818
3195 1464
577 360
371 5481
9195 9100
2959 6500
7658 6681
1208 4737
2563 8767
4997 2491
6827 8720
5145 6438
6775 5033
7463 7214
7251 1137
6868 9949
9778 1538
1648 3050
3231 8374
2322 9066
6699 5180
4685 5634
2639 3097
5347 5288
4464 2602
7205 937
124 5162
6825 4244
7381 4037
8168 352
9143 6663
9198 5965
5127 6124
6920 9118
9075 2192
7561 5774
2210 7006
2183 3886
3509 2166
5202 9071
9399 9011
4958 9714
5110 6283
8340 3963
4570 7278
1028 4429
4416 9946
1076 9945
562 3145
9786 5903
1114 3916
3296 2707
1549 969
3851 3465
8343 7883
8778 2597
9485 7561
1302 516
8351 4572
5013 2215
9966 1841
1284 2082
1419 5396
494 2238
84 5599
9613 152
3248 2313
8353 7525
4062 8485
7374 1323
6881 5339
7414 3703
7373 5234
5414 1300
2811 9625
4491 2184
9218 2953
7586 1734
3697 8192
7351 4958
7547 8060
4631 4326
5674 1308
3803 7773
4160 2314
1352 2563
3822 2509
5353 2246
361 2211
2367 5136
3190 7261
9935 9067
8461 8542
8130 1211
4563 9474
3889 9165
4728 8295
6967 4190
9874 9851
9186 6605
6648 3810
8954 6727
1443 6134
623 8635
5730 1499
360 9204
3490 2744
4323 3026
7197 5747
4559 2370
7729 4036
2858 6404
2304 7634
6294 5599
8595 5163
4041 238
1374 3739
1161 8286
3668 9943
7695 1463
6951 9012
2285 9380
9303 147
9081 932
2720 2738
3482 5472
6048 25
8111 6444
6935 4657
6417 2801
1281 5414
9682 3519
7366 8984
9983 700
9868 2475
8563 9391
725 3771
787 9211
2221 5132
968 655
7609 1885
445 6324
6012 994
4068 2775
7135 4636
5820 6339
4822 9943
6471 6827
9291 4374
3998 2752
2200 936
481 3763
2959 8239
8596 3171
8751 1911
2765 2004
151 1791
9779 6861
4638 948
562 5436
9460 5002
955 4176
7636 1277
7526 2456
2362 4528
1491 469
1888 7598
2478 8672
9411 9047
8197 69
2012 2585
3681 9917
8341 4533
8536 8662
2769 5575
1996 6238
4271 1770
4858 4652
2238 9111
4979 8312
9823 5853
4197 7836
7125 4914
359 6877
2787 3449
9539 865
1687 4046
5354 2687
1554 6237
9404 5419
185 8351
4187 1524
2928 968
9423 594
4511 477
3348 1391
8053 3355
4402 6688
1808 5129
2969 9318
1624 4714
4822 4859
2650 9196
4850 7250
917 9414
5728 9904
3844 6233
1683 5412
2187 7056
8136 6340
3600 3134
8824 407
7338 1410
2273 3303
6344 9280
1437 388
7520 6983
5708 2792
1560 460
2659 2827
685 9412
5548 5425
4953 2620
2099 6364
6801 1625
9371 8167
6693 4016
9491 9347
1077 5836
529 1218
5020 8222
3196 3088
634 5208
5480 3637
1999 1524
846 720
8684 4898
519 1045
2656 5360
6554 8552
5863 3542
7133 9866
1181 3324
1315 300
6949 5562
4015 2062
8575 5226
8572 8666
3887 2127
5736 2854
2437 5294
2923 3749
9845 6394
8619 6881
2228 8672
2234 7936
5895 3491
4758 4897
5224 7297
8486 721
3058 8541
1921 1572
231 7650
283 1288
1998 4158
7474 6654
8300 3547
1347 7819
1381 8784
4484 3800
3302 6233
3385 6113
8651 4841
2028 1525
1796 9817
5690 249
346 3074
2091 8598
4673 8975
8702 6143
1709 6180
8829 6767
9127 6469
570 4590
8453 8447
7240 5934
8225 2673
6347 630
6150 846
865 8305
547 7511
545 4734
2468 5891
6575 4323
9436 4430
8514 6540
8220 2344
7701 5426
8124 2067
7741 4017
6332 2618
4435 6762
6640 6003
6249 6168
2631 9903
5511 4930
969 5006
6501 1620
1634 4794
3881 9938
2745 2025
1186 6165
3054 498
4100 8550
1480 128
5281 3515
8687 2982
6215 5791
1562 657
8710 2914
1944 6679
1543 7462
1487 7353
2039 33
5527 2349
2284 3405
8658 2944
3585 5482
5620 7923
6444 2887
5677 1049
3810 7497
6798 3781
4335 9277
7597 3063
4429 9414
3408 9914
5424 485
9391 7872
5317 8887
7916 7546
9852 7946
1746 1334
5903 8926
786 1866
7990 14
6587 3283
5956 369
1189 8824
1088 1192
4128 1711
9623 2045
2178 2970
8963 251
3571 3804
2055 6100
2085 634
8044 8710
702 8553
3760 7085
3562 2456
9388 4425
2592 5187
8751 4240
2560 3064
5754 9126
4896 3132
7331 944
6621 9768
8809 5317
5124 8749
4492 7414
6917 358
8601 5477
9864 8503
1527 4438
1900 6858
4749 4812
5380 99
5604 3274
7988 1542
9465 6435
1978 2874
3438 4355
7867 2398
9738 8840
9825 1340
2801 7948
4595 79
2859 9738
4154 1043
6273 9280
6609 3107
7942 4166
3587 3194
6469 9878
3334 7825
9172 7379
9229 3620
3818 2345
3632 5827
100 5690
1849 2776
2729 2084
5312 2254
6527 512
4405 7608
9733 7704
1754 1288
3523 1890
2213 40
21 1002
1088 2519
5591 3368
9864 921
927 5664
8507 885
280 3751
3791 7432
4970 5495
4392 22
3746 6329
716 5909
2225 7027
1226 5463
7037 6701
5708 991
5270 3085
850 5995
9198 908
5923 4260
7443 1582
1900 2877
2610 2468
62 1697
2646 7695
590 794
2363 6052
4868 5489
4300 7329
6818 1488
2487 447
116 582
5979 6256
8317 9059
5101 8020
8125 4981
3282 4975
5218 2230
3120 6603
7523 5996
8164 6421
2003 6214
6940 6126
445 192
6118 6529
4332 5391
7785 7038
1881 8808
4339 9227
706 6147
6026 5413
9729 2900
7121 3533
8185 5255
3621 1276
4380 1897
1662 7762
2915 2715
2531 1762
82 4456
440 5006
3264 944
1607 8736
5005 1055
4459 1736
9075 2665
8929 215
1790 8917
9011 3556
6886 5509
3070 4478
7580 1092
700 5762
3629 7731
1907 624
5319 8628
3461 9306
3034 5190
5410 6880
7902 7730
3502 1079
973 2391
9457 9279
2553 5456
6441 9063
5927 8280
270 7028
9482 9476
952 2816
9362 7506
4572 9946
7394 2194
2866 6011
1860 6480
5800 3004
968 967
9385 6546
1693 269
7187 6092
8318 4765
2245 9976
1416 8936
9018 5200
7123 960
2653 1605
7909 6960
8438 2379
4040 7939
4270 6739
3424 5604
318 5131
9674 298
9947 6670
127 5654
3032 8024
1526 9707
6579 536
1176 5147
9646 5284
2719 1644
187 6872
4646 1582
3260 7452
1918 3284
2660 1201
2661 1679
2976 1625
5246 4711
637 8450
3162 5663
5987 7557
2976 2751
7362 5821
3002 8681
812 4375
6277 7842
3370 8547
2673 9303
27 2914
403 4989
8670 491
4660 4001
5827 7880
164 9017
4715 6416
8124 8749
5281 7503
29 6152
6004 6722
2164 6133
1800 6445
2437 1848
9376 7242
6684 8352
4004 352
7401 5435
5848 418
5581 2352
3266 5695
609 9206
8508 6538
8789 9859
3447 9529
3064 6954
3470 3273
272 6429
7125 5592
2368 421
299 8770
4551 4584
8838 1547
5426 3516
5870 7944
5116 2382
5551 2677
5473 5145
6406 1211
2541 5304
6257 5983
5349 6928
2637 63
8298 2696
6769 1766
4820 716
3527 2181
423 149
686 4712
8332 6308
9213 7776
5166 7710
2195 6878
5440 4592
2223 1385
6960 5676
367 6384
4730 8721
5413 4157
3320 8863
4045 5232
6037 8450
2947 905
4070 255
3319 5837
5681 8343
7405 8022
716 2590
5327 4244
3996 5975
5230 9551
9810 86
9147 7529
3182 2271
4721 1310
6231 2900
4424 5625
2539 8064
4829 3418
123 7766
2128 448
3868 2247
2066 6728
6511 2558
3121 5704
6132 9778
437 5597
9401 6180
7712 9540
5698 6519
8047 2411
2872 1843
9501 8002
4017 2943
3677 1363
958 956
4170 248
2282 333
6364 1236
415 1579
6976 8251
63 1796
2437 6816
7052 4766
4619 3791
4484 3579
3219 6434
4244 6252
297 4914
2048 450
6218 6933
4093 842
3063 1962
5108 8393
3057 4662
5542 1222
1768 2549
9195 1002
9319 5034
5983 8473
6859 2943
8677 2995
8865 1737
4922 244
5445 6855
4845 6404
2141 278
3663 3520
5536 5191
501 2298
2194 3771
3344 155
5861 9780
7568 3924
3971 534
9304 858
3220 5403
586 9437
1734 2597
9924 217
6111 9192
2530 6089
3669 485
7027 4162
94 318
7264 6161
9312 6778
7859 7722
3342 3998
2732 8723
3060 9371
3252 6684
9449 376
6754 4765
5293 1651
1239 9824
8988 3155
259 8119
7435 9756
3726 383
9791 2589
3647 5312
5246 4794
2685 3768
4791 9743
8798 1071
8055 9622
9968 7657
7114 2653
302 2403
1277 4735
1813 8336
1776 4356
8644 5861
8955 7533
1838 5031
8137 2415
1998 3041
2012 9938
8981 3131
9055 4034
5615 7099
8080 9842
6171 1571
5258 1801
8801 3232
8968 3693
4146 5056
7013 3602
8039 9900
8035 2386
7317 7568
4293 6181
4209 6609
8933 1124
3476 8981
4324 5818
5986 8479
8162 928
1171 4403
7864 1260
9995 5248
873 4708
1605 7539
6270 4641
5425 8978
6686 5415
8400 9671
6752 4687
5150 8376
5360 6721
6770 5596
3966 7997
9707 5679
3231 600
7262 597
7552 7110
4272 5074
4919 9298
2404 7431
1481 8463
5105 3930
1586 6316
1152 9211
4898 1404
8156 1503
4623 7466
5693 6099
6674 4711
5055 6464
9522 8191
2395 9375
73 9165
3607 4006
1468 7958
2718 7037
8618 3873
3091 3015
5819 3284
8606 8210
6140 9609
8041 678
5084 5724
2692 9896
7210 7684
455 9264
8255 839
7910 8241
6421 6499
7815 3025
2163 3403
4211 5218
7065 4425
9951 144
8939 7768
6381 3601
6560 9967
9978 3624
4443 9698
323 2777
4168 7609
3593 1378
1438 5731
7856 6972
2133 5141
6280 602
5789 2079
7919 2553
4760 5260
4266 7234
2134 9873
4998 7108
133 5592
7364 6190
9196 1967
9475 8256
1033 8937
151 3704
8190 4977
6772 6669
684 2373
1156 7552
6830 6521
6741 3241
8290 5774
1050 3428
9406 8778
3192 5785
6761 8274
3071 7323
8047 8907
4971 8912
675 757
514 3667
5292 8800
6945 8709
9093 7972
5511 4766
5490 4696
2170 6424
995 3623
7716 7779
2436 4193
7514 3084
2587 1472
9054 8006
6260 7706
9011 7624
7661 7866
4887 1086
2222 6702
4531 2692
3544 5214
6751 3491
2272 1438
5326 7640
6658 4714
7500 8866
7429 9455
1703 5427
9012 4195
6564 8771
5234 2821
1972 6248
8668 6525
9464 2240
3660 1554
6544 3313
324 7669
1544 2074
9351 39
8058 6304
9951 9244
4570 2657
9530 6295
3894 7980
7114 7456
8440 8138
7126 5464
814 8260
947 6530
1690 6448
6100 9996
2349 4210
6327 7175
7545 8908
9839 6205
2490 4121
4670 8007
6188 282
3548 2280
956 4414
4505 2048
3251 3071
8029 2798
90 6657
3919 3822
5469 5098
732 7616
6570 5321
6321 5827
1026 1717
4523 5924
7783 2074
3595 863
2703 4430
9689 7825
6779 35
6864 5374
1109 3294
7955 2946
8149 6494
7267 7157
9668 9754
6335 8317
7074 8916
564 8177
7731 3655
7039 4126
7971 3281
4326 1557
4727 6052
1592 6878
9071 2602
6433 4009
8601 2552
615 3530
9999 6526
9951 7373
2096 2089
4144 2353
1110 5551
8436 4409
9926 1731
6340 1828
4773 9718
2787 2103
6865 4921
5861 6925
4931 7217
4738 9458
1289 7906
2799 3022
4438 4998
6180 4809
347 6756
9706 2234
2507 706
3778 4610
7702 5398
2247 4422
7509 6611
9223 9435
3853 8480
6222 898
6514 8675
8117 1709
5798 6317
5524 7432
6509 5775
1813 8003
7751 5575
3547 9051
4426 6704
1008 4711
5518 7553
4468 3129
9025 5762
464 2854
2951 2186
1251 2909
5313 921
728 5829
9361 9989
8364 3860
4724 930
9738 3401
1267 9184
9527 897
760 215
152 4083
5776 6044
6244 4232
9525 6154
7999 8301
7844 8134
2280 1265
7198 7230
7522 3213
8088 141
5511 5298
2236 7000
7356 9499
9136 1625
3013 7158
4368 263
2052 1538
5434 4469
2401 2331
7568 1222
982 9179
4703 7884
3692 628
5780 2651
716 4321
2218 3446
4907 1958
7810 6454
3898 5260
2786 9018
4536 7239
6887 850
430 104
6663 9969
5676 6748
1457 8629
5184 6658
3383 7150
1673 936
4277 2513
9659 3705
2516 4242
8303 8029
6893 7818
6896 2749
6502 899
637 3085
6323 5971
8213 8654
2404 5271
6588 3169
2659 8260
1813 2536
905 9192
7973 2806
4224 2980
7507 5868
3583 6968
7141 2
7474 2057
5620 303
731 4416
4473 2053
5054 3836
9368 2470
3545 9472
5924 6835
4085 5386
2540 2579
7886 4676
3272 3759
8112 884
1 3133
5493 581
8429 7517
5362 4921
4943 7522
7198 1538
1629 5145
9242 9922
2085 5490
2011 1697
2540 5656
2116 2154
780 6237
4576 1149
9422 2295
5024 608
1623 1037
4870 423
8298 5311
9359 174
3491 4466
537 622
8258 4973
1485 389
4381 3091
3213 6659
2295 4627
5785 1790
3915 45
1868 7112
6287 3406
4016 3581
4274 3997
6535 5348
5328 482
3831 3091
4878 4899
6505 3222
446 6913
9476 5560
7163 7587
6563 5231
5612 9354
687 9890
8283 8662
3150 7578
7566 759
4983 7142
5873 4898
4013 678
8544 1770
5179 4794
2799 8247
8042 5894
6666 8999
9321 6496
7219 333
7873 3560
3744 1998
3340 8734
2950 4790
9156 9301
39 3820
791 7257
4413 5592
1302 5053
7184 6671
6544 9365
8736 6835
7542 3712
786 9643
551 9584
7191 3599
7030 6241
8404 1088
4666 792
958 7645
6465 2431
1591 5177
5324 3455
2640 7358
4760 234
9212 4463
8124 9982
5584 3932
1686 5650
4787 1769
8291 8975
4980 3302
2633 5607
4855 4777
8026 8412
8736 2010
5057 48
4837 2656
3391 6760
4314 813
3596 7846
2839 4133
3731 826
1238 9238
6845 8840
7453 7512
9477 8269
4333 9791
1852 9082
6609 8258
2109 9157
4621 8696
384 2203
1734 1383
6689 4055
1435 1653
7833 680
6652 4781
724 4810
8683 9513
3745 9606
4133 9392
6990 8194
3643 8062
6931 2269
381 8694
7337 2800
9712 7789
6731 7990
4733 8035
3530 2850
2425 5000
2355 5641
668 3839
541 6727
8005 2764
4613 1949
4485 3771
8915 5186
234 7047
156 1675
9725 1531
1206 3220
1828 297
6735 8490
4932 9233
1584 1538
3659 7109
3974 989
3351 314
3479 117
9516 8099
5362 3821
1551 491
175 7655
6963 3998
6249 986
208 506
1185 1697
3739 3302
9086 9392
2879 122
8262 3237
5242 8865
8572 7440
3853 1522
7622 2089
5716 459
5216 1788
2437 7499
2388 8626
4322 5470
44 4376
3557 5285
5466 8890
9114 8685
5551 8776
5085 5036
3361 1453
3855 6927
2535 498
9903 9974
9506 9253
8211 5652
4761 8099
7053 6374
3148 4447
7452 7252
5378 8782
6234 3352
3969 3413
6892 8644
6195 554
2581 12
7456 5433
8534 1246
3136 1895
5133 7811
4201 3984
6640 1800
2074 2433
1983 3085
5957 4346
7553 4752
1969 6409
8243 8905
1794 6239
8220 7619
3095 7650
1550 4515
5602 1995
7154 6546
9744 5278
9876 6781
9775 102
7408 990
474 1931
8428 9528
4361 9887
972 3340
2089 8700
9151 3633
8498 3270
4158 9111
1953 6654
190 761
407 2415
9782 2092
723 185
2623 1502
3904 9730
1734 2692
2585 418
8231 3675
4528 15
8195 2530
9249 1493
2883 9344
4117 1199
616 2239
5939 2325
6537 2806
8440 8076
1277 8254
9671 8749
2740 2043
9868 5409
9834 6387
3007 6293
7414 3311
4621 5190
4695 9127
3188 9621
8670 5486
1255 1723
4893 3213
5876 145
4955 5493
7545 8176
476 2955
1528 2294
590 5085
5025 9284
7620 4167
8353 3135
470 5585
2012 6604
7414 8854
4836 9138
5277 3621
3734 6569
1752 7552
7750 9762
2017 2584
5458 5571
5096 1813
1922 1708
7876 3851
935 5666
3858 2789
6606 6177
600 5354
4298 5280
1699 2027
7098 9873
1765 9286
494 1737
871 2309
9779 2450
3596 9139
1430 6341
4214 9451
1157 2635
9398 1972
9574 6945
938 7920
4089 3798
875 4632
3705 1783
8394 1932
6907 8823
9190 8898
7206 9207
1446 8859
6550 5921
1943 6079
4227 6269
1797 8522
5470 4063
4490 9775
5154 6190
8811 4837
407 9136
365 699
2131 3564
7871 5334
5781 703
8709 4668
5810 3165
2256 2683
7815 1362
6088 9122
5379 8496
7474 9293
9578 9875
6824 8499
5399 6308
2369 6668
3512 4713
89 4168
2871 5068
2844 9949
7059 7058
717 2866
9924 6472
4514 8826
1168 327
3724 3075
3509 3290
5206 8773
9413 2497
4090 8947
7238 2656
8557 8832
7723 7332
3652 4392
1252 9864
3624 1425
7169 2221
1987 1623
6585 3680
8463 7569
1669 3983
1658 5184
5111 5718
34 826
7416 4813
4212 8626
3417 4994
1168 768
3814 4508
5828 4731
1090 2376
3943 4678
6246 759
4980 309
4393 2980
4216 4748
4849 3499
1650 4317
5029 6567
6244 6680
3437 2002
5879 9516
3964 8535
2594 6207
1592 4469
637 2333
1829 7340
6494 9617
514 1049
279 9366
9411 2420
3885 9445
1034 5070
5402 40
9004 4357
4102 4482
5590 7358
2446 6462
7327 3860
211 9392
9921 1971
4566 5255
2092 1769
9936 7160
1779 4098
297 2433
2144 1538
2300 6303
5389 6598
2986 9874
7816 7622
4243 5980
8355 2950
6988 2625
4377 7837
5091 1601
1467 3137
6402 9529
7356 4672
987 3972
7080 4343
8654 9549
7482 2410
580 5755
8560 6498
4606 1882
2232 6263
3555 8911
3506 1052
220 7893
4338 6625
664 3315
3974 6887
8542 3244
8024 3991
6092 4916
2505 4460
2920 3129
9005 4877
4836 5242
4356 3740
3600 3670
2840 9554
3264 4880
436 4844
4394 3315
4077 9418
2735 4073
9491 9986
1146 4714
4018 9268
5087 9401
6189 1581
4920 331
9439 4260
759 5614
2495 3339
1958 3977
5022 5960
94 1983
2307 3215
1162 8927
9645 9124
4222 3355
3040 3060
7449 3675
2983 8931
4049 9357
7179 6286
2467 5292
4749 5217
5504 2038
7969 6243
8484 4239
2255 4541
433 5363
9171 2304
9563 2804
8362 9633
9295 5112
6766 9032
7624 3066
2791 5237
4206 3538
4950 4068
3436 5175
1243 8366
6476 4152
4832 1193
2804 5036
4567 5169
7223 4851
899 9388
2141 8834
9368 6623
677 1787
308 666
6292 5057
2325 2333
1635 4424
8805 9570
4725 7031
5602 6287
7131 8137
108 3253
855 7257
1238 5430
3124 8108
6368 5576
6080 1535
8962 4311
8598 6234
1249 5103
7795 1633
4652 4608
9619 2406
6744 7077
3290 856
2784 1047
3964 6437
6765 18
2954 2648
1417 4435
2674 3373
7524 8592
5412 5768
7316 2280
445 5547
9312 824
6271 2574
7078 5073
6552 5520
5246 7592
6262 1556
6524 3913
5256 6880
7727 3183
7526 1683
5468 7058
1552 8797
3040 158
2450 9231
1900 8644
8953 1721
5931 676
3363 7115
1818 9904
6748 2870
7792 5441
1091 1918
517 145
8789 2500
9473 7230
8238 721
4867 6127
5676 7754
4726 61
6920 1511
5243 3256
6224 7805
1635 7587
5730 6278
5282 8563
456 777
8565 3701
1870 2919
9570 3847
4633 4193
3038 2490
2789 5715
3875 5379
9648 2214
6047 3695
3829 1381
5491 1895
6878 2742
569 5034
350 7778
1377 1257
2015 5588
2088 5978
8599 2018
2584 563
2702 5728
4887 2978
7861 5811
264 6612
3240 6691
7833 7596
6377 3223
9877 1126
9793 2200
3966 6266
8636 7414
1846 3881
8928 6764
9591 5894
6676 3983
5604 1833
4665 6426
8265 3159
7470 8503
7300 7104
9305 5690
930 7566
3402 3212
9360 753
1780 1709
8925 3295
1790 8413
4179 1668
2087 5082
5292 3324
6899 4050
7930 2985
1037 9752
5911 2707
1195 9492
9339 1561
4868 7144
1993 7907
3353 7852
9463 7343
8232 6811
2845 8193
3341 5764
5195 456
6670 9276
4418 3904
5490 9052
8942 8154
6193 7666
834 3075
6245 3204
8866 556
7610 4196
3365 9796
6205 158
7946 8670
9627 3174
4896 7337
7790 5283
6903 2190
2021 2890
7188 591
4237 4890
1762 2671
6246 904
4795 4986
1485 5592
2458 5603
6870 6215
7529 3802
256 6650
8602 6110
7867 8693
7957 1598
6649 6884
7673 6289
7329 1304
2012 2974
6499 6988
1647 6300
2814 8527
1373 9267
16 9831
8635 4934
1326 7172
397 4659
6121 8348
7447 3632
2342 86
4985 4438
5501 1744
3091 2801
5618 6808
6470 9261
5817 3060
4958 6227
1553 3716
2015 4241
5126 4353
9013 1688
3477 3347
2665 8887
6567 1744
4990 5175
6985 9431
9748 2865
6007 2144
7073 2352
5030 495
4658 6175
4032 9100
4943 8266
5869 925
4072 9544
3709 7801
1870 7682
2202 944
262 4435
4091 6017
4160 7311
4682 4699
4727 5183
2281 1920
5838 3752
481 1250
869 1386
5570 344
4388 2461
2241 7822
7753 8106
5042 6886
2329 5270
4387 3551
4907 2918
5042 6557
3618 8498
2527 5529
8378 3015
6362 649
3240 7851
5142 5585
5394 3228
8114 6216
5152 293
87 7013
2158 1882
6279 9913
1152 9848
5516 9045
286 7696
8407 2835
7679 3939
5300 6228
7330 2328
3342 5829
2 7138
3813 9130
4805 8849
9791 3120
1162 5233
713 3917
8624 4353
8483 2811
4914 3058
8834 9175
1716 3201
6058 5327
9730 3679
4723 4836
191 1663
8426 6214
7125 8416
7809 2299
1965 7382
1819 1593
5970 8342
5571 390
1422 7138
9229 9537
8973 5014
1893 2657
9163 8232
5449 5232
7799 8462
5807 5482
7255 3426
8674 5539
3617 4427
567 5718
6177 9765
6477 5748
1274 7644
9412 659
8447 5852
6101 4766
4645 7929
5331 7644
299 5837
8756 1050
2144 3460
4521 924
7257 6439
4516 9425
9451 723
7352 8993
2125 4425
6412 7261
6870 2814
7542 708
6864 8155
7405 6891
7637 7989
2330 8989
8161 1686
1590 5830
6019 6200
2380 8358
6757 6973
3148 7369
4179 2123
8689 3666
7228 4124
649 3628
4948 6579
6734 2921
504 4004
6460 786
3080 3498
6723 7672
5217 9118
8099 5236
2572 372
5806 5499
2241 6312
3577 5689
6357 7479
9052 3380
6944 2838
1594 8088
8943 6173
807 1056
229 8098
816 3165
5676 6602
5793 8052
8829 483
1665 7290
6085 1706
7838 6290
2832 8223
7230 7170
2031 336
6455 9615
5627 8409
1371 4250
5513 698
1421 4119
431 4251
81 6916
1543 8989
8342 9632
5052 3964
91 229
6872 8008
617 8896
7171 1410
4565 2065
8281 456
2361 3294
831 6538
8174 9227
395 9689
2064 4762
8081 2837
849 1456
8658 8454
8349 1134
8060 2804
788 3982
1968 8545
4957 9617
5830 2033
57 8510
1750 2436
1414 1982
7591 2058
9519 5912
2412 1869
4114 6756
289 2972
8628 5412
1148 3180
7768 4738
6297 88
5538 3654
454 1669
9711 862
7213 6696
4370 8921
6306 4430
7260 2134
5018 5724
8219 4857
7602 5944
4949 3663
9694 705
5169 9580
8077 8250
2232 5244
2604 7804
3047 2198
5537 4312
1298 5350
4684 5054
8382 4029
7698 8146
2660 7178
7060 8789
345 3458
5479 9069
2095 470
9527 9333
2861 718
1990 6839
8604 2616
1700 2120
5094 4276
9699 51
466 1275
2395 4253
6672 8517
185 9662
5722 802
2737 2169
1202 4753
2492 5397
5323 9302
6333 5676
1227 8017
5898 6550
2659 1743
2976 9577
6707 7781
9132 4859
2551 4875
417 1887
7445 9406
284 7664
9658 4690
9669 9514
4947 1924
6822 1236
3646 4606
5715 2058
9098 2852
3770 5028
9921 8764
334 2315
1922 2063
3724 818
2112 7784
4619 7337
4007 5802
703 3908
6897 2915
7300 8862
2170 668
574 9615
3260 3214
6294 4299
738 780
7280 8414
3710 7757
2908 2933
3894 7322
5085 6207
3389 8926
6322 6334
9675 4850
8152 1129
7294 5573
1856 1630
8457 9272
4943 4588
1250 717
3089 982
6866 9717
1798 9581
6083 5644
6362 6390
8928 4710
7491 4904
9162 2663
9021 1366
5828 7255
4631 6716
4692 1354
5984 5870
9756 1484
6228 5986
8359 3991
8644 9618
2790 8448
6411 837
226 2155
6285 176
1307 9638
4399 9275
6975 2840
8621 6441
2033 1533
2754 9545
4559 1893
8780 3235
79 3972
1199 9938
2862 143
7938 5595
7822 4764
9496 6258
5064 7601
218 280
6411 7477
200 5782
2894 895
8858 3504
9969 9958
5280 9870
717 6889
4656 3933
4123 8676
5174 3735
3085 1602
7471 7677
6077 3254
200 4402
6944 8201
1161 9018
9894 5957
1205 9487
672 8935
8897 8284
596 9032
1012 8063
1074 2259
1100 3869
1672 2413
5868 3517
5690 1033
5413 2263
7205 3154
1079 2524
6535 739
2409 1331
784 3307
8345 9541
5625 7677
6241 3396
1233 1661
6821 816
5317 3693
8864 4508
1470 9001
989 6552
9114 4002
519 8799
3003 414
7347 9530
1838 9444
4596 9404
8117 8583
6946 2071
2066 4117
2525 686
6077 1702
1384 8790
7156 6627
8535 520
4434 2109
587 142
2954 1587
3524 7357
6076 5727
2992 680
5452 8250
3336 3341
4222 1852
2331 164
2602 3467
6726 8428
2585 260
7725 8427
949 6218
8148 4756
1359 6232
4951 1677
849 6380
8670 6727
1665 9533
628 5269
986 2211
1044 4205
6277 8794
3183 1483
1965 1605
9022 1887
1668 2779
5730 223
9533 2200
2103 2033
3193 5959
7649 406
1655 247
3044 4066
6256 3357
1243 5053
2364 407
6360 9197
9618 2279
5300 6878
7397 334
1961 7854
7594 6553
1141 2316
7913 4321
1513 176
5024 4747
1489 3629
1452 5676
1064 7980
1090 197
8841 8437
1586 7376
8979 6932
6356 677
9654 3080
970 869
8635 3393
6084 4658
2453 4380
8556 9840
5658 7887
4800 2561
1923 8263
747 7628
7035 8161
962 745
2265 3804
9582 4705
3117 9956
210 5073
4507 7728
5170 7338
2727 8025
4668 3454
244 455
3603 7768
6806 7338
6590 5498
2097 9053
4932 2173
4591 7698
5317 8894
4759 8089
3563 7783
9930 86
3882 318
1512 5948
2111 453
1021 8664
5652 8249
5961 7826
4896 6243
7079 4047
8264 9643
86 2570
6414 1602
3875 3772
525 8991
7413 2361
2423 3485
1283 3165
4599 2025
4749 9585
319 4948
506 6422
9795 7515
8579 9514
4830 3205
3233 8362
5528 8867
1331 4142
8692 8545
512 227
6729 3864
320 2659
9079 316
8584 6493
1766 7091
6514 7448
6673 4402
7309 193
5073 5695
136 9596
6920 7876
4940 2318
6080 2505
6992 7798
2296 3551
9531 6345
502 2698
3096 6203
8556 4573
8447 2903
9003 3470
1711 2362
9819 6313
8711 304
1048 6201
7998 3213
6482 2751
1027 2157
1060 8727
3245 9479
6055 8764
8448 329
8419 6341
8932 5672
3689 3044
4075 1096
3530 607
7261 6189
2227 4432
370 2872
1289 7908
5116 1985
8353 9872
2932 3912
7141 5938
954 4068
9781 206
3259 1642
8641 1119
5831 5264
834 2961
8806 2929
7741 6698
7344 4578
1969 9978
563 2478
3871 5663
9402 6588
8765 352
2772 9867
8498 8262
33 9318
325 3580
7266 6442
2356 9893
5734 1991
2381 8419
1974 4720
1200 2664
8524 9585
3980 6088
1924 1436
7337 6035
4161 3919
6719 4396
3325 5515
4801 8460
9215 8524
3912 3494
3492 6466
2609 249
6878 9661
9207 4992
2228 9758
7739 6703
2614 2850
2541 8712
1272 9563
382 7001
6681 3558
3421 1121
1758 9027
1800 9153
3660 3641
8345 1288
234 9848
7013 4225
9860 2284
2683 5280
6986 6640
2740 9549
4147 5302
8246 4811
3791 9093
4209 7199
7450 52
9238 7276
2342 7712
2411 7831
6801 8104
6073 9876
275 3369
8636 1254
6401 8921
5693 4564
2815 3114
5887 838
427 4085
8206 9065
5632 5666
3000 3056
7280 7741
876 1005
4579 1619
7765 5855
7748 7394
6603 7136
8891 9204
2423 3993
6940 2674
4037 7857
500 1783
4634 2808
3928 7389
6659 5467
3676 6495
3281 5800
8572 8035
4856 3926
8069 9971
6049 4138
2979 3209
6049 4242
3344 2173
1224 3196
9150 8755
9824 2063
1092 9649
4811 9819
5311 6482
8053 7434
1459 724
283 8829
7853 2492
2966 8272
2939 3900
1706 4594
3096 1079
1798 8896
823 8642
9890 9592
4108 8123
2988 3834
666 6380
4155 8444
2048 4750
4386 6156
9615 9016
4970 9951
7041 2502
818 8659
419 6559
2362 8175
875 7309
2920 6820
4613 8390
794 8659
2764 6919
3846 1417
6966 1541
5680 6440
8990 8166
7212 4443
7173 7759
3876 4856
281 6572
7350 1094
5018 6346
8701 9955
2884 9599
5809 4624
5929 3651
1502 2794
6632 2260
57 1000
2339 8475
2833 8730
9253 4867
5073 746
4575 3508
5605 4210
8370 2569
6174 6205
3616 5903
5812 8515
9312 6476
9223 8088
4320 2578
4247 8512
9608 7395
7351 6996
4629 7413
7530 1855
2013 280
8255 4088
2665 8851
3452 5880
4794 1543
3224 3110
1436 996
5505 4862
7532 7808
9860 8361
8560 5788
924 7773
7644 565
556 1422
6899 3661
5267 8976
3663 4936
5030 8751
3210 4655
2556 8906
4445 7417
9495 3343
7607 1501
1877 8374
3611 1765
9309 4932
1404 5708
4716 509
4083 511
9467 2674
3560 6297
1002 3679
683 5955
2310 1566
3175 4024
1885 3401
5161 2248
468 1699
5447 2167
1720 3763
7640 8746
3306 6365
3935 721
1272 4490
4383 7410
4361 1582
9806 6254
5945 279
6084 6236
2038 2220
2988 4495
3412 3394
8424 8997
2614 2591
4325 295
1564 6556
2301 9740
5391 3014
4899 1692
9195 2456
2239 6754
8381 3622
7243 5678
3545 9157
5024 2888
854 7847
6113 6766
974 2925
3377 4415
1725 814
1008 4125
1429 3101
2176 9570
4593 7837
3306 6011
174 3843
1316 1659
5349 2007
1667 7259
5763 5899
9051 3670
9235 4347
2459 3171
5644 8886
7973 6351
5720 2380
7191 6833
2702 3594
902 5395
1473 5380
2802 9268
8266 1757
1401 2263
9168 857
6984 9311
3123 1437
2871 512
9275 8275
7144 6874
8398 4350
9440 6917
3958 1317
1814 6978
6234 5312
4300 3448
4417 8354
1967 9672
6560 6514
9689 7310
3907 7291
5604 3361
1737 942
7199 5961
8814 2231
2245 7495
8627 7508
6494 4665
9795 8824
8926 3587
3560 6697
1620 1428
9676 7564
8264 3428
8122 7909
8456 1367
7232 9999
5078 6819
817 2098
8877 5573
9887 3175
899 1391
241 9987
4577 3297
7894 7965
5937 7959
1003 1893
6285 1134
6954 4320
3614 9575
4065 5254
913 6801
4550 8129
2252 3590
2495 5836
5652 1301
333 3160
386 504
2295 9443
660 4717
3711 8398
5285 1920
173 9262
7428 1132
8886 4410
3377 3720
7022 1581
2108 1945
5495 4485
8681 1261
6863 7381
3788 4754
2803 8295
428 8201
7880 4186
8782 2157
2824 1406
9397 3060
2244 9605
8952 5055
9873 636
1715 453
1320 9580
7119 729
1081 4149
7505 9440
4000 2131
9754 7408
534 2630
9582 1841
423 7355
5860 187
6569 3769
1544 6525
8604 1198
2191 4335
3000 1323
6398 9834
7287 714
7975 2790
1587 7672
2470 5025
9202 5782
1178 468
7080 9462
1305 3002
9187 4440
966 4407
140 2034
6273 34
5983 9570
2282 4041
1826 5543
9149 8072
8610 8199
6093 8479
1035 1544
274 5485
3743 9769
1442 1738
3663 9101
2175 201
2387 6710
7355 7414
8405 8400
6886 1286
1641 9357
7567 9052
1077 3095
4380 386
8045 7949
8635 2844
671 2069
7830 7241
7112 8903
394 8610
8810 7424
7702 6306
1255 3848
5968 3280
4285 6898
5054 7935
3438 3194
7495 8004
6210 2196
9587 6008
9107 7083
9250 8063
2062 8352
5450 5631
5827 9070
3330 2328
5204 9801
9375 1984
8366 9906
2131 3853
9281 4010
4841 9969
1167 6691
5168 386
3540 5161
8697 7747
5265 7381
1973 4291
9788 2334
4292 7999
397 6306
59 5934
5933 9217
7294 8044
7319 9954
3009 6895
8896 3776
4235 1350
9168 6546
7050 9176
6277 3964
8059 2481
3782 4668
3029 5938
7142 7816
4191 8710
3171 2584
6790 5907
6503 9340
8228 9937
605 5151
8870 8262
7152 91
1593 4700
3111 1335
5394 9317
3462 9160
476 6402
2756 7418
5343 3987
4459 188
1933 813
4874 4942
5740 1218
9266 7242
2177 3526
7898 2908
2973 2086
3675 9833
6216 7001
9144 412
2551 6789
8358 7910
377 1817
8729 7866
4322 1835
4927 9954
8663 4936
5247 5394
3328 5965
2563 4923
1660 7565
7815 4792
8084 6483
8292 6856
9741 7465
3490 9136
1391 4854
5326 9596
2868 3725
8941 5522
1494 2737
4792 9443
4087 5871
6116 7097
6457 4163
4430 5119
7269 683
62 5936
4559 4044
4616 6586
6745 2630
3813 3070
8028 8403
3693 6106
5067 9873
5695 3035
831 2307
6915 501
7699 9223
9208 8131
8579 6043
2757 9583
1639 5655
1614 3938
2118 4242
1487 5395
4224 7047
9612 7017
8062 6812
7911 1345
2200 3234
2039 8960
9766 5891
4295 6788
8605 1948
1714 9109
4727 3297
8665 8537
1639 7380
5292 4184
5893 2660
4063 8705
5984 3587
2320 3824
1319 6034
1760 3551
2692 3426
3621 5744
387 6052
554 3467
8111 6938
2452 179
4233 104
3486 2094
936 6863
9480 6773
3713 666
283 3506
3889 1527
7557 109
6973 485
218 9338
4450 4765
1510 6499
7064 2191
4000 8442
8843 4228
4377 892
7253 4510
306 7679
9102 7740
6683 8536
7753 3795
9126 5993
4908 7071
7260 3336
5689 4686
4395 9805
1158 459
1781 4289
6072 3990
3022 5868
2905 3564
3603 1028
1095 7990
4428 8985
1690 9776
4788 2059
4850 8759
8733 5800
268 8154
8966 9514
1246 1901
8000 7610
3031 5863
7801 1381
321 6873
7470 7042
4740 7959
728 117
4030 3997
1958 4422
5343 5511
4557 2144
3382 6633
4393 1292
5221 2836
9426 624
7674 8188
2578 971
9245 3766
9724 1381
7630 6660
8040 1153
3552 8264
5996 2784
6211 9652
9932 9412
9807 5681
5439 8986
1427 1441
6299 5429
9284 9179
8931 1652
5637 281
4629 3800
2870 316
9246 4079
7650 6489
4463 150
1961 1729
3994 6031
1035 4254
6004 6449
3885 6236
8769 153
2184 6717
1262 3095
2547 464
908 8874
5509 309
1179 3088
6225 897
5988 7762
394 1168
7696 3932
1790 3134
3593 990
5133 6965
759 4078
2079 8327
2376 2589
3269 7128
4370 7558
1806 5207
9049 850
3846 3196
570 7938
8599 7065
5055 95
9761 5640
4632 6641
6592 8186
4395 2525
3201 5548
9344 9121
6101 8916
8542 5831
2583 5136
1018 3
6326 9601
3576 1665
4196 9602
7049 4185
3963 7009
4814 3510
660 963
6772 5638
1857 170
3714 1264
1749 4151
2290 4651
7788 8757
849 6349
7263 9536
980 9835
410 972
4541 8383
9451 1439
7221 7992
451 7608
1718 5510
7619 5717
6570 7786
8259 3806
7343 5441
7425 8532
5671 6004
2327 123
3920 5727
7028 2840
9699 3280
2085 7108
5624 2571
2130 4045
6681 272
12 9403
8729 8172
2925 2057
4339 3283
8772 8553
5642 148
4929 5571
6944 6968
5292 7237
1500 8833
9123 6102
8929 2588
2478 4799
8615 5891
1842 1504
7 2092
4841 2023
7440 9819
8095 6376
1656 7427
103 2252
9875 8612
5955 3204
8586 7611
7327 2470
6839 7680
4560 4660
9370 347
663 4541
7092 1308
9619 1711
2510 4334
1658 3657
5442 6133
8095 2567
9230 3288
8216 3132
3684 1057
1654 4210
4791 3054
8049 1296
4398 9843
4572 6308
8027 45
6479 4252
319 6168
778 8838
1624 8368
4953 9515
9795 8194
4470 4519
6800 5089
444 9792
7352 1790
9040 50
5222 6688
4432 9523
8262 4943
4922 1579
377 1351
8712 4285
9804 4192
9405 5859
9010 4799
5099 4018
4741 6091
4773 7735
3393 8672
9282 4518
1734 4280
9302 5763
9035 4455
7586 3845
136 4692
308 6409
566 2155
740 5283
8086 9963
2404 2050
8990 8275
7680 1605
8406 9074
7777 5117
6914 4540
6647 6478
5736 8471
8518 8634
9727 434
5379 5220
1037 5200
6127 7154
3939 3397
7866 1669
2666 4445
3362 5042
6337 494
3864 1850
2710 64
7365 4580
5261 4592
4202 9431
9102 4402
3304 1902
7621 4059
812 2735
2958 8709
6366 681
7616 7455
4235 1388
7112 2150
7935 2760
2798 3390
9078 9833
5273 1413
4534 2319
68 6670
3010 341
6549 6889
9244 2741
9169 8353
4957 2985
9431 4570
6489 8816
3012 3561
6245 2495
2742 9979
8086 6730
1552 1852
5972 3088
9233 5717
7248 4981
6369 8985
8794 8110
3565 6225
3511 5255
740 4274
1943 4816
7722 9600
7768 4284
9474 9452
7450 6154
8353 9015
8036 9628
7728 8190
7614 7196
9889 9359
7728 8143
3262 1819
1507 4429
3054 8073
4065 2568
7953 7813
113 3604
8155 7656
6604 5786
3392 3281
1929 1108
3856 8775
3231 6063
4802 3100
1587 4915
9665 8327
4720 5189
1716 5712
8882 1330
2350 7009
501 3115
9650 215
9269 3680
403 4256
2470 5936
617 533
4817 8587
4669 5449
1369 6822
7481 4957
1221 8385
6994 3096
2084 10000
7029 8550
8745 8066
5434 1285
4781 524
4197 1713
469 3391
2736 6925
1868 224
3807 9796
8613 8667
4079 848
7112 7471
3204 3077
9279 7485
9305 5889
4036 2772
1237 3096
6780 3894
4416 6068
8817 9187
5424 8395
8729 9419
6640 1909
7771 4869
3598 5207
2430 3938
6546 4724
6246 85
2524 2722
4357 8341
3800 4375
4928 6929
9910 7958
7587 5536
8252 2197
6872 8870
7111 9702
83 5167
8290 8156
5135 4446
9922 3735
649 4344
5880 6101
8821 4849
2912 3751
8944 5932
4810 3154
1874 7692
6353 5656
7048 8605
2891 8382
6026 347
4133 4636
9365 3013
1006 6822
6469 7378
2291 6175
9384 8618
2188 6689
6581 9854
7483 2845
1408 3725
8375 7995
7763 4017
4757 2095
7673 9118
415 4425
9193 412
5119 9874
5464 1642
6848 1386
5008 3719
4648 256
9229 4884
1531 2989
9937 7397
3007 4284
3573 5013
5561 7734
4503 3036
7264 7821
5368 2486
8363 3972
5226 6058
1343 3055
2618 1686
7168 1450
870 7171
4128 7329
399 2745
5289 9764
789 5098
5219 3397
2570 8718
853 7758
1003 2559
8975 7330
6054 837
3142 4559
9126 2412
4160 8531
3594 9170
3766 6167
4559 2603
4965 9257
2709 8711
7046 2484
2925 3218
3407 6518
1700 1445
5318 2937
9041 6113
8174 1374
8167 9437
9704 4086
3167 2417
1754 6277
7324 1622
8037 5222
6449 3785
9407 8208
5241 9136
5916 3924
3227 8359
7977 4785
8709 4294
7316 6525
7200 7441
1818 4179
9644 8353
2887 993
7672 7446
338 7301
1340 8494
7460 5122
1678 7617
4562 6904
7814 6116
6589 9517
9163 9908
1896 4898
1505 4593
1113 6327
8627 8989
8442 98
3852 6011
6025 1052
8841 4686
871 6674
5678 1339
979 5931
7959 5497
7163 1711
8159 4158
5952 9369
2519 8231
6341 5764
6169 8807
7470 9455
2360 884
6897 3239
3019 5589
2604 113
5363 8511
3246 72
4079 2912
2670 3328
3670 4550
3157 1973
1536 5145
8870 9262
9952 8638
8398 8963
290 376
6945 7988
4265 7531
3029 6301
3416 5056
9406 2868
8440 8907
2917 2017
6095 2516
2446 4
2096 6835
9741 2392
7284 8144
4467 2398
5219 2447
9173 4044
3206 1010
6118 5065
4899 6041
4090 6851
8583 4413
2357 2307
4466 8414
1920 1609
1721 9832
9982 2403
5851 2224
9578 1312
420 3913
5238 3056
3676 9693
6630 9777
270 2540
7208 7836
9736 2997
1836 177
9087 1384
3011 4028
8611 4986
1373 9942
721 4597
7422 7337
5194 5526
7344 9285
2494 7107
7810 2190
1205 8012
8288 6923
434 3288
6655 4068
7309 5229
1646 3787
7884 9643
2026 8465
1711 8511
4429 1710
9655 1774
8326 4509
5434 9342
602 7570
372 530
8099 8331
1821 2511
8625 3816
1921 940
7781 8584
1536 2997
7405 3326
6833 2877
9200 1092
4399 3621
525 7653
5728 5395
391 9426
4607 6767
2043 6138
6650 158
6572 9573
7554 344
3333 3227
2940 5272
5303 1609
6175 1919
1171 9796
9774 6373
3905 3667
1841 5888
2007 585
4087 4628
3257 9298
7315 353
8329 9008
6453 4447
7676 8167
2124 1041
5871 1779
185 2051
5346 5576
5268 7496
6076 8050
8235 9236
6961 8131
511 2269
3500 9043
3158 6180
8792 1163
7683 359
7865 8989
7256 4714
4682 9652
4718 4278
8671 4604
764 331
8891 6318
2854 3035
5084 3170
9303 2907
7078 5529
7181 2716
9477 7679
806 6146
8557 2621
9140 4833
381 9266
2236 20
1081 3811
1705 464
6549 7772
8855 7050
6380 5174
8028 2446
4359 4443
234 8610
6361 5926
1650 5597
7236 8255
3637 9853
7677 4591
1383 464
5098 5038
5720 2996
8771 2849
8014 7673
8165 7691
7583 4520
8921 7315
2497 5100
9035 5628
136 5890
248 8381
7182 9862
1979 9850
1446 1172
6183 9725
6263 8977
4960 9107
5931 6704
85 7143
7488 5316
907 5379
8590 1774
5035 9804
2673 5650
6088 5431
6103 4548
9922 6156
5045 3227
9340 7359
1507 9053
6981 542
340 9988
7298 4797
256 2290
7386 289
2620 1085
8473 6240
3926 2872
500 3262
5956 3617
5019 5709
4110 4506
9148 277
4662 78
2508 5816
7960 3691
4805 2001
6554 3069
383 9550
3128 2338
5201 393
6680 5699
3138 1972
6554 8612
5319 4821
8934 9795
6667 6511
6103 4772
4166 3869
1986 2736
1081 8924
3073 5343
7204 262
8053 1804
2104 3568
3513 2213
3502 4875
1999 3314
8669 7065
8828 132
8923 2167
3153 749
4987 6166
2654 2530
7162 4346
7718 4944
2599 4478
7119 7457
7706 5719
6297 8818
7134 6135
6065 4998
8771 5091
9705 9225
4745 6433
4663 4256
6217 5930
2793 6500
6082 8769
4001 8077
9460 1963
5904 4171
1242 2511
7196 976
3093 2277
1651 4867
4114 6231
3753 3589
177 5080
3091 9431
2557 2939
5060 3164
7170 3092
6919 9257
1594 1850
2497 4910
3693 7808
1943 3818
5531 603
3374 7797
1909 8420
8847 2563
5866 2137
2553 90
9740 9380
5134 2533
9010 310
3252 5630
8995 6690
8076 4632
15 5006
6518 1517
2991 4291
6797 1493
9957 4541
6260 4719
571 5798
7012 5291
9901 2297
5391 9027
1061 9209
6491 6367
1559 6006
7428 9424
8483 9348
2002 5224
1285 1023
4037 7760
6069 5657
6725 5357
2929 2452
4789 1058
3448 1469
1394 54
6916 2057
3829 2400
9488 2456
6431 7198
1878 2419
4228 9937
3881 5827
801 657
9659 5019
8881 3384
8178 3635
6354 318
6832 4897
6213 5085
5294 4423
9494 162
4144 8991
5302 4095
916 8086
1264 8204
7492 1858
637 2852
557 8376
2353 5554
70 2223
3270 5202
6749 4159
4394 2459
1814 8292
7609 1083
8418 4567
4348 9970
1016 6139
4861 4823
979 5973
7694 3609
5450 8308
3043 3927
5201 4934
4964 316
9798 6617
4146 8971
3123 6847
6077 6675
8707 3639
7076 5913
2409 8175
4804 6056
7648 5611
3166 3268
5875 3455
6921 2532
1463 79
87 7166
9540 2571
6534 8944
4001 2325
5486 9805
2057 6014
3388 7307
1066 9740
9728 9999
1300 6314
7547 8365
2514 5065
2632 2062
4480 6369
2971 9069
1061 1540
8416 2759
459 3900
7033 5903
5657 3897
8540 5681
6737 7238
2076 6448
7818 6628
5877 2301
7514 4339
1168 445
3912 7817
3003 1821
8249 5799
1717 6164
6584 2119
1233 5146
6971 3292
2429 7666
781 5142
8034 9874
6020 9311
621 3622
969 6016
159 7298
3349 4322
7029 8468
173 4296
6923 7193
2545 3382
4680 6721
2742 552
6602 2732
4791 5727
5393 5980
507 6475
7147 3074
6521 5560
3457 3200
7720 1802
7953 4271
4291 913
6894 1599
9870 1180
8092 3059
708 2165
7250 9419
1819 5642
8457 8865
6260 2429
9373 553
4805 6259
2337 212
4287 9913
444 9208
6902 8385
4760 8105
9730 524
3617 8345
5511 4020
6623 7244
2959 1500
6486 2016
5556 5097
4000 4038
87 9184
8340 8475
4834 8050
3077 1421
2448 5789
3627 5023
4555 8554
3321 4988
9856 3461
4402 8397
7132 9746
1738 8948
4086 5821
5244 5950
7315 1056
3446 6745
2917 7847
1195 5608
5393 1238
6519 371
7625 1020
3387 9017
1472 4039
8819 921
3691 8109
7714 9562
9070 9293
3688 2544
5854 6883
6883 8996
8676 5974
168 8285
2013 5094
110 1888
8159 7470
843 5862
6279 4992
1347 7867
3373 220
3438 3750
4897 7880
9850 6888
7299 6206
722 7540
7514 6514
2870 5234
924 9781
3957 6163
8725 6563
6513 9286
4159 4655
261 4585
7429 2986
8181 2891
3672 9818
8905 5537
2726 5258
8252 2104
6385 9995
1655 771
4732 5732
8327 4720
7645 8682
3221 3233
2668 7887
3033 9682
3099 8766
6958 188
9643 7304
893 2672
6560 4141
1923 8429
5862 5509
2656 1015
1217 6859
5667 2566
9316 5982
8245 1448
2710 7288
2960 9221
8383 419
6271 3144
1212 4717
3399 4891
9856 5626
2229 9255
5365 5921
8610 9849
6222 4381
1700 2684
3877 2493
7386 9045
4607 5340
8094 4476
3840 8134
5536 9440
4601 6954
7696 5564
3388 7903
1791 4366
7968 5935
7004 2223
7157 9644
1042 7153
5607 8294
6446 3931
8265 6959
5132 9155
3733 1864
8202 4283
794 753
5712 7477
1067 7325
5979 7346
9439 7001
8331 4021
7595 9151
6322 7505
3710 5302
5218 7092
1252 3797
2022 4176
8149 2382
3682 4894
8637 3423
3829 4778
1887 9664
9209 3389
7522 393
1030 1002
8447 2008
6136 3403
7298 8787
4103 7720
3642 9445
489 6013
2721 3904
3676 9279
992 4249
4540 4604
7179 5666
6953 3622
768 6148
8603 5618
1269 1425
7131 3418
1989 1601
4373 4716
2297 9184
119 2547
8574 4846
3557 4851
2689 2473
3329 4292
6259 8197
4800 8534
5998 2697
9577 9705
6640 8030
7718 7725
5506 2928
8790 503
5815 2031
4316 7711
984 2780
2002 5062
3386 1541
8674 7860
8518 5716
710 5060
7622 3490
358 4953
7959 4605
215 7656
5460 1055
1166 4663
8757 9694
9300 2342
8195 1561
9735 2596
596 6708
9569 7115
9911 5512
9787 3463
3256 4361
7909 5828
5237 7358
6605 9015
3505 714
6436 8101
2349 3774
6490 3382
6744 8651
7148 9810
4570 3706
3471 4725
4793 48
9618 3927
4463 6805
7640 7048
4280 8090
2880 3811
1417 4974
2940 1862
7841 1665
9112 2128
5994 7230
5469 7071
6327 1176
5762 3007
5206 2065
6735 8582
8538 4736
2188 3926
2146 8166
1784 3715
3100 20
8931 6039
63 4986
4732 4075
3812 3621
2025 4179
5053 840
284 7649
8499 8595
9751 7918
5439 2961
2821 9790
8548 2630
956 3798
8208 5547
5543 8225
3567 7822
4156 5833
1345 6116
8531 796
5667 4002
2937 5333
2436 5986
425 4722
84 6364
986 185
7341 6495
8556 2950
3419 7195
1102 202
9757 570
9452 3229
4186 126
1788 3854
2961 5000
342 2090
7603 9171
867 4944
8263 3509
7156 3602
2680 9216
389 9948
6121 7569
5599 2926
7999 8257
4173 5840
5065 6501
8788 6264
6533 8639
1252 9325
6236 6538
9256 7738
615 2470
8250 3574
361 8237
9232 6968
2683 5388
543 362
7957 1315
9066 7169
4102 819
652 2016
7169 6512
1103 8515
5436 6776
4966 5459
388 2838
8529 1836
2348 4980
3397 363
7246 3317
3057 1189
2085 7174
1453 6324
5757 7644
5518 6914
8485 7216
8887 5150
7156 3535
3002 1407
9039 4840
7564 8682
3027 7604
8508 6409
2761 1576
7554 482
4248 7624
1443 5038
3962 3676
3743 4844
1386 1665
3315 3236
4401 4073
4241 9367
7626 2088
8725 2253
9706 563
4638 2921
557 2268
5361 6298
3018 4420
3980 2097
3480 7024
4013 1242
1557 9869
3561 4920
77 692
5394 1551
62 2021
6107 1997
1005 1790
8297 1438
1186 2398
6799 1567
7208 8664
5598 3715
6183 2404
2556 1876
9773 1280
3048 625
6726 5331
3042 3103
5507 9201
1980 9468
1354 3155
8975 172
1399 3167
6871 1382
3164 9824
9962 2806
1044 5628
7626 240
9670 9240
1128 3743
3566 3323
7052 6736
7769 9124
2189 2253
2992 8958
9327 2299
2592 3992
7301 2597
7346 7653
3327 7316
3652 7880
7424 5424
4365 3735
3578 5391
3923 2592
9819 4792
162 7913
3185 3639
722 9027
4355 1264
8831 5113
3736 7633
2588 7937
8115 5922
1524 4468
1765 7895
5977 6983
1371 5401
5949 1665
3720 45
5872 1417
709 4965
7523 3292
243 8124
811 2901
6057 5086
1517 8040
2398 599
6065 4958
5704 1708
2059 5216
8889 8519
4797 8232
2423 9209
2771 1879
5332 9789
843 872
7373 2475
3930 1731
7380 8868
723 5733
9473 9787
2189 3763
493 1619
7354 584
5069 4156
3451 4519
5190 5711
3189 5408
2736 7608
3211 5148
7625 4094
9256 9703
439 6025
8799 1071
281 6251
4576 8834
3204 4939
4162 2820
6853 3116
7942 6784
5732 8620
9703 4870
9175 6155
9130 3765
4132 1450
8789 2784
1182 8101
7773 3854
395 4387
4868 2783
3080 496
6629 7246
9314 1758
2965 6447
3143 5973
2134 772
5003 1681
765 264
6105 8758
7722 6197
4698 1489
8846 4512
5186 9256
3013 8904
5184 4237
1399 2496
7962 6588
3608 9070
3442 5023
1197 6979
2721 6406
6260 100
5892 6447
1540 1145
6547 1536
9572 1162
3867 8003
2069 7797
1215 6874
5862 1621
7661 1748
3361 5054
3328 2764
3546 2263
109 8826
1598 9670
7176 2991
3515 1143
9030 6728
2133 8648
4721 4710
1687 8381
3589 6676
181 4350
9239 6745
8303 6632
3480 2425
1491 7424
5186 829
1809 5019
2768 3287
742 6655
7680 5436
3990 6017
1778 9434
5864 5832
5342 4272
8573 5251
39 639
8877 3463
3397 8889
7318 7559
6049 2363
201 5664
7558 5396
5577 3822
1887 9099
4457 7318
1459 7943
166 4223
8845 829
7483 3642
6427 3873
2388 321
8506 5037
8332 7167
7616 4918
6961 347
8428 3905
4019 3653
9288 5151
5219 2300
7594 9390
8746 2066
8016 493
2474 3485
4718 3163
7639 9180
4341 8600
8856 2339
939 2373
4635 2396
7773 329
6431 7500
3906 6235
3829 4822
2447 6784
7024 7751
7201 350
7266 7188
4690 1636
7681 4972
2501 5833
2972 7202
427 3072
9458 8116
2 4844
3915 8656
5898 2427
5778 4219
8604 959
7057 9696
4848 1285
6294 7314
569 9913
6891 5790
5211 9070
1966 1970
9691 4847
3791 582
3662 9294
3970 8953
7819 1725
136 3849
8434 9039
6205 7320
6640 8995
9413 1772
7794 5732
376 9004
6252 9255
7298 4437
6020 2482
7187 823
4672 6959
2097 3509
6147 4356
6627 1067
3143 1968
9775 6170
2583 7074
1157 6298
417 6263
1986 8754
1714 7357
9171 3921
1448 2752
1348 9720
277 6403
1041 3612
2309 321
8700 5130
4886 1456
9965 2721
319 5339
7097 1949
1851 1509
3755 699
4049 6709
2796 5864
7027 8088
5398 1108
8984 3735
7855 6157
6737 5299
9137 2906
9719 2285
507 6546
8171 7229
1793 5636
1133 3208
7756 5044
3380 7688
2691 8405
9263 7627
1540 6
5157 9630
1921 4077
987 8392
2999 2290
128 1598
3274 7931
7042 5008
9728 4643
8599 8186
5889 9924
5898 8320
1749 1626
3290 1046
3225 1802
884 1552
8175 8200
6818 7292
4998 5932
5530 6143
7564 1859
7343 3768
8232 3538
8731 2430
7634 3677
9717 7156
888 8313
42 6399
8575 8458
7513 9188
4147 3914
4165 6133
9676 2601
3481 6811
5547 7137
5930 9545
4496 3124
2931 6807
1388 6305
3415 7351
8598 5187
2411 6446
3471 6249
9820 6607
6499 9026
4746 2858
2904 1685
7951 2112
1690 8625
5646 8409
7707 4868
6802 8193
7557 9081
9402 4786
3803 4975
1857 8300
736 7646
4698 1849
7063 6283
8191 7164
749 752
885 8807
8359 2792
9923 113
4368 3390
6516 4173
1955 3794
3986 4947
9905 1236
3938 8181
2879 5216
8415 9810
5790 4551
4790 8586
1882 9592
6041 3304
2939 9438
7286 1876
4942 9317
8771 2490
5029 5920
8466 9265
3236 8917
6097 1573
3112 4967
1332 6912
285 5980
4410 6318
1860 5608
3093 7024
6432 1956
8161 619
7242 8020
2426 1197
3863 4468
5645 4061
5725 4181
7244 4202
3497 8906
2389 5632
1460 4554
1285 9299
2925 6122
7255 8777
6202 853
6865 3471
7562 1073
8252 2283
3058 9949
8937 2193
9365 3134
4849 2303
3923 7199
4560 3852
9397 8423
684 3712
3893 787
9258 7394
3998 7946
8789 2599
6106 9850
6818 9137
7680 214
968 8456
3936 392
4925 4520
8313 471
5416 2516
5570 2185
5121 4953
1584 7515
5443 114
7915 8923
8290 4465
2258 2759
7061 9193
342 1369
5402 4613
7838 2239
800 2658
2856 4258
1374 451
2713 1304
4834 8755
929 6988
2795 6018
2783 3912
6959 5001
852 3663
683 2208
3674 5872
6710 6386
1100 319
7678 878
943 6746
4061 4067
3707 3489
8194 489
1910 6727
3690 2609
9189 1387
5615 30
9756 810
4873 5079
2604 9320
6966 5369
8872 7494
7910 3701
9380 316
3702 7903
3472 3624
9939 9626
3621 6043
1457 5813
9857 2888
9759 4865
8027 6836
8229 7889
9801 2747
6567 8633
1317 3477
2438 9453
8947 6412
1633 4196
9160 4091
2121 5439
9844 8012
556 9300
374 7350
2066 7809
1846 6069
8200 9489
3999 1098
8262 743
1072 866
4453 2555
9294 3989
9410 8722
2369 4733
7758 4278
6855 578
8262 9573
6426 3663
3308 2057
2473 311
4194 3137
6526 3481
1145 2391
9484 9467
641 3429
2182 648
3308 793
5101 4014
2838 8559
7722 9999
6148 3217
8061 3375
4426 8471
245 4799
8174 5685
3045 5271
3200 1598
5867 2491
6688 3996
1093 6153
6876 4829
93 7024
1570 7891
5110 6849
6989 1933
6393 7572
9185 532
1640 8500
7659 5634
5659 6016
8069 899
7066 7838
8896 9612
3249 4719
1453 9063
8287 1606
9945 48
2601 1888
6321 199
6884 144
6862 7418
9642 8896
90 4186
8223 7025
9382 122
9486 9003
1146 1896
9940 159
4497 3264
6064 1584
6468 7233
7911 9208
4032 5626
4042 2027
6532 5920
8664 9625
6 2
1398 4926
3705 8906
5470 5259
6498 9369
8216 8431
4372 7571
428 8899
2786 9206
484 8399
5344 2154
4472 313
1001 4213
3780 6667
6992 7538
4135 557
1687 3806
6597 9061
2211 2753
1331 356
5450 7898
7210 85
1505 676
410 5263
3698 6970
7624 4937
9948 5573
3458 9960
6847 4488
5126 960
8546 8621
5571 3754
9304 2265
5809 5817
4890 9738
7316 3606
258 4569
5369 4717
9868 5572
3572 1058
2752 8858
6875 7019
6063 2815
2805 244
7217 1149
3044 2850
5553 1053
4097 4703
8135 8111
8234 3126
1885 377
8712 455
1784 4864
3819 6794
2485 4847
2659 9781
5813 8506
3020 1045
275 8649
8393 7617
7057 7707
6544 6598
8697 1960
3697 4851
5983 6259
7691 2962
1429 3302
713 2701
6101 4996
7610 4375
9389 6716
4426 8946
7626 2114
8860 3281
6685 6460
204 7871
2270 5300
811 8888
2361 5987
9873 9898
6489 9166
3437 8339
1733 6575
6662 4592
3662 1514
2270 7374
8708 4119
4645 2429
2378 5536
393 4992
1375 6764
2362 9671
303 3199
640 3553
6636 630
4391 5116
1005 1638
7228 2577
4546 9342
7047 5634
2899 6272
5755 9237
199 6374
5629 4060
4844 733
8678 3378
9000 130
8083 9747
946 871
8546 1795
2678 6036
6009 1290
8497 5628
1682 397
8075 3079
8993 3490
1548 9343
7171 1541
2008 4505
375 5221
7815 2397
6204 6529
6023 6787
8784 1306
3691 6776
840 7061
2243 7215
3711 4192
5986 7373
9381 9171
9860 6770
5288 5326
1426 6191
6768 1464
1169 4331
7465 2756
5110 8343
6733 6245
9821 4291
3793 437
4420 3835
6231 6548
327 8629
5753 3945
4217 1704
9799 245
3665 7430
6854 9027
4493 2459
862 4473
6236 1683
838 9202
7913 2354
1556 6385
9836 5381
8031 7961
6323 5950
2129 1075
9876 3056
4735 5766
5865 3061
3421 5343
9610 6297
7833 2868
7380 7690
9239 4223
7873 6178
2238 7958
2766 1873
6815 8497
6994 6769
1754 5333
8452 4992
4491 3156
9196 7674
3980 9535
3002 1986
7678 8944
1627 5850
5347 2512
556 4193
9421 3761
9385 48
3417 2813
3693 2586
1633 2393
7241 6639
9424 9089
9357 7729
6981 3744
9274 2433
9725 9108
6396 1138
9574 7638
1772 2104
2482 3878
825 3318
9446 6874
851 7761
7255 343
1265 4381
1363 4003
8998 7033
3651 2372
2515 8632
9101 7030
1162 3230
4363 4770
7757 2817
7521 4956
9277 7053
9249 7402
1465 6426
4241 6868
950 170
22 7290
442 3248
3277 7183
2895 1832
11 258
7969 2039
6490 3962
5356 9102
1775 5858
2849 6529
11 7734
650 1400
1501 2134
4691 4381
5782 1323
5177 9217
3168 1870
6882 1197
4813 2501
4846 6121
1908 8518
5129 6835
7591 8399
4933 8774
5393 6820
5393 8223
3297 2018
975 839
9095 2184
8605 1486
9879 1666
3851 5615
7435 4222
6801 9384
9518 4590
2243 6078
1135 8264
9983 8637
9633 1023
7094 5430
5422 3706
8446 5022
7194 4807
1390 9828
5497 8614
4192 1691
257 11
5702 8229
1443 6049
4079 555
7033 3411
2597 7298
4033 2627
5865 8400
9734 3470
202 9261
2688 587
2731 4389
2855 8184
3740 2600
4096 2349
5895 6081
5510 7414
304 58
4687 6108
8137 3531
4646 5498
9899 8861
6026 3953
8309 251
8639 2232
7042 8284
5636 5496
4886 3819
7091 619
6468 7334
688 765
4023 9165
1383 7954
6388 6503
627 8500
7375 1394
4338 7806
1492 9650
9130 3879
4134 2165
7143 292
6355 8257
1496 8845
1778 9687
8602 9623
8984 1328
2391 7616
952 4743
2602 4328
4532 8640
2044 1248
426 8991
1131 1824
4237 4578
1060 5854
1029 6457
1982 8937
6071 8891
1412 990
7425 3567
4945 5020
1244 2160
845 4314
8609 1854
4257 3455
4718 7497
8836 669
4818 1166
5977 8942
4837 9523
5466 258
7309 7368
2901 4595
9520 6450
6929 966
1352 7859
1019 900
605 4239
609 9199
2959 2185
3741 6180
1574 7966
6098 2951
3765 7481
312 3341
5153 9689
4779 6381
1806 6299
8047 1509
7810 825
4756 4059
935 6006
9918 4866
5980 7182
9794 4846
4830 6200
6325 5200
3533 4392
2503 9511
9989 7388
7565 7680
3159 654
1127 7254
5699 1537
7512 6157
5464 5683
5350 4108
3412 7949
99 7224
6841 2561
2431 6628
5971 6504
7603 878
9559 7385
809 6599
9338 7900
6526 2693
2055 390
4124 8966
7884 9928
4480 4904
70 1651
6483 7802
5499 5256
3528 4446
2257 6420
8203 9178
7206 4276
2614 4779
4171 6265
7381 2825
6119 3959
8731 1581
9591 71
9736 6583
4705 1330
6388 6353
8889 3915
3034 8204
7522 5151
6917 9943
1082 7004
5613 462
795 7635
4250 6796
9307 2111
3800 4196
8827 276
8780 4954
6584 3382
1894 2513
5633 2573
3189 9372
6429 7538
4499 4252
7431 8123
1098 2423
1384 6228
5998 5020
1590 7864
3312 3624
7772 2672
9247 8298
7803 9239
5848 9284
169 9564
603 4148
2175 9674
1949 7931
7162 8341
229 9437
5762 9634
9392 5191
780 5727
5689 6277
8237 6053
5599 2609
7289 5520
291 8252
6334 4012
9506 1638
6660 4370
3589 6562
6596 4714
5653 1305
4622 3162
8131 3667
8353 6542
9584 846
1894 4942
5861 11
6821 3705
2045 8118
8185 634
5395 3483
8330 7957
906 507
369 985
3302 7740
5718 8948
2805 3483
4696 7
4768 6541
6217 3713
6004 6273
6018 5305
4603 5793
840 785
4509 7336
4735 1997
7183 5302
5739 6874
5936 817
6755 1272
5517 8029
4508 2703
9432 923
3731 6372
512 7017
3391 695
9739 7631
3984 554
8670 8559
3746 4896
7650 48
1440 4998
4444 4553
8607 3513
3111 1190
6397 5650
6676 946
1821 6302
8010 3554
2768 7752
3268 7749
256 2923
8756 3163
8558 6569
9372 8357
9706 3365
7359 9867
8173 41
2627 2370
5402 2599
2107 5660
925 2248
2445 4191
7967 8920
825 8155
2756 3142
8687 4615
7155 4596
5678 6277
5186 9601
1832 8835
7697 1475
2892 223
4175 7381
1578 3301
1912 4345
4503 542
5496 6374
284 7125
5666 9205
4579 555
5494 7966
6282 2155
5513 2133
3471 8759
9167 8998
3043 3781
7425 7264
8764 7108
2105 7681
2690 2930
2686 921
4087 7826
4810 5406
5649 2912
4876 1427
4345 4248
9958 1187
8115 3553
1882 9659
4151 1925
7011 9515
9221 2083
8953 4086
8395 2450
6613 3703
457 1878
1727 1010
1725 7540
2969 7746
2184 6284
6041 7137
1406 5492
9574 5449
2801 5072
1567 3108
1719 8377
405 3227
8654 6428
2583 5481
5854 4710
166 1809
3837 196
5664 5045
6654 4773
9543 2350
213 9241
5045 5839
5693 2677
7058 1527
4068 2648
1377 9817
1113 1440
8941 1554
8918 1004
1867 1212
3741 6121
1076 8044
5722 7578
4735 1480
8335 5557
6707 5484
4256 2291
6032 6385
94 6922
2857 9016
2009 2027
338 5294
6424 8651
7960 1459
6972 1040
9954 9127
2634 272
7365 4067
2231 2468
2303 3944
8610 4560
9432 7839
8822 5758
9007 1526
7284 7129
7435 373
6343 1289
6952 3723
530 1186
7004 2717
4254 952
6062 1251
6978 696
2277 6781
6611 3616
9653 8179
1972 6495
4739 7503
4037 8604
9988 6146
4585 4081
613 8185
1634 3489
9138 7820
3734 2787
9877 7464
1447 362
8626 4751
6051 2775
6044 238
2759 5315
4448 5708
152 6652
1486 292
2887 718
6215 1073
7003 8928
7510 7075
5594 4867
8227 8221
1771 4757
1691 2541
4756 2440
1430 9587
64 7829
382 4193
9997 2367
5985 9305
8162 7363
1813 781
5865 242
9437 8429
4693 3424
3864 1048
9379 8435
3056 9469
8151 3773
3086 9235
478 8947
5655 5765
9984 5420
9508 4059
2584 6952
6583 9559
5955 7400
589 7046
8813 979
9719 4813
2282 9901
9402 9730
2803 327
5805 6821
5920 9855
3557 7573
2893 3187
1645 8665
7286 4771
2523 5023
7533 1061
7938 7800
4805 6717
4554 3434
9192 6409
3675 3818
9989 7647
3089 4187
722 310
5831 5219
5762 1700
6224 465
808 5306
4649 1794
7712 3499
4812 4124
5635 3247
8893 4804
400 7674
691 4741
7715 2332
5522 7000
6268 3088
887 5668
7996 690
7380 4246
1052 7106
2761 9593
4596 2837
5105 6053
3038 5155
6351 3148
6089 3937
5683 7598
6453 4828
2901 9687
5400 317
5063 8227
1861 4727
556 5260
8064 6463
3730 3183
1467 9395
5134 4566
4309 7388
7603 175
5348 377
5479 8898
7535 3639
2123 7799
7536 659
8978 5906
6458 9009
5259 6226
6787 6508
1293 2159
7116 6444
5323 5531
7786 1878
7766 6401
3780 987
7295 5996
2870 2699
612 9341
7006 9669
6377 1537
7741 3630
3901 2432
1791 3070
3334 9518
7919 6716
7073 2609
4544 2758
180 4139
4060 9777
7797 8344
1978 5024
3181 7865
3109 2333
3341 610
9922 1508
4013 4373
9765 8736
2709 9852
1196 2701
2120 8180
7850 5408
1805 1777
5736 8178
1634 4171
3051 5312
2690 6797
2742 965
6415 6440
6008 1805
567 5889
3217 2401
2968 2601
8534 4480
5778 7811
7126 6083
623 507
7072 7145
8595 6644
9803 9366
8320 1491
6229 4427
3598 3229
68 6966
8185 24
2486 9246
2905 5596
7638 8180
3278 9161
1992 4215
4879 9016
3106 8341
2509 2897
1884 8778
736 3847
9333 681
8048 8467
2483 4684
6476 5011
2383 7222
8067 2589
4965 7442
2091 6776
9667 385
6352 457
4236 8898
5190 6644
3611 1519
6688 4331
1824 55
9412 1689
6989 3144
3627 4877
1443 1278
4034 3259
8138 5673
8883 9180
8127 972
8767 2968
1084 1798
8766 5277
448 9543
4474 8477
3930 140
6856 6222
1257 8872
9853 2130
7005 8351
6953 2329
180 4585
1023 6320
3562 468
2131 1751
3882 9762
1516 7375
8523 641
5703 9227
7543 3238
3223 6221
2369 3554
9729 589
8630 48
4946 5017
5850 5294
7682 3785
1034 2845
9284 7393
8457 5206
8953 8147
8848 4079
8320 9964
3807 2073
2481 9416
5583 7771
7677 9221
2460 670
6572 1698
3362 1916
7574 8553
3488 5572
2834 9483
3598 5986
8767 112
9632 5341
5949 4325
9165 3694
823 822
9223 6630
7731 3175
6068 8954
4366 5115
6198 9255
197 4159
2523 8803
2801 4006
2368 6782
9451 7778
5468 3056
8500 6533
4978 5898
2070 887
611 4288
2017 4490
1632 7186
7579 2953
4398 9231
4178 297
4254 681
2601 7266
3960 5677
2550 3065
1437 5263
1565 8413
575 1562
6111 6611
4403 9391
1561 9269
913 4201
1463 7642
218 4617
3823 447
3377 5501
217 8906
2105 677
7656 5537
7594 8381
9705 8306
1630 8056
5007 2553
3214 573
2867 753
478 4988
4078 6700
2965 7078
3806 8943
7361 3591
8205 7102
6900 1200
9856 7441
2438 8466
9304 890
2949 1288
6054 4893
6285 5780
7330 2258
6907 6700
4466 3447
2920 6121
6134 7194
7681 2188
1415 3499
8266 8539
8511 2529
3310 4882
6071 7381
2945 3916
3215 4511
2294 980
6481 7759
3755 3046
6149 385
3857 3584
9947 7973
7169 8320
5701 7629
2232 8053
3085 6162
1164 1808
7484 3122
7458 3971
4021 2998
182 7923
499 227
4158 4145
6794 6784
5865 1621
783 3744
7798 8348
2360 5710
9014 1127
9182 4945
5985 3284
5747 3439
8658 7664
6152 384
1825 8471
2779 9429
7812 7655
8261 3036
8040 9726
2738 1749
926 9891
9875 3730
1708 2234
2731 2630
8570 239
5587 7426
8648 116
9371 5485
3980 3725
8353 1904
2357 7250
2151 8333
2868 3901
4548 4784
7533 932
9466 7198
4495 3650
7431 1962
6042 1226
5443 1616
4480 9467
3194 8573
1852 3980
8624 1114
4803 5020
3020 4724
6193 3605
1858 2648
7087 1715
5420 3709
2495 1292
5217 6940
9873 4955
5293 8305
1978 5823
9832 6523
9639 9902
1228 5033
4002 1192
1433 1940
2795 6901
9276 5923
9817 7792
2918 9269
5255 318
5484 6555
4377 5054
8582 6170
6590 9462
978 3470
9832 6793
1926 8008
1583 13
2730 2902
7018 5620
1299 3326
7563 105
874 9334
1186 6157
4891 6643
1545 6243
9575 7732
9803 8542
7844 5342
1005 297
9020 5286
8460 6020
8309 8879
9318 4127
6970 8187
7913 4225
4946 7513
5012 6883
143 6939
9961 1007
5621 4474
1359 2885
6809 1451
4150 3180
1593 7748
1205 6986
6797 2652
3235 1377
3543 6496
801 5932
6802 5034
5762 2749
1609 3958
5125 4159
7571 1381
6820 6011
7663 7967
941 8776
3984 1396
4727 3451
4639 5500
1054 739
9172 5781
3932 6352
3353 56
4568 8387
1697 4648
278 5461
8209 7383
6970 590
6592 2131
866 2116
5504 4863
59 1325
5736 4529
6773 7281
7301 6947
2785 6762
6610 9899
6429 8045
6889 8354
5212 8701
2002 3312
5922 6459
5255 3843
7293 119
2199 7729
4734 6911
7735 8569
1294 245
9554 4774
500 5048
989 2849
8549 4886
2983 2078
1090 5690
603 8123
4232 4248
4627 5612
6604 3583
8605 4928
5749 4252
8779 9151
1668 1397
5450 6870
589 6170
6489 3044
1495 9740
5761 7252
833 6592
4183 2183
582 4471
5801 4768
8809 4308
1773 1094
6682 9718
1852 303
7527 8647
8988 3910
3464 4656
6072 8357
3063 6530
9072 805
1159 898
194 5694
799 5780
4225 2059
4421 3303
8840 8076
7028 3088
4931 8203
766 5452
6652 5031
8189 3588
3203 6452
5063 818
7765 5803
6202 7242
9133 9926
896 3561
2873 1349
2104 6177
3285 9280
8734 2248
1695 3994
9643 1732
3031 1377
3385 4176
2583 22
3163 6344
1530 4793
8424 3113
1441 4366
4692 2562
7754 4351
7930 99
402 1549
9023 6363
6219 7167
4547 1112
3736 9774
1573 8853
5328 3168
8081 3768
6090 4751
9560 5664
8620 420
9460 8210
7007 4325
3022 6961
2732 7958
9745 1998
3393 7298
4213 8730
8494 8702
7031 3851
1246 1672
7704 5319
5111 7599
5001 7041
2696 7697
3 2443
1927 2801
4407 5698
1179 2622
2352 5669
1216 2317
5566 7313
2751 7872
7787 3954
4163 5023
9757 573
4441 6169
7486 4254
1455 3973
4982 1633
8998 3190
2522 6497
248 1605
4943 7291
8074 2526
1647 6965
2404 6473
4926 7822
6664 706
4505 2221
1425 4756
2353 8453
1857 2338
461 9308
2942 2954
6588 8141
4489 8789
5105 3744
1186 9248
3250 3964
5030 7665
1954 7411
9104 5466
3842 7999
5157 3674
4147 3141
4972 5222
2792 2383
1838 2367
3371 1390
6492 870
6814 1366
2006 4934
5160 4188
9518 1056
1297 2833
9836 9629
1328 2033
577 856
8121 2063
3612 5333
7774 1606
1632 2303
8802 8766
3038 1843
2116 8537
3128 2786
7965 4077
4548 3051
1633 8667
20 2545
2455 7458
2408 6210
9527 9918
6841 6606
255 2734
2795 6178
6792 4044
2164 1984
601 6462
5092 234
120 3624
5558 4470
9966 3317
9338 9892
4337 5644
3226 7470
3419 5890
9306 9480
8978 5441
6035 347
7112 5112
9509 1634
5289 6697
1255 1396
7153 3183
9759 8586
8468 3272
288 3205
9985 6553
9671 9691
1815 2529
9609 4094
1208 9570
2641 9703
4885 1961
9295 8924
9833 8773
6365 3519
7553 3952
9971 3921
8024 4848
4349 8123
227 757
7951 8801
7859 9991
8739 5106
9555 9804
3453 3407
9918 2139
9156 9850
3047 5255
2990 5133
683 1424
4983 2064
1938 6766
8294 6866
4777 8828
1969 6018
1988 2364
8031 2177
8970 4486
2833 4841
1119 159
8129 327
5084 5893
535 4770
5885 3851
981 8980
2331 6606
9069 6284
9403 2302
6170 3140
8134 4656
7293 1190
2910 3444
3770 6545
8591 1262
948 549
6691 4233
1830 464
2755 4982
7247 3223
3914 6751
5440 135
5500 4392
1645 3149
4142 7546
7456 2285
5831 6608
6141 5938
2848 441
5038 5021
8324 3336
704 8303
2920 7167
209 6936
5772 1820
9724 4670
9500 3562
2037 7778
7049 6680
300 5300
7181 9945
4620 6132
6774 8655
4764 1772
4786 1504
2970 3534
3097 4122
1546 2966
8239 8819
6141 5953
5604 5762
4283 7334
5569 2242
821 1260
2339 3664
1153 8961
5890 4953
5432 1295
1864 4106
3645 7918
6627 455
8637 1363
3446 1210
4358 6693
653 4980
5253 9824
2386 5967
5368 1594
6747 5793
6465 6358
4885 7212
6793 2193
8252 6234
6150 3324
9985 4564
9526 50
7261 8006
5700 9987
986 2530
7453 1575
8245 5559
3864 9280
8172 1904
2704 3024
4146 40
8096 6781
9927 6859
383 3082
6241 9373
3875 6656
8847 2447
6864 4217
2851 7207
3338 27
9649 6995
1670 1362
1421 4365
5739 7340
2284 5191
7960 6508
2719 8108
7701 5673
1371 83
9095 7301
8531 5809
5390 1557
1990 6819
8858 7111
3392 3984
9704 1144
8675 466
9023 4636
5784 8173
6296 5197
9180 938
1693 2316
5970 8880
2307 3099
7602 5102
7683 6880
2884 990
3836 169
4552 3755
5506 7681
8722 3499
9287 8361
6514 6215
5902 4013
849 4316
1187 4051
1942 8334
228 1625
5278 6328
8072 4156
853 1484
9816 1891
6849 1700
3394 6477
9908 5485
9880 1787
8583 6072
5506 7591
6949 2168
7274 3779
2967 1213
7581 750
5203 326
6046 6590
2929 7635
5592 3848
7003 5655
72 1103
3967 8454
4 1738
1789 6639
6878 8814
2240 944
8025 6722
805 2007
865 2970
5424 2730
625 3336
9234 6599
9553 8621
8212 2327
707 7614
480 5091
9081 2526
9482 2634
2426 5223
8646 6825
3585 2694
1362 735
6771 9931
4320 4945
3081 608
1781 9021
1914 8568
2416 5109
7190 6851
9173 6970
5932 5897
8274 2708
1016 6620
2908 3354
2587 5381
3665 57
4643 5756
4491 6110
5978 3377
5552 8308
5751 5714
3271 3479
44 7210
5700 7266
4172 508
2098 5436
1328 1381
7600 9797
968 8359
7281 6447
7048 3735
7274 3088
373 6459
2917 3249
9761 1122
669 7061
2779 8578
3609 86
5031 9755
1172 6453
9141 6718
7508 2652
7298 980
4690 8658
6163 231
4962 3131
489 5000
8430 5908
714 2331
5294 1841
5107 9613
7211 9969
1857 9496
6867 3163
8214 8071
5966 6918
9306 7604
6934 9893
2263 8189
4128 5550
8355 9154
375 5280
6830 1584
3679 2177
6804 286
5575 5778
2388 14
8474 5202
6960 4753
3023 2275
9734 1702
1414 5452
10 8306
8620 9773
4400 225
1701 6053
6133 8698
7189 1711
7533 3039
3643 9867
579 5588
8607 2908
7850 2231
1262 4562
1791 9253
6935 2254
728 6117
133 4373
506 6261
1673 4822
1356 5424
8038 2715
5947 5159
2930 3700
2703 4378
8502 9899
5063 4471
4383 8960
9047 4707
7071 3263
5740 2250
5833 5030
8468 4075
4509 2328
2835 9009
2441 9308
8703 4922
7787 8791
2957 8546
3341 29
9334 5129
779 9765
4253 7182
3093 4531
503 3921
339 4518
102 8437
9342 7954
5271 8868
537 6013
3757 537
9683 1348
7222 7529
4330 855
1461 6929
459 5828
7963 8129
9679 2343
3688 2987
4297 6259
5954 9078
2185 7419
1927 7150
9229 8114
4023 8394
6735 9839
9967 144
3512 5781
2892 6100
1141 1424
4217 1804
7901 3339
8862 5624
5172 2370
4640 5752
7970 3967
2741 8641
6288 9652
4989 6652
4075 1165
778 1237
8602 7438
5175 4095
1073 357
7184 4047
9062 6679
7857 9643
6024 7571
3947 9102
5117 8493
2433 3434
9704 7318
9140 6710
7766 4954
3069 256
5403 2246
2985 8249
590 1095
2031 2879
1023 4973
616 4714
1421 6706
4263 6286
1139 1718
2581 4928
9410 8896
6903 9527
4674 8086
2533 21
2465 4794
38 5449
2313 5300
3484 768
2601 685
4141 7427
7414 454
4662 3898
3551 6558
2474 1116
5523 6032
2994 4603
2813 1449
8202 2118
739 1912
5748 8878
3556 5590
144 816
9472 7376
9997 762
9969 2466
7437 6488
9858 9926
6911 7607
3294 2848
6252 1808
6861 891
3865 2369
214 8354
2121 8528
9591 286
9961 9671
7439 3043
2532 5765
6737 8952
8308 785
8858 2523
6682 5659
5855 5476
188 1773
7664 7669
2369 5939
6440 2409
8915 5972
5034 1454
5895 4338
5760 6620
1311 6278
9559 5522
82 87
9054 3972
8391 8444
4788 1490
6064 5136
1991 475
6499 8628
3401 687
8312 2707
9619 8037
2973 7784
9080 1147
7803 3319
4388 9446
3248 3294
4925 2833
7456 3306
4922 1434
4174 4710
7545 1100
8489 1492
4562 114
8066 808
6443 2578
1884 7324
3577 3754
678 3706
4319 9921
5575 8388
5053 4297
4612 2459
1449 1305
7271 2840
3737 4948
5056 8989
9811 4886
6673 1873
8125 1194
330 6495
5040 1461
6426 9509
7244 929
3110 730
5177 4656
5239 6277
5402 8803
3826 3860
9447 7527
2323 2387
7844 921
5935 224
7264 5664
7759 2217
2114 5242
9020 1155
7124 690
8421 1716
5446 3568
638 8843
5021 3107
2797 8643
9045 7200
5689 2882
9740 8610
5703 775
9313 2528
836 554
4931 1339
5334 8989
218 8794
894 5070
7950 5144
356 4799
6611 5969
7751 9654
182 6760
7325 6246
4639 6152
3066 8869
1252 1018
6282 7627
5846 3042
2822 6277
6391 1222
5135 313
5210 8009
388 1993
7242 9599
5177 5471
9876 4618
7559 2052
281 368
7092 7891
3495 3279
9129 1873
8280 8948
1400 4478
9283 324
2692 3494
8351 1090
4540 446
7583 8267
8994 5784
7962 7081
5502 3340
3356 4328
8741 9018
1681 8885
1790 605
3054 2435
5363 5672
5654 5389
661 8642
5094 62
790 7276
8241 1394
8194 9402
7221 9645
2759 8611
4419 5918
5430 1798
7527 7060
3641 3490
3199 1911
3232 8990
5852 5739
6654 3373
4699 5207
200 7002
8863 8746
1100 736
3469 8393
3013 6209
8719 178
2648 5500
5544 178
7709 9822
3944 1778
3506 2044
4214 2730
4169 8794
7237 963
5226 6285
3519 6512
6345 502
7604 8034
3847 786
3216 1637
8805 2974
2106 8628
3101 4451
7726 4198
9999 709
9681 1414
7874 1586
8419 1176
2708 9616
789 8495
3155 3212
260 1302
4811 564
3456 8017
528 8770
1880 2521
447 5752
378 7828
3543 765
7504 6764
428 6805
5655 1565
7127 7832
6631 9945
8839 1016
6293 9101
2586 2693
4634 8756
9486 1649
3085 4027
6250 5569
8562 6309
7560 2968
2519 6392
988 1545
1244 3387
8564 2221
4599 8211
809 80
1996 9473
3712 6112
3564 4038
642 6525
8586 8966
1297 8796
6489 3094
9842 9370
9562 4096
338 2207
5413 4805
4529 4291
3943 262
7146 7485
8768 7282
103 3149
8196 5641
3803 8787
6794 1622
3975 788
1872 9507
2810 9002
3920 2889
9285 38
3282 2365
6228 9003
7445 7047
9240 5687
1586 6479
4887 2324
8114 5533
7602 1229
304 670
1096 2256
6648 2663
9839 9701
6246 2171
8010 8995
6059 3520
9152 894
4694 2338
7587 3385
2950 9177
7101 6915
1408 3534
9932 1892
9758 6001
2864 4716
1160 2401
4349 5685
8185 6437
90 1334
8789 915
3747 1061
921 8766
306 4044
6886 2915
2230 1236
9812 8402
7375 7750
4602 1234
4174 8205
9354 5230
3154 3828
2069 3977
8045 7415
9235 460
1903 5476
9577 7556
9003 5196
5433 7071
2401 1329
344 5119
3220 8947
4701 5416
319 5811
3952 9997
5478 4015
8320 2200
8335 5190
1537 9769
5545 3563
4472 3200
2572 1038
8728 2182
2578 7818
3632 7969
2602 3347
6170 1598
8181 8311
6841 147
3224 8640
8569 8859
9720 8395
9398 8021
5873 8840
834 107
1949 8018
6280 906
5699 7806
3069 1765
9692 8842
9226 7439
4581 9843
6716 779
4718 157
3312 6852
6958 3278
1320 5517
4257 6452
7572 1283
2873 269
3777 955
2548 5843
8525 4869
3702 8212
5892 8737
791 9981
8134 9570
5091 6945
3589 3713
5363 8347
4953 5721
7713 6380
6717 6455
9359 8572
401 4850
4331 709
6046 6759
3033 1646
8319 2991
355 8690
3541 4577
4282 6744
7641 6524
3387 2593
710 3543
807 1726
5259 7860
3142 2683
8045 9582
3110 3360
4269 9072
6172 9791
3719 622
8522 3
6119 5744
763 5943
8388 3838
8200 8599
9784 6475
2038 9187
9599 6634
4859 4603
849 237
5123 9475
8054 1358
3212 1425
7626 5302
6868 8123
7000 7289
7743 9187
4940 2907
8306 9923
2044 5316
1236 4602
7342 7580
744 7027
6810 5953
8910 9495
7265 6615
1133 8281
4170 8431
3039 3322
9287 7293
2954 477
1339 667
4271 6801
5266 7105
6305 9574
1684 8582
1035 7805
5507 3055
5769 927
6311 3706
4458 2116
3922 6120
7308 3403
48 6416
2943 4108
5669 3261
7045 4895
2132 288
5459 6311
678 2309
4475 9679
398 1957
313 8141
9577 3770
1940 6328
3617 660
8073 4806
5753 9438
5528 1101
1561 5617
9120 4206
1509 1669
2992 7520
3666 2034
4205 6839
6656 2888
1743 4459
7045 1528
6535 7564
2764 1492
9932 5066
6245 1687
6641 6758
7505 1830
3633 5254
5419 9544
1570 9997
2692 6440
9554 2572
1308 6247
9136 7596
9001 8591
8417 6013
6977 5789
9016 2879
9976 7033
3526 1678
215 9133
7281 2341
2504 1618
4776 1108
3186 3002
5384 6611
7901 7591
9600 8963
3544 5515
4822 9809
5138 4597
9055 721
8951 7145
5953 2396
103 7982
9254 2219
1390 9973
8291 9888
7558 2397
6540 5204
6838 2528
5160 9346
4909 7667
6975 3310
3969 4575
5766 8391
1650 9935
3904 30
6542 2587
3832 3314
1964 5605
7216 7302
1252 6147
9042 6692
5324 5231
4467 2673
521 9061
3543 5795
6058 796
9369 7161
2677 7636
4196 5113
7304 1450
8308 5483
5733 5884
9621 1133
5781 5304
6376 2120
8475 3475
6786 4892
6815 5121
1292 4526
5385 2942
289 2665
3413 8420
891 7260
3185 8116
4844 4759
3427 557
7234 1982
3443 135
5872 6747
287 3874
9764 1556
9635 4117
9053 2489
5105 3549
831 7660
6805 4356
9648 4663
2619 7462
2372 8033
5040 9188
7376 2923
7425 3874
4705 8879
2030 6888
687 7963
6437 4743
7145 7166
1277 8980
4381 188
1077 2763
1946 3642
7579 2005
8431 4274
8095 27
8144 3775
6249 775
7360 1489
5024 569
8595 3648
7444 4438
1971 7093
4079 8008
3367 7993
7240 2947
6082 3035
5037 777
517 9804
6428 3834
5656 1167
7101 1956
7308 2786
5067 9146
6519 8604
8487 1539
157 6963
8287 1334
777 3675
8025 1049
1930 6232
2270 4496
3909 3048
5183 7749
2279 8275
8210 4506
4811 9568
6514 4519
7153 1791
2479 915
2088 5133
4899 5313
296 4094
5898 3843
9483 6247
6729 791
7867 6008
7922 3083
7235 9984
3799 5661
5235 8951
1057 4544
8907 2887
1554 2220
5314 6116
1500 9597
116 3570
4875 4360
1688 7593
2455 9635
9277 3347
8902 2954
145 3803
971 3082
2978 1352
2234 665
5373 3017
3096 5539
1523 9553
7156 7344
7927 5296
4544 9982
5029 4428
3397 7534
9700 2948
9552 1518
75 4203
9928 882
9043 3102
7258 162
769 5899
9681 9285
334 4879
7070 3664
7466 7078
2115 1599
6839 7446
4136 2734
2195 1772
4769 311
9640 7691
1584 6556
5571 2795
7943 5193
5445 5230
6596 7187
2947 3369
2718 5521
5219 1769
917 2204
8309 524
2094 3736
4706 6174
6928 6443
5022 293
6194 2799
5375 8215
9243 9130
8119 2857
1720 6806
1909 4078
9044 1414
3035 8156
7518 6993
1873 5535
8328 7721
668 5713
3521 1516
8202 617
8816 7661
87 3783
9474 3200
8685 5164
9749 6161
6164 5506
743 7818
5317 2540
3168 8687
2368 9914
9595 5890
4550 1642
6640 7417
6026 1544
8999 8416
4146 1151
7508 3271
5009 4420
9000 5585
4066 550
1379 6212
3591 525
3467 9608
6247 7629
6947 6333
6786 2910
7412 2037
5720 4886
6903 854
5204 5786
3022 8986
2503 9374
217 1403
6457 9139
9158 8049
113 4678
382 3861
5965 6959
7743 4606
8910 9693
9684 6129
8111 9063
9146 1200
6396 2626
4112 8714
8835 1766
7968 3173
6701 6003
6664 1579
6454 1097
4104 1209
4524 7277
6671 1416
8014 8434
5904 9209
823 5340
6398 1315
3911 1154
4706 8514
2548 569
4483 1075
1516 1180
3819 6375
8304 1183
1335 256
4908 3260
122 1546
266 4591
449 3596
7877 5735
1515 5392
174 7223
9070 3106
1590 6294
841 7084
6305 2205
3690 5069
3279 2317
9264 7315
633 7298
1070 6383
3119 7073
3219 7768
2181 2627
8476 6493
4851 9250
2869 9903
3804 9555
3954 235
1317 3734
7815 6761
7825 8570
9787 757
222 5102
9274 2943
8556 654
1138 2285
4547 6045
3871 8709
1249 7050
8691 8375
516 4706
4832 9217
6496 4953
7110 9144
5959 369
4345 4228
2706 2979
5435 3012
1181 2090
5364 8455
3880 8548
6996 1701
2879 9135
7498 9168
7344 7951
9851 1432
5030 6098
7531 4955
4311 1455
7545 612
1576 350
5812 5627
8014 2285
7242 7950
3588 9015
8600 5233
3824 568
6194 4495
3628 6841
712 8946
8748 5645
1297 8260
7641 2355
7595 1854
6977 5490
6303 7290
1179 2073
9301 3318
4952 4036
2556 3837
2273 9140
6481 7637
6117 2979
9461 1404
7102 5232
7199 801
7511 1102
9835 9317
3832 8325
2152 121
5438 7038
6070 4592
8270 5924
8372 6673
4264 5003
9064 2556
9127 9559
3193 5898
5481 2584
4080 1073
3350 520
72 306
1319 1136
5978 9629
7275 6382
5218 8152
7917 8601
4262 697
3021 5683
4761 131
7647 9164
7661 8728
4332 1753
91 2951
6991 3
3928 8862
4620 9096
6883 1810
3197 8153
6117 5792
1044 2701
3800 5492
6258 2042
8898 6188
8151 2896
7214 2266
8381 7618
1 7649
7305 8529
5056 8246
5867 4201
247 4632
2023 6134
4935 5997
1521 516
3375 8917
4865 839
7818 7584
5723 1151
8524 718
6012 2486
7954 6964
4800 7348
1996 7909
6413 3132
7831 617
5203 2226
252 623
2497 3560
4294 2629
4355 3619
8943 9561
274 2289
6111 4361
7376 1390
2232 242
1472 7882
677 1209
6837 7732
6355 1135
6336 7436
9032 110
4733 6739
9862 8043
7133 9801
2786 9191
2189 5402
4214 7874
2662 5698
9808 805
9 7855
4522 259
4526 5815
7420 3285
1927 854
7925 9392
6740 4984
3599 7439
3330 6181
247 2209
2849 4786
9381 2580
3108 6503
8513 4323
3687 4503
1445 3596
6291 1680
8918 7660
8264 8386
6867 8006
751 63
6754 3570
6394 428
2718 1667
6502 1896
3586 3537
4703 2196
9239 600
4709 1955
7750 8253
9949 4684
5407 1673
6047 3679
9474 4185
1841 2097
2934 3772
9709 1808
7602 7952
5092 215
8040 8759
8158 6423
8708 8159
3339 7978
9303 6618
3827 2821
1188 5330
2463 9482
135 940
3380 2275
7969 8986
7039 283
5064 8056
8028 3022
4351 1846
6598 3667
2270 7728
1968 440
3138 3946
2741 9221
3831 9398
855 7425
3473 4722
3301 9506
9345 3923
6290 3951
3788 5954
4828 7035
5153 3220
5202 3916
2618 1448
9728 4191
889 3088
2476 2956
7638 5494
435 7476
1664 7946
7691 8243
3201 8929
6994 4703
7584 7763
1180 9025
5978 1282
3398 4703
2156 8277
7212 9209
2560 6043
3959 138
4887 7953
4969 4882
1495 62
7624 2656
3763 8680
155 4089
2376 4971
3580 4229
3008 4531
9158 5275
1927 4600
6452 8385
892 3892
4952 6464
7167 14
2895 5563
6422 6582
5856 8936
9896 6389
7142 2912
1837 8135
3839 468
2384 1750
1074 3884
108 5778
5025 6449
952 7618
3962 8830
36 8938
7913 1230
2589 8278
2994 3861
5330 5415
3407 1625
1052 8802
2474 7163
7298 9086
1857 8211
9645 811
7705 5738
7012 9739
9368 1127
6956 1784
263 8290
1397 9123
4042 402
2876 2676
2234 3613
2269 2367
1065 8407
9773 3801
1839 3948
5816 2840
3106 9895
804 6561
7334 4985
6228 3942
3548 1664
5241 9707
257 314
3075 8633
2745 8513
7448 2936
7949 7087
7975 1468
6080 1193
1298 4751
905 329
920 6511
191 3563
6447 1475
7122 8571
2293 2969
2224 6045
1412 7778
2211 6296
9771 9498
4181 303
2262 5022
6690 830
6334 3706
7958 8430
6897 8038
7018 4940
3490 9453
201 4649
4236 1844
5966 2611
6470 7209
2418 6500
4549 4772
5221 4706
6852 9084
6617 5865
9754 8129
6732 4370
3407 331
9920 5137
4071 2386
8674 7058
304 5280
6225 4125
8851 4400
5696 1486
3051 1277
1351 142
5376 3768
2321 5926
6966 5896
8701 5519
4977 9485
5039 6125
9138 3763
6517 8613
6430 2292
9557 7726
5774 6063
9993 8376
7850 1992
1534 7330
8220 3863
1348 2979
7558 9231
9839 9987
6928 6437
333 8240
5376 7423
7402 283
8547 3060
9323 375
4012 6698
2912 2165
5437 9463
6116 304
637 4751
5181 6363
5530 6325
8164 8085
9007 2376
4170 4460
5844 1728
4328 9802
2460 9353
9585 4070
1489 6319
9796 8178
1888 3423
7796 2016
4508 1949
2125 150
6302 8575
7921 3704
5742 5412
776 7043
493 5073
7403 4630
7182 3449
8328 241
5805 3219
4162 9486
3296 4496
4838 9438
4706 6322
1597 6723
3881 4435
121 9541
6193 6002
2385 2961
3087 6102
5345 5958
6401 4863
5933 9479
8107 8374
4940 6856
7025 7839
4695 1440
4607 8409
5784 2705
2996 6534
8207 5094
6277 893
1380 8701
6957 4164
41 2136
9496 7302
1262 3815
6629 5890
2712 7500
4449 2908
8844 584
850 154
350 8241
9186 1475
8252 7408
8341 6066
4279 2744
8309 907
3611 9303
2588 1702
4450 5485
8188 433
4953 7670
7489 697
5 3198
9090 8169
5593 3512
9631 7469
7859 4066
2617 2485
5043 7213
2946 7002
1348 7614
655 5841
5957 780
917 6019
3905 1173
934 441
6516 1211
1914 8762
1115 2755
1213 4369
4299 9107
2451 341
1561 9228
7875 7526
26 6554
9651 7904
745 5239
5605 9125
7458 1469
6060 2615
6026 2818
4215 4641
1782 8882
9212 4901
147 8265
6097 5653
8325 9814
1634 4708
622 7911
571 1779
6449 6487
6502 8320
7878 2399
6678 232
7876 5737
2473 9871
672 634
3036 6297
5776 7847
523 8925
9103 5078
8429 7133
5354 8516
6017 7272
8871 634
6668 7741
6065 1072
8106 4987
4022 9339
1725 1458
5691 1256
1064 7451
9135 1840
1365 4598
1519 4016
8369 3183
1770 1192
5343 6924
5327 5444
9410 2675
7329 699
446 2475
3668 7940
4548 778
3643 6162
7322 6370
7617 5389
7411 5570
8929 9785
4267 7690
7804 9970
6750 5019
5420 2081
618 5389
9319 5259
5192 1469
9800 9846
6215 8353
9515 2721
1773 9360
1623 9932
2594 6825
5153 4993
5616 816
417 5833
4548 3353
5211 3031
6515 4174
6534 6729
8481 3742
1989 328
1547 9370
4509 4946
2091 5822
7074 4283
7594 4430
1617 9605
1063 81
8432 3358
4255 8294
634 4171
4241 25
5196 7606
1819 6915
5897 9883
2568 2714
9426 7330
5150 8795
1565 4859
5661 3471
1893 9996
5815 3497
2484 1373
2397 8754
2861 1855
4409 6497
2670 1778
2589 1889
2676 896
1497 2904
6827 1734
7418 7397
2922 7343
2604 3304
1545 9954
3033 1318
6429 6901
9308 4608
3135 1709
3180 3533
4708 9784
1066 8935
7223 3095
3433 2314
2976 6841
8073 1121
492 4463
1934 2477
5223 303
4402 5250
828 1879
9108 6824
2462 7071
7815 8093
1020 8329
6903 8649
5768 7468
4539 1793
7414 5977
6918 1308
2815 6265
2921 5286
9616 5948
771 1346
9898 3059
4235 2505
7577 872
3984 225
3261 130
3550 2824
5381 6035
9718 5394
8897 3106
6007 1130
6794 781
533 278
198 6326
2174 3264
4272 6409
9381 2660
2958 7760
4079 5250
7243 4353
3388 7919
1389 3684
9745 3819
2596 708
4733 6605
1836 9357
9606 3137
6989 4622
8471 312
3136 9772
7293 3247
6521 8216
25 1647
5536 4125
8314 8340
1102 8381
1853 5782
5391 4219
8198 5275
4122 2324
1013 8709
7677 4393
2798 3995
2045 9822
3771 1588
3859 4547
5974 3126
6014 593
2123 6279
4838 8493
6107 7885
7566 1104
9660 6848
1201 8278
7567 3622
9556 6958
6219 4180
6611 8691
7863 9924
633 3115
71 2866
7707 4797
5250 5205
5336 9186
1750 8962
2389 3780
6932 2030
4731 560
1457 8775
920 7140
4693 7325
4505 7934
6227 965
7251 1569
4800 8098
1445 7034
2082 4767
2083 5522
4249 3155
9356 7711
4335 548
9772 2119
8417 6804
8872 9113
2348 307
5785 7558
5026 7843
8152 6315
580 6774
1682 7625
5459 9959
968 7988
9303 4098
6825 4176
8718 8936
7571 5706
1168 4853
7723 9300
3257 216
4681 3891
5552 1774
2346 6930
7967 4284
3819 38
5173 4187
3719 5132
2744 7550
6253 4111
2132 6884
8184 1893
6030 8038
5221 1185
5669 2344
5209 2713
9174 8080
4407 6286
4425 3719
3333 1462
4491 1913
278 6456
1173 1685
6273 685
7364 9928
7305 1011
9381 7040
6692 4779
704 893
6140 3279
2498 45
5713 3272
9492 7549
5763 1228
9640 559
3120 3865
8380 1155
4808 8183
5749 5131
5307 7240
7952 7945
6050 7912
142 4725
159 9787
6050 9408
8079 866
8520 7991
7101 4975
9073 1469
4794 3515
4201 900
9532 5600
7980 9141
5301 2588
2353 7646
4863 7208
1891 5408
4407 7972
3513 2022
5909 4976
8981 2649
474 8101
2165 4983
4719 7313
7218 5997
7995 2936
5543 903
8930 1691
6346 8543
9575 2350
5093 5118
5874 9124
1502 1068
1792 7355
5311 5136
486 8502
7517 6355
39 1533
8739 1294
1784 4056
8240 2781
1829 3716
4743 4083
2029 1115
9628 6635
8876 1149
7521 8579
5562 2589
460 3832
8207 5778
2750 880
8797 4323
5815 794
1829 5009
7087 5005
8924 6448
5665 8022
530 3171
6363 761
8748 6287
8745 1957
5373 2625
3255 1458
7925 7912
888 3811
8787 7399
3735 3012
9595 3396
2729 1615
8668 3263
4572 451
8977 6085
6998 3984
9580 3638
5893 2147
2299 6529
7246 9480
1438 4187
3814 8504
5703 5357
7187 1189
3425 6431
7826 7508
4119 5151
4883 9982
75 8680
5157 9381
4475 9912
6780 4778
2277 9522
6137 6578
3769 4323
9061 7675
4824 5727
9890 3543
6196 2377
7257 9531
1066 5987
8785 160
6995 3908
5138 7893
4289 8997
1430 1245
2345 3303
3479 5486
8237 4449
6739 5926
5442 2491
4119 3244
6706 5288
1131 8463
2857 5779
4598 3582
5439 6207
8990 8613
8317 1362
542 7194
3197 8085
5365 4153
8311 908
3899 2095
8871 4218
433 2291
2989 3887
4609 7128
6265 8484
8110 2554
5272 2033
4303 4859
2427 7385
8259 663
6030 1129
8333 1148
6172 8930
4971 3405
1296 9412
5915 1475
9698 3904
7589 5555
5468 6960
7642 4749
442 798
1512 2006
5991 1109
8390 6598
4145 2395
1420 1703
7335 686
9473 1493
5463 1677
2844 6134
7802 3442
6177 4279
6893 4758
7326 1550
1473 2340
4021 7210
2474 2809
5272 3206
6184 5617
9391 5384
9271 946
2952 3960
1081 8073
6483 7288
6873 6977
5390 1569
3182 6636
9783 5206
4864 2001
1349 4943
2259 6586
4650 4049
320 17
7560 3633
5122 9664
8639 3958
3723 7668
8270 203
1978 1972
7012 852
9750 9392
8805 4401
9644 5183
1636 4487
7801 6780
1117 9301
6474 2424
9997 7168
494 3406
2288 3225
8221 2917
3898 1565
5909 472
8029 9174
3748 691
7575 9841
7121 7367
7403 7691
1701 8182
4361 9999
793 6350
2946 9675
3472 3141
4575 5467
8931 7455
6127 4660
2103 9776
5291 9436
6596 1256
7661 2585
3999 4882
1410 2972
3180 3024
1922 3484
9580 3190
9385 7304
4763 1872
5842 6258
2885 4765
1487 985
4513 6676
747 3161
9770 5195
1679 1485
7409 1567
6868 5794
8964 397
4645 4172
8092 1942
7359 9163
4155 2634
9559 8626
6530 2921
8017 3148
5623 6485
7628 5775
1504 4557
5521 8693
780 5508
8148 3656
678 4425
7993 8377
3819 233
5517 3516
6426 8585
8143 7973
1307 5611
317 6834
8546 2391
1533 6505
1980 9500
9096 7220
7439 3819
5785 854
4326 9249
8434 8340
44 6220
4201 3279
9461 6380
2146 428
2106 1517
5092 7686
1538 3116
5720 3301
4889 3692
8596 1621
2452 2963
1598 533
6692 4298
770 3904
1620 8629
4826 5807
4153 5155
9171 7155
4775 2571
6210 2780
7855 7388
5411 3635
4662 721
6896 1904
2376 147
3834 9521
3769 1332
7898 5583
7539 728
6965 6331
9330 3816
3578 3625
9129 3851
1072 4274
8166 7522
2420 8166
2426 9259
5960 7367
8991 1513
9605 1225
5260 4399
1150 7522
628 5377
4500 9357
8787 2667
6907 34
3919 7521
9387 8607
6523 7328
1676 6986
2597 1702
2256 372
6024 2140
9423 1531
2775 6863
499 3159
4826 4693
4392 5156
4040 435
4267 40
196 5924
7056 2958
9208 1991
7992 6727
4692 5670
9448 6070
4034 2485
3661 1295
1055 3473
7376 7940
5305 8993
7783 6113
9841 7908
5311 5479
6832 348
6839 7052
5212 6003
9658 8225
6576 4611
5639 9536
5209 1119
7772 6214
7263 4151
4555 8347
8079 5056
995 9050
497 8279
735 7966
1609 2813
8384 6686
8291 2452
2039 8963
1498 4204
3651 6413
3265 6634
8857 2645
2739 2548
3539 9473
6422 1026
9073 1280
6711 5766
1440 859
3221 7759
1148 1598
4916 1360
9731 6635
9107 3667
6704 1453
3132 126
5747 8332
7533 101
9197 8917
2195 2566
3812 780
9564 3801
5743 2385
8822 6150
6198 2592
6922 5113
741 231
7010 1212
4700 2795
6437 3233
8200 7406
831 646
4387 3462
2280 130
5307 8659
5860 2193
8214 3877
7934 9533
5430 5859
3196 9639
6092 7946
4378 4094
4787 1056
5327 3908
4586 893
1244 5005
67 9284
3718 9900
4726 883
5920 1491
6784 4055
5793 2001
2097 9249
2375 9069
1467 8407
3626 7696
2503 158
6258 1831
4193 5151
198 3067
9100 4690
6568 267
8461 9570
3331 3142
2195 6959
1299 7844
1026 8180
2849 6221
9912 9774
7371 865
1416 4270
402 3284
3413 7399
5383 6554
4588 336
2330 2088
170 1424
4604 3371
5425 9821
4106 4774
6050 2229
3766 4192
6218 2141
7435 3492
8792 1495
9906 2118
1561 7507
7746 3185
804 7930
6899 2922
9352 4367
1994 7093
5476 532
6157 710
3643 3383
6848 7886
4684 8571
4288 7401
9259 6777
5976 8389
8809 6831
625 5385
8460 8358
8038 2013
2058 654
4779 9984
6173 7993
6982 9951
8005 3458
3377 5600
3961 9846
200 1071
8793 8602
2483 312
8049 7155
4684 3523
6591 4022
2174 4507
9930 836
8914 8738
6335 7628
8628 7471
6242 8058
4435 2670
4912 3695
9015 5922
5257 5426
8664 8227
7854 166
145 9508
4965 6367
1849 3127
8430 196
7726 2741
9226 3503
2328 9238
3935 3013
9743 9520
6437 458
7626 1396
3109 9852
4060 168
757 3878
5399 9617
5222 6115
5149 6022
7873 2574
2767 7905
1912 3061
6699 8312
3251 3243
1655 686
5487 1839
5138 4925
7043 1212
4171 2036
9576 1109
1028 6433
1608 5631
8885 138
5819 7710
2541 318
2836 5744
6997 9440
9226 5549
6320 883
4359 1190
9180 318
6007 2307
7013 4482
505 3205
4355 6776
5897 6537
3361 143
284 3666
5363 7166
2009 6268
8447 5220
3677 9155
125 7962
958 4588
8270 8388
8766 720
2387 5497
3708 9768
1568 3809
6116 9626
5245 8612
4789 6871
4281 7963
15 3526
9271 3149
3489 1484
4255 299
4608 9313
215 2406
3827 8061
7238 7505
7408 6006
6404 6008
2069 1300
5487 5749
4226 6298
2041 9443
4330 326
2581 1524
5212 3018
6682 4212
9219 4129
6165 1151
7643 7534
2502 5550
7182 1103
6408 6102
6506 5939
7199 4640
8364 7474
4998 7623
2424 8674
8484 4461
2801 1779
4540 7180
6054 583
5971 6020
3990 1566
4822 7978
7048 4874
7226 7547
1248 5587
6260 3183
8587 5564
8987 7946
7781 4667
1403 6198
5647 332
6757 5603
6259 143
3010 4831
3442 8856
4682 8108
9016 1415
8121 1572
5035 9344
6134 6148
5190 1262
5967 2498
9191 4540
857 2685
8124 2995
8062 2716
6469 1240
9708 7698
28 5799
1403 4459
6000 7168
7997 3080
6654 5068
640 4164
2545 2414
5493 9852
5421 570
3945 120
4026 3152
3491 845
2305 7564
47 6403
9833 1195
1630 7196
3048 226
2793 3288
3984 1543
9022 323
1004 621
5964 9993
8543 1120
4938 3574
2432 7681
496 4746
111 8305
5028 6809
2864 3432
7156 974
3668 2221
3112 9293
5945 3471
6998 7271
857 2592
554 4618
9533 4948
4177 8737
718 9152
3103 5723
8122 5487
3762 8578
4684 3205
3273 7709
8574 5844
4929 3298
8240 5826
7246 390
7093 485
1337 8175
6583 3960
5552 5363
676 3228
8489 3953
8974 4422
4029 7937
3391 4679
3835 7098
584 2975
9076 6613
2246 1706
2716 165
8139 612
5749 9641
6969 217
9876 3923
1074 9299
1585 6252
8454 7267
6319 5562
4722 6625
4722 2313
9639 5197
2547 6326
8720 121
7886 6838
682 211
4239 7809
8298 2134
3401 7412
3326 8906
783 5844
7206 9805
5040 4133
3450 9073
115 3000
4018 4134
5930 6809
6857 7831
7296 3492
2341 5943
2642 9453
770 131
8110 5648
966 5896
7678 8853
4770 4877
6708 2918
8017 6429
5287 3101
7110 3292
9064 3697
1423 9627
5000 2691
5162 4539
8639 7269
9020 17
2282 6714
9051 961
7999 846
600 7578
5302 1721
4186 5036
66 2183
8705 9744
1667 6728
5518 1534
2344 5641
5554 4894
3485 4022
9224 9551
417 4727
3932 6458
3630 5371
7224 5367
1987 5213
4225 4747
6720 4435
6881 7937
2070 2769
9836 4302
5114 5316
2928 8255
8040 2453
9926 9029
5024 5292
3800 5553
8594 8221
3899 4598
4898 7701
3298 9090
2126 9953
1445 5048
8795 4724
6271 1166
4948 9645
4612 562
506 3685
6920 5139
667 7448
6775 1283
5538 7219
8985 6671
474 1834
556 7297
3360 1215
106 5677
500 1940
8323 1900
1932 5667
206 3904
5004 2116
836 9324
6745 827
9595 6679
2330 73
8191 4511
3793 94
5218 4678
6086 8483
8909 7469
1048 5208
7501 3440
6855 6834
8187 4223
577 2330
4664 2366
6503 375
1358 3769
2489 2102
9917 6170
1757 4519
3403 4627
5760 9772
6666 3877
5688 1283
2093 8505
3082 921
2500 6120
2797 6903
2083 6529
4836 4618
1140 7373
2744 2928
6410 2120
8390 8841
6481 1497
8302 8179
6280 4579
3710 5320
393 732
4050 675
1442 6302
2185 720
2805 646
6967 7843
6235 3416
4320 7497
4130 6903
8238 4990
3074 9510
9136 6626
5149 3047
8799 4416
6013 7680
2918 7747
9755 1579
8577 7671
563 3259
113 7990
3507 80
4628 41
8679 3675
2896 1347
2421 642
2197 8998
8195 5160
4844 9921
6889 7006
847 4860
4765 3825
6307 3014
4448 6076
4670 5754
6385 7523
414 5929
6499 7875
6331 3222
7620 7811
8568 9006
830 9658
9210 1067
2676 3174
5088 3095
8388 5282
55 8518
8252 4304
3504 9834
1094 2536
7606 8601
4894 2426
877 1566
9193 334
1702 3272
7883 3125
3588 8422
5153 7688
7262 2095
8062 8488
2744 906
9605 1182
2794 3963
4732 8413
6397 9352
495 3363
9679 6263
2681 5734
7508 7359
4229 4769
5697 401
2170 1451
8351 2819
545 2952
7990 667
317 2446
9390 1287
4696 3344
1138 3524
1613 8225
2128 5159
3576 9247
3676 4939
2664 8167
7189 8375
8212 8628
8165 9008
7124 6091
979 8276
2063 8823
139 6082
1145 1207
53 2921
7650 3964
50 8295
2908 2776
4690 4792
1277 2489
7374 568
5522 5907
4058 6541
6726 225
6179 300
1959 9324
3182 9751
7728 2224
3513 2675
7269 959
112 9385
4355 9964
7183 5971
6042 2141
5760 32
482 7643
1397 9380
1603 6343
541 4903
1687 8132
1481 4361
2099 3096
4744 4048
1733 1923
4711 8146
4345 731
6566 2484
6851 9824
1068 8557
7037 7375
1131 9709
5815 2345
2933 9542
1330 8514
2257 5203
7963 3790
5562 2195
351 7082
3694 696
8421 6385
9882 1334
2550 1809
3547 3913
8389 538
6400 9252
1356 4583
9475 908
8318 1952
9571 2113
5835 3278
3636 889
3947 2325
3213 9800
614 5968
6012 4335
6871 5231
9570 1265
319 1136
787 2329
6153 1431
8934 6636
8316 5986
2181 5007
6605 1844
