10000 10000 10000
7767 5713
9023 582
3759 5948
5940 7186
2038 356
1823 4192
5886 3770
7900 7923
4030 6983
2211 3054
5746 1430
750 8083
9091 5490
9419 5142
7591 6774
9240 1155
4683 5376
8404 2863
133 2186
5610 6372
5058 1965
7894 6133
5072 7326
305 284
5673 1881
6792 8225
8090 510
7031 1102
5094 2916
2875 1175
1009 4962
9683 6301
3608 5783
1979 3676
769 118
7418 9887
637 1850
906 4161
7875 9579
4367 5616
6763 4725
1757 8808
5289 324
144 1569
2067 6994
2794 1238
276 930
3047 5320
647 4902
1148 4927
8986 1845
4515 2612
6832 2257
7111 2997
7014 8380
3175 2572
6447 2575
7534 3085
1807 8351
8342 9254
6918 3854
1356 7767
3480 4780
8901 3178
1176 5644
5956 7931
8 435
9946 6226
7550 3596
3281 9978
211 6117
4813 809
1397 3753
7883 5114
4316 8944
1587 7476
1600 7098
8784 7991
4536 4457
9752 4392
773 8499
6178 9250
5511 7458
9713 8938
8708 8895
9461 9189
3695 2400
1615 945
1286 7394
9407 660
1187 4719
9402 4915
6042 1951
3398 2202
7489 6890
4096 7841
3630 5549
8229 657
677 6667
1734 890
1742 5981
6683 8584
5487 5977
6011 7668
1756 5380
5775 2103
4115 9232
3054 9975
5665 6286
6840 9222
3046 8261
1719 1400
9143 6162
5518 4072
9737 1832
6128 3936
6816 6842
7794 5981
3965 2599
6520 5509
3480 9635
2637 4981
9712 1514
7673 6686
2023 8142
8646 3359
1067 4645
2658 2304
4526 5133
1995 2239
9628 6601
5553 8139
9518 3743
9459 7125
9409 815
4625 4554
1408 5367
2503 4165
1357 2134
6755 836
5608 7139
4382 1943
8735 8559
8579 1564
5501 6093
4535 2837
77 5503
4297 5807
3619 4970
6263 4493
6021 1059
8866 7289
9552 2369
6341 6328
2878 9601
872 3431
7408 5194
1664 8667
5441 4986
8699 8672
2007 2335
5301 1117
3195 8057
8827 4908
6238 9904
6138 8288
998 8588
5548 4297
1003 2253
7996 7186
437 5256
6728 1849
6615 7218
9377 7034
5130 6422
9232 4583
3701 9241
6556 2887
1667 6255
4657 4063
2559 375
3136 2310
9381 5294
2153 1550
3063 3902
3568 6609
3985 6332
3671 6264
8025 8164
6750 2129
8260 1094
2 8969
6137 9033
8713 7641
7561 1338
4365 3811
6943 6253
1503 6174
2155 2878
2614 1572
7420 1157
8950 8829
2769 4092
471 2226
2580 7457
9563 6548
7249 6577
7623 1316
1457 7525
1270 3267
2872 3875
1611 3459
3634 4625
7248 7617
6949 7063
8693 2316
7202 6906
6193 5213
7529 1462
4243 9682
8538 7424
8181 6633
1937 2403
4777 3482
4558 6801
6911 8870
3803 6282
7954 2274
9324 4979
1089 5337
8010 6357
8809 1116
225 3172
2632 4277
5075 831
9225 2222
9153 2405
8811 5969
1832 5958
2163 6710
1340 2225
4625 6757
3411 9078
3395 1184
8499 5491
7680 6833
3783 2856
6215 1035
5798 7877
6112 6473
1276 8509
3201 3568
5983 5359
6868 5878
7686 2947
4649 7806
3592 3572
9371 1928
8297 1667
2832 3195
643 1533
9801 4512
2494 7737
7790 292
3929 3787
6610 6649
2503 2755
6253 3204
3558 757
8497 843
9077 836
6826 951
7693 6756
6803 1911
4423 7343
3318 3921
1634 6585
6296 3824
8710 1294
8489 8992
9684 9538
1855 2143
8817 3303
2735 1712
1900 7201
2075 2623
8386 9023
2511 5758
6465 5033
9447 948
5716 3100
1474 5521
9459 624
6449 1372
3514 8060
4760 4571
1816 5895
9481 2228
7445 3645
2841 1346
4590 6535
1568 2223
4652 7457
6803 6987
7981 8935
2427 9009
9192 7844
4522 683
7511 148
1475 6862
5356 1889
9049 9831
4460 7195
6278 9461
5208 3853
2845 5192
8103 8488
414 2056
2372 631
5523 1153
9226 9571
902 7324
9039 2190
2062 4942
9073 2445
5130 1606
1148 5273
2697 9355
1124 128
660 4485
1330 7932
4056 6259
9006 8965
5907 7988
2806 6427
6036 127
7409 5535
409 4117
6694 1481
3977 6580
9145 7117
2465 4808
1067 3475
3366 613
207 5194
8870 8704
415 9015
626 7373
7489 7525
2296 1575
3566 6815
5002 410
2630 2174
7617 3414
3765 8774
4374 513
3338 8167
6721 1698
1143 3570
8643 4056
5933 2770
3458 4284
4963 7965
1906 7549
9217 3579
8161 2576
140 1798
2827 6405
8434 5012
8061 1817
8704 5062
4609 2204
1029 6115
7410 4843
1186 9034
5197 9122
7316 8225
9781 1102
6174 1797
1476 959
6135 4397
2114 3797
8584 3662
972 3762
9621 14
2026 588
9981 5333
2737 6664
6068 5118
3004 7832
4448 5366
6980 57
1112 2352
3888 4040
1676 8027
8367 9634
8455 5318
17 9396
7346 6234
3888 7277
2711 7192
8919 6817
6955 1357
8589 8810
2093 4852
3628 9276
5360 8002
1798 6949
7609 7457
1724 9825
1819 3055
8523 154
2343 5427
1956 9647
210 2913
1981 2866
6706 5173
7298 9810
2530 2228
1080 4371
3738 5744
851 3008
2094 5771
8486 6368
1662 6323
2888 4428
5348 5526
9035 2552
2397 4818
6390 660
6449 5261
7770 6476
9519 8391
1634 528
5824 6111
8652 334
9661 4296
9328 7237
4088 7062
6829 7641
9039 1457
7904 4004
740 1288
1479 440
3124 3541
2393 8227
5978 1041
5176 5504
7415 1237
1648 5396
1705 1779
4657 675
9656 6583
1344 1231
6448 6478
3656 8541
1645 9092
1369 5680
7523 8960
2379 2662
201 6785
404 5216
6638 1178
6377 7716
2198 1314
7646 9343
3506 50
4288 621
8307 8735
5419 8265
8346 2350
1863 9095
3223 3978
104 2388
4326 5844
1501 5804
220 4869
4839 4047
5279 609
9164 7554
6463 9606
7555 2879
783 3196
7890 4793
9888 100
9147 613
3245 7918
7276 3849
6058 3009
1800 8195
961 7568
6740 6960
8373 7704
3908 4648
2240 8615
740 9606
5917 6760
4852 3001
2695 4663
5632 6060
1384 4227
4782 5146
7790 2888
6222 5325
1458 8910
7037 8474
5182 9164
3813 7521
1689 3190
620 9843
4798 6938
1575 5861
698 8397
3033 3817
9061 1731
907 772
997 1769
4999 2728
7044 7167
8279 706
4149 3061
2324 8099
2561 609
9079 5117
1693 4394
1199 2839
3138 9564
5735 3095
5723 6120
5736 2133
398 4466
473 8606
2819 1559
6472 8611
7105 3728
1147 1779
9328 3970
8468 9710
1547 1045
109 535
9001 3295
9194 1432
9136 1842
8332 6207
1517 5426
2630 1553
2014 2547
8598 7752
7879 9421
5655 3370
8714 1424
5182 7408
4157 9386
4319 7315
9886 1157
5646 2433
6306 596
5409 3102
1880 7519
4858 6463
7758 2152
9490 7464
2031 563
3880 3904
7552 8497
7519 7083
8826 9163
5879 9048
4177 8416
3369 5746
852 5779
5654 1268
6884 2518
4065 152
6904 2924
1290 9122
9522 5485
6120 993
3889 8054
2804 5451
1788 441
6623 1445
9905 9012
2690 9364
2022 1454
8781 1464
5569 1267
1541 763
7389 5531
8146 241
7694 1947
7385 5298
8862 3899
1901 3015
7582 8544
7350 8801
6860 1452
4009 9406
7297 4788
9015 6791
9540 1870
8754 5260
5517 1808
9461 307
1290 1325
9803 3351
8435 8131
4575 8028
8313 8258
7486 9752
25 8572
2166 2157
6988 5104
6916 240
2944 5502
5995 4336
9778 7725
8815 2969
1739 4675
6769 3711
3017 3250
3620 1633
4564 433
662 1217
65 4054
9122 4069
4913 1116
1927 1790
6345 1226
1232 9231
9991 2705
7134 3795
5566 8781
7574 1899
7945 6872
544 1165
51 9556
5247 3429
4800 4944
6406 1835
9291 9362
9817 5702
625 7631
7585 4408
7536 1622
9100 722
7535 2184
755 4966
985 3261
5586 4913
4239 3731
4041 2162
4805 7061
1537 7803
9799 5714
6707 3302
1358 1196
1875 9505
1355 640
4077 3323
2936 2784
4517 6246
9627 7572
5341 6729
7434 9993
6736 8125
5436 3486
7916 4744
3543 8026
7169 8726
8933 9480
3521 7323
6836 9318
3164 8013
2557 814
1010 4027
2139 8963
9027 2454
6689 8584
845 3867
9573 7602
3329 390
9816 2709
9463 1729
1490 7260
4731 4827
4350 4333
5668 9225
4087 680
5144 9652
8624 5784
1798 2392
4555 3803
2068 3408
8390 4314
2291 5650
3067 143
3750 3170
8505 3164
2817 3589
1557 3007
8723 6392
506 3873
594 1876
8555 8223
1812 7381
3048 6970
6098 9586
652 7630
1711 9190
1078 1364
8936 8036
5257 2497
4001 89
421 9264
7616 525
4145 345
4879 4423
8947 6684
9024 1723
7328 4053
4097 1079
1198 3739
1895 9784
5121 4598
6013 8659
1157 9193
6412 7164
1486 7770
1708 9155
5542 774
9860 6179
3388 7682
6147 711
4386 3834
3521 888
8565 3292
7506 2234
1691 3187
2620 9233
6492 8111
5958 2644
1427 7493
3826 6305
3389 1719
8394 2997
9662 7985
1899 4640
483 3731
7922 9487
9202 646
8063 8122
2899 1401
143 1376
579 8437
2929 3570
5825 2554
6377 9445
5371 1309
7040 1236
1973 7582
3384 8271
1020 9142
6134 62
2714 2055
4656 1019
1588 9811
4461 1269
6385 4900
6862 81
6228 4533
8284 7022
3562 6438
3278 946
2487 6197
4505 3381
5371 3360
7802 6465
5365 5446
1944 996
4247 73
7593 8741
8126 7026
5106 6223
1390 9059
5726 5923
2873 1090
187 6672
2222 1956
4113 9892
8337 7572
27 269
9727 6958
1203 2894
600 1594
8771 1570
1360 7157
6926 4062
3022 1408
1778 7168
7355 3308
3357 5335
6535 7446
1544 9001
5245 1079
5909 135
3124 4682
9570 9108
2325 8185
1319 2342
3151 5862
5154 301
7370 5271
2870 4912
9651 9949
7793 2496
4175 8503
3254 9698
630 3802
6772 5237
8184 123
8617 9749
7331 3839
1456 7945
9717 7475
3642 2078
9082 2758
2684 6345
4854 8271
4206 8088
419 9363
4611 3856
6457 1
1205 721
4308 8842
7824 7857
4357 2498
6849 2802
8863 1844
2175 504
9732 5081
5285 7573
5630 6582
4304 6130
3268 9926
1917 3734
1242 6956
7628 4751
667 4647
8335 1895
1337 3769
5618 652
1230 5353
9655 276
1016 7016
1043 8706
4300 364
1924 6597
7087 5252
6616 7941
2831 7342
5084 3380
4848 3797
8512 6655
5855 1796
5628 3741
5110 8122
1246 2273
2059 6560
7230 2296
3038 7023
8595 7064
3399 1282
3604 4444
366 3141
4978 2039
1378 3234
1241 3388
1622 4884
6791 7368
7158 5567
22 2177
8926 8350
7081 9995
5337 3417
8758 3560
9918 3298
3093 9601
2017 3715
1528 5129
7560 7060
217 9450
282 8482
2374 2121
3187 5351
5138 9234
6470 8248
1543 1154
3205 6447
5267 5325
5114 7291
8551 6129
3885 721
9135 8880
5605 6305
502 2602
5671 9830
1295 9189
5312 6598
8593 4656
6910 7851
8033 4351
3856 7136
8114 7118
1488 7425
2100 8246
9443 330
274 512
6712 5930
1443 8380
7287 8710
7956 8240
2773 4930
8628 1339
722 2456
6652 4529
4032 8106
3442 3475
4705 8832
4362 4807
9086 1062
5615 8486
4068 3683
260 4082
1373 2469
1376 8245
4479 1444
6850 5030
5042 6351
8490 9695
5777 9628
7940 3030
2247 3181
7793 2406
1205 3814
9155 341
4933 7555
1527 2331
6978 6042
2018 6932
7273 6943
7888 3687
2253 3498
2695 8306
6880 3753
3108 2060
745 7705
9876 6083
7451 8564
8724 7134
6101 5086
820 9126
9250 6105
5313 5146
5321 1524
3838 5047
6982 9331
2211 9385
7095 3458
7861 1965
1813 2171
5290 5886
6519 2158
1366 700
814 404
6494 7687
609 4205
6431 1931
591 8072
4121 2841
4070 3699
8554 134
780 5094
3028 7212
6629 8457
3937 4006
7191 6758
2385 8302
948 8241
9102 1571
1614 3505
5797 4628
4835 8187
6174 6002
6972 1028
5062 2162
4033 1862
1479 9366
6448 4084
6289 7372
4499 6246
454 6741
1359 3134
3448 8780
8401 6965
6777 9323
1903 1820
1173 5666
7453 2696
6862 5332
3555 7343
111 834
9467 1094
6832 5819
6525 3277
9532 9721
3556 4891
4555 7693
5038 1462
3862 6363
6445 2275
4223 8361
8434 4796
6930 4949
3283 3607
2764 2297
9038 5653
6053 2579
5822 2124
5649 7142
2121 8398
2805 2240
2241 276
9848 9157
2683 1784
9527 7584
1918 8095
2895 4351
9878 6770
8799 1473
7558 2395
673 2642
9064 8441
1491 290
4787 3678
9973 9048
7129 8883
7529 9669
4808 8843
6319 1538
2261 324
5058 9864
1702 3876
7921 4227
1444 3679
6168 6762
8115 9158
3440 6166
7025 2155
9807 8277
1911 5885
1427 7584
2275 4547
7313 2121
3264 9859
8325 5106
8866 3782
5630 2883
562 3723
1581 7562
8919 5001
6120 1658
8400 5141
3893 8425
3858 4133
6968 3379
2133 2220
8406 271
4593 3556
8745 2798
9433 6571
4536 8786
9905 584
2636 7104
1063 1184
1808 9497
9430 3464
968 1669
6903 6429
5938 6183
7188 5417
7080 943
8194 315
6285 2754
5566 239
1534 9637
2849 9874
3984 7331
9174 7346
1618 747
9471 2517
3575 4172
542 2025
9020 6864
4078 3358
9145 8288
9787 7274
6625 3919
1785 8201
760 851
9485 9729
7240 6724
9680 2082
7120 9845
2353 1014
7843 7776
4071 7690
1052 8835
4119 5392
1506 9027
4899 2713
7828 1628
2380 1861
3925 6200
8317 5528
5134 9904
9277 6962
114 8320
3447 3383
9941 4157
4003 8893
8358 2273
1686 6041
8514 2422
3944 4925
1722 9069
6979 2793
165 1943
5671 2093
4984 701
4868 6191
5389 3876
699 6093
4747 3940
316 1348
6385 4646
3182 6082
158 7537
6227 1110
5042 3
136 864
7607 5663
7886 4753
3004 2677
5191 701
8244 6725
8315 8789
9171 1800
1237 3244
169 3117
2267 5029
9971 7807
2815 6861
9448 1880
4122 3823
5810 1654
7341 2241
154 1915
5929 394
4648 3764
9412 8520
6912 9325
7419 7029
7825 2978
6282 2673
3278 1558
1530 7809
2856 3639
4899 7477
5261 5547
2652 8612
3960 1992
9511 9379
9252 4698
9239 3310
6782 712
1809 9842
7694 6101
666 3525
9004 3921
180 7654
587 6564
1209 8271
3172 6023
9874 8401
3956 6968
1916 8302
2359 9433
1873 8321
5789 8635
7460 7691
8591 1963
2281 5087
7568 3560
2545 3106
4083 3793
2328 4765
6053 7817
3008 4143
5572 2765
5524 439
6256 5277
2211 55
7273 8599
5016 420
9465 4581
6446 3125
7532 2572
6444 2497
9712 7851
8859 4566
4456 8435
9230 6891
9793 222
2898 7311
5587 6187
5596 4730
9159 7228
3189 500
7660 9818
491 4638
4531 9225
4557 560
2768 8525
8132 3669
8538 8012
5392 5721
149 2643
8598 3626
8491 6908
5736 9542
6917 3218
4024 5043
486 638
7916 1632
8247 1407
4258 6325
4233 8499
3403 1174
2458 1720
7629 5393
6167 6694
8739 8498
5303 181
1287 5012
6089 1838
7902 6162
3754 9543
7346 2199
3668 3946
3569 5743
8698 1134
2428 1854
6008 4358
3053 3324
1104 4539
505 8313
1981 2930
1052 7123
946 6084
7105 944
7979 6077
8525 541
4969 781
8168 2349
7703 2048
6653 4855
6482 27
1579 9402
2623 9645
1229 7127
1616 8022
9704 6283
8351 2513
204 5304
7361 2975
6300 1201
4205 6421
7381 4333
4157 8780
5427 7619
6096 8779
6553 5688
5764 9205
1037 3689
3953 3377
6359 6681
6415 7079
3226 5618
7531 1972
1183 7997
2673 1713
309 5302
5509 1945
2740 5085
437 7347
3212 9335
65 4826
5317 4544
2726 8051
1656 7294
4734 1734
4215 2979
5334 4665
9641 9287
5305 7303
9637 4962
8102 1747
2716 5977
982 7626
881 6199
7280 1110
4862 9329
7212 3491
8478 8266
1464 9040
1756 4331
9079 637
8911 8876
4050 5815
6733 5429
1774 9849
7371 9534
4478 2068
6293 1674
8354 8033
5497 6158
3245 8457
3467 6625
9156 8195
939 4415
9004 4353
9232 7019
4688 7552
4663 9730
2033 4236
4775 3443
6389 9512
5716 5446
6760 6367
5825 9927
7493 7048
3892 62
1314 4127
4212 6371
5557 7926
6160 2342
9522 5262
1150 8561
5371 7148
2384 1537
4209 6138
3231 9020
1093 6410
3021 2876
6516 4239
9677 2658
8407 660
3366 7191
7859 2346
2187 2580
4663 3236
445 6576
599 7328
6316 8026
6141 8216
7234 9784
8734 5237
3494 3255
3158 8542
8952 3265
8634 6178
6928 6023
9240 5278
9644 4269
7189 2000
3673 7894
8096 9487
7904 2950
9694 1487
9681 8745
1747 1745
5434 6118
8222 6008
6075 5076
6689 7570
3665 1129
5997 9035
6476 949
8152 5963
7762 2558
9252 7877
8819 5849
217 6450
6640 9943
6545 4664
3107 7593
1010 1194
8338 4754
8668 2916
8285 5696
1237 8734
2428 511
356 8344
7138 1071
5843 3270
2366 1769
7004 1223
2503 140
1768 7966
3900 9518
6354 4068
149 7990
105 2874
5633 6208
8382 627
7052 975
5991 3013
3768 6849
6743 9964
8758 1937
1915 4036
2157 9238
377 7774
6981 2599
4041 5565
845 633
9680 3534
1252 6355
6633 3416
3337 5678
8868 3844
4904 1523
1109 9455
2203 2244
7034 9375
3952 7802
2470 5724
221 2222
7556 1288
1563 7754
2600 976
3647 9387
8052 1669
4489 8938
3391 5468
8766 9051
2811 8780
5851 3396
93 5955
6645 7124
4102 6699
966 4605
6649 672
465 8087
2764 4000
9750 3416
4469 9934
1063 5809
2200 6459
4496 226
7486 9262
618 7577
565 8347
1674 6508
7483 7255
9849 62
1922 7918
286 6617
9039 2073
5929 5741
3929 3158
2200 1744
2458 931
8413 707
215 5807
3118 4623
1004 4515
9048 9776
4341 4931
5302 5278
8376 6418
9904 6177
2099 6970
7109 75
990 1395
4844 3014
6807 8428
7321 9867
6264 8835
9759 2637
3346 9776
3901 4918
791 4927
3834 1169
8587 9100
6004 1603
7954 4786
8153 2273
6083 8304
4602 1225
5886 7377
3147 3063
4493 3992
3831 9115
8736 5848
4026 1089
2871 6443
5318 9215
2874 9977
1488 4104
7904 9179
6394 6222
8546 4720
2892 9031
7904 9586
5844 7127
8095 1088
6494 8265
2343 8836
2089 6568
3478 5908
9798 8483
3116 3626
9573 4028
4208 9953
3010 7802
8364 439
8046 3789
996 4243
7339 1199
3498 9412
8280 3440
1258 5892
665 5971
9386 2184
6119 1657
2020 611
1328 6163
2985 598
1717 6455
133 3593
5094 6177
2323 8261
683 8259
8520 4764
678 1024
2853 7629
2010 7543
9132 5643
7049 5056
6530 516
9585 2619
3994 655
8308 1036
6002 2081
5451 2858
3461 5160
3023 2583
9883 9468
4575 275
9468 9591
5310 1639
5643 2027
2397 2027
6087 2717
3753 5013
1101 9454
6566 4243
7009 6511
812 9982
8219 250
3243 2823
2166 8438
3542 5905
7929 3020
1438 3230
3800 7117
7889 7416
9105 9426
6293 8027
491 728
6265 1377
8342 1391
4363 4577
713 9124
5142 7412
555 2944
5438 8010
3786 6312
1721 596
8436 2544
9310 7311
1517 4975
2972 904
9223 3078
1170 6940
2527 1357
7290 7012
6642 4875
9380 2325
4971 3906
6036 4173
1361 6270
1040 3836
2811 4165
9848 8530
3435 5144
8293 6414
7470 7558
7832 5115
1683 8073
7297 2639
9805 2912
4331 8845
3900 3283
511 1808
2718 1484
3798 6093
4335 4553
5130 8090
3994 7289
1497 8792
9176 3941
825 7665
7816 444
2099 3444
9757 767
1538 6171
2561 6558
2296 5806
127 7509
1845 846
7026 3976
6880 4612
8118 1522
586 1538
3856 6260
6148 326
8162 9930
5712 2369
4767 4564
114 8282
4552 4237
200 7340
6573 9261
2015 1698
125 6533
8753 4924
1596 1517
5013 2643
2305 7405
9005 5614
1046 8296
7165 3235
7972 9476
5019 6595
6589 4674
4261 3868
547 1773
8720 5127
8612 2825
6119 9416
2178 7167
5993 162
4576 6885
4855 8104
8377 1303
9966 3213
8907 7057
4801 1819
1715 6878
5450 2992
4579 5212
628 1186
5895 2452
1621 7140
8053 1903
668 6183
5410 2792
2803 7235
2011 9518
8465 7994
5894 6570
6108 744
7905 3365
9072 3657
5311 1692
8583 1846
4076 5934
1121 3250
4371 7232
9879 7343
3325 5410
6606 3229
1866 6380
6549 96
2291 9515
9956 6777
8934 3860
4686 5651
8261 6758
6478 3133
7609 7846
4089 1133
3970 6142
9763 954
9629 213
2367 8676
3275 5492
8123 799
8136 6241
6585 4954
724 830
6716 5535
2949 7010
7961 5942
7470 7340
2761 7676
3134 5823
3992 272
4575 5202
9237 3986
2834 7499
6679 4733
7577 6093
2914 7584
387 5765
6885 5445
3490 2749
4085 1262
7728 416
8552 1258
3572 2816
3821 2531
6508 4937
7036 4851
3731 9602
684 1085
5974 1872
6647 7004
3183 3054
2921 7562
6584 5524
9231 495
676 7127
7310 2473
6062 4160
3825 1982
3686 363
3324 5090
6774 3525
7338 5316
466 5723
3357 7409
5242 1182
9083 6074
4551 8429
711 4132
4130 9839
8026 2183
300 8969
8803 5777
4297 9463
6474 5202
4675 5249
7148 9221
3387 1800
6917 8958
8239 3575
654 7437
9013 1032
5138 9213
9863 1549
192 990
2531 4045
3123 9366
927 4753
4995 6530
1792 2197
146 3093
2222 3369
1761 8695
9851 90
5741 685
5099 4599
331 6804
1394 1755
6760 7899
9488 7746
4681 1892
5530 7504
4140 4289
6330 2035
6367 1485
4189 5651
4439 6281
7519 1526
6817 3083
8102 3616
1478 4183
9495 818
1407 6325
8246 2896
8227 2961
9554 4296
607 5068
4316 3653
5643 9952
4052 7350
5775 7406
2000 3055
2180 8674
3206 807
3051 5224
3613 5863
6710 4392
2934 8924
1766 9080
9333 6694
4502 5949
4689 7870
5332 1457
8320 4552
9484 8495
7036 3829
6450 8918
1395 9997
7330 3602
5403 2461
916 2383
3939 6968
2228 2190
5583 768
5279 517
1647 2568
5514 50
343 4355
2778 3197
6374 6489
8330 6920
1049 8648
3723 2999
2381 7049
4438 1515
5960 8742
5309 8157
4805 9338
3324 7046
3943 7050
7560 5738
1965 539
6236 7533
4273 3637
4563 7614
6438 2501
9560 6836
4294 7519
284 8146
8745 5001
736 9880
8807 940
1660 5441
8207 6914
6543 7620
338 2689
7449 9221
5869 7525
6755 4315
7271 7986
6510 9732
7719 8834
6746 1448
646 4057
1322 4287
3850 6498
5567 5221
2418 8119
2984 9996
4495 7666
7986 1027
9601 3077
4712 817
1877 1869
4478 6632
6646 2175
2600 6682
7350 7389
9812 318
9850 9390
9812 5826
224 5483
7486 7948
6863 3760
8643 9259
7492 1327
1415 5770
4093 8529
1717 1944
1103 2993
5891 2718
7414 4919
9622 2048
7176 3471
4074 2558
751 8422
4495 4407
4142 4184
4691 9137
6082 863
4583 1871
5341 3052
4580 3932
5750 4150
9070 2192
8659 9595
5980 8156
9137 6819
4632 1830
4029 9386
3194 6642
2022 5539
5699 4303
457 409
8980 1200
3933 8187
3058 8536
7601 8397
3942 6088
2181 7054
5708 4939
7957 5303
262 7755
7223 9111
2309 3717
8271 3406
3503 8174
175 6266
5639 8397
2903 3234
2904 3711
3282 6757
6818 4555
8938 3651
6509 827
6108 2565
1001 8045
7364 9771
8618 3097
9005 6545
6678 3614
5410 4407
1793 8602
8677 5997
4831 9932
1671 1518
9535 4891
4467 713
8885 3111
7943 2564
9102 3986
5035 3807
375 4763
9791 5036
7246 4216
4064 5560
1958 3594
8891 2338
3674 8474
9009 1276
2369 483
5022 7836
8148 331
9682 1511
912 7891
7612 498
9255 6344
1250 6701
6362 2129
9053 2
4718 2114
2573 6038
1431 5991
6861 6679
1811 3434
3346 9382
3669 7441
4177 2624
4125 9644
1065 2886
2314 7889
8067 4344
3942 9289
7911 9697
2883 7003
931 2304
3418 8104
3980 3329
2568 8170
2136 6863
290 6067
7524 8834
9252 3816
8165 1588
4418 8768
3384 7394
6017 2938
4428 6933
8655 1973
1466 2936
2994 3602
9222 1797
7584 8387
9012 6919
7695 5883
6007 9543
8518 7191
5026 3403
3228 1881
4896 8791
593 3447
5661 7335
2924 8181
2384 6295
1942 3587
6314 1338
6696 4694
9599 422
7013 6146
6936 2380
3048 1493
987 5387
7623 6247
8665 9828
3505 9655
8005 9645
6648 394
5621 9794
6037 3155
9072 2655
3866 6981
2836 6946
7681 5795
9380 9757
7581 5961
5628 4573
7039 1391
2621 5507
9297 1720
1999 4823
7969 8067
2408 9726
677 5892
7792 672
4544 9996
2458 6353
7045 237
9442 1425
8380 1110
18 3478
2873 3350
6185 4551
2434 595
2752 9348
4076 5191
3698 7278
2458 5567
9222 3169
4765 1814
3242 8029
7262 3269
4626 9809
1255 8569
7967 3381
585 9251
4343 4604
1640 6407
9133 6907
5762 2758
1846 1792
270 4403
2558 5011
3082 9300
9383 9234
3024 2254
6427 4901
2038 5278
9280 6982
3781 488
1871 5832
6111 5079
1738 2867
9952 3268
632 1269
8530 6552
6319 3710
7622 2788
6047 796
6455 355
186 9305
4693 9218
3444 7994
6087 6133
782 8855
391 4247
9318 1298
7267 6667
7577 292
1247 3945
2698 3014
9187 7541
8988 1075
742 8518
6714 2182
7819 7784
7523 368
288 9810
8954 4473
1968 811
1113 3036
9909 8264
7721 3306
1996 3638
1867 4638
4668 7843
9973 4464
680 5599
9863 3645
6540 5449
5056 2502
8898 2921
143 9270
1061 1135
5779 9326
7225 8250
6262 5914
6506 3412
2820 1316
8404 8834
4499 6061
7919 2944
9145 6506
3545 6160
9353 8959
9787 6474
987 4324
8378 4289
7611 4786
3895 5577
6350 5760
9541 6052
6696 7454
83 5440
8069 6812
9271 5673
4152 5114
4539 7437
5477 7134
7819 262
898 7348
7994 4754
8902 2507
5368 7757
1341 3916
6265 9471
3605 3109
2493 8641
1085 7075
1478 1492
6096 1255
4881 7333
4585 4803
1656 5293
7230 3035
1771 5816
366 4637
7421 8574
6477 1330
5190 6633
2614 3327
2061 9529
3373 5363
3293 4350
420 1852
1465 7708
6604 8354
403 624
6421 3637
5273 4122
8431 140
3367 1732
6178 4330
360 8286
3779 1460
7977 3549
2385 5582
6701 2654
1891 9557
9985 5395
7574 6507
4465 7600
7783 5128
7494 2859
2212 238
4495 6746
4739 4346
293 3588
2167 2151
7590 7578
5160 3834
7732 1586
1484 5206
7418 5066
7308 9583
5502 1818
9616 652
69 8928
7286 585
5805 1312
6697 5969
7524 8975
6797 2431
8079 6318
4567 1251
7902 2566
5643 6555
8024 5086
7087 1538
8440 9440
5421 7533
8821 7545
9875 4373
1678 9314
6440 1471
6438 1887
3962 4485
288 7636
2146 1910
8074 705
954 2076
8368 2654
9962 1974
7032 6275
3635 9745
1035 2333
5251 6851
6401 7625
8984 9040
7441 8510
8521 6505
694 2896
6241 954
2723 3160
232 7649
3916 6689
1325 6602
3773 8871
8297 4196
857 9670
2434 724
6612 9480
244 9827
5105 3411
4947 7898
1475 7363
4846 5113
1352 9150
8108 5292
6460 7914
8252 3567
3312 2489
3340 3329
9857 7289
4953 6755
6238 9145
4833 1767
5559 7052
125 9870
3946 8045
9095 8451
8416 4
843 8727
1717 7776
8659 546
5574 4379
8214 5485
2957 5795
1254 7353
2687 5740
465 3312
2337 5082
6981 1564
9575 4604
2893 6298
9969 4251
9041 7243
5310 4312
3801 4306
8710 3484
7718 4596
7340 5080
1990 8784
6174 5885
7340 5997
8813 1126
7932 5102
7522 1387
9983 8884
1532 257
8044 8183
4777 8487
9898 7468
1143 7675
375 8419
7712 5840
2138 1367
1389 6245
7014 6353
4846 257
5674 9805
2668 2242
6606 3642
3168 2010
6907 1677
7702 4080
8700 9208
7975 992
9891 463
978 8303
6067 8251
4129 4538
2691 5683
487 1458
9249 5435
2832 870
9926 1631
6740 1190
8230 2040
8756 6097
1847 1838
596 4223
6664 7067
8787 2217
1973 2320
133 7870
5653 7071
9191 5855
7650 9722
43 8090
9952 6202
5796 3803
4969 2832
2334 9814
6962 8747
2756 3541
1348 1354
9909 8097
7303 4950
5419 7218
7577 1840
7101 4249
1242 6566
6651 7105
6071 9388
605 2191
4485 3709
8596 2995
7326 8786
2839 4840
5084 780
4215 9732
9047 8968
2955 262
1002 3694
4895 4824
7874 2997
9347 7496
1946 6164
8863 5501
1366 264
8330 4462
4494 1631
7547 4311
6416 8836
4199 192
7309 5008
4954 432
7680 6990
7571 8044
2311 4155
2481 1629
8476 1009
3146 1522
3908 2977
9740 1532
455 6133
2676 6441
202 1195
1764 7929
9638 5617
138 9588
18 5609
8677 6232
8365 9860
2892 8730
9600 2127
5450 4306
5344 4221
9763 2229
9076 2240
4033 9587
7187 6141
8450 5875
3849 2116
4407 4384
9046 1583
5115 4939
705 8294
2001 9838
3678 1969
3551 6528
8547 6696
5063 9056
2386 9267
3505 1690
7734 1650
4215 7978
3816 19
493 1116
1540 4696
1593 3413
3445 7829
3235 3862
2206 3406
3349 664
4033 7233
9931 6267
8862 4423
7417 7135
6865 4162
7185 3770
9885 8514
1262 3100
2562 8874
1383 6665
2455 7049
1625 7084
5497 1291
9267 8423
8587 1439
8816 7846
7573 6572
8212 9198
7026 3240
6780 9842
1567 1309
2544 2687
9371 7330
1366 5915
8247 7892
8426 9827
9686 6805
9741 1445
482 4844
8836 6859
4359 2745
2067 4662
7497 9474
5994 7726
8718 4848
3880 2468
5396 90
1193 8790
3840 7626
6544 2571
1192 9963
7696 5567
4921 7574
3057 5866
7352 9036
5607 446
2062 5351
6710 8997
6317 1437
9350 6776
3769 9423
4389 1629
7594 2987
1192 2645
4207 8210
2268 1520
8869 8947
6310 8840
6422 5959
3549 8902
955 4342
8024 8103
7686 5849
6221 4889
6675 9659
5909 2118
6760 9492
2015 7802
2986 7818
1834 5943
8583 5823
5511 6244
7250 7873
752 8191
8066 522
2428 5752
9523 5477
5841 3578
5914 1931
2815 9960
6780 5925
7823 7745
8149 8672
5645 8692
696 2874
8291 16
8555 8331
6471 7784
2475 3484
4174 8888
2198 9250
1038 3009
1166 973
5037 12
9285 1311
2984 1709
5505 8458
2772 4704
7608 9163
951 3082
756 7923
1394 2086
2628 2785
8841 7421
6038 3079
5927 130
4439 4883
7814 7504
4722 3417
9712 3144
5250 654
3126 1139
6655 4323
8350 2468
95 4529
8018 9181
3811 5205
4450 2213
6980 6493
7291 5619
8199 2878
745 2040
5399 5099
4953 8858
9579 8636
5113 6431
65 1253
6905 4004
3165 707
8578 1100
5666 95
3181 9380
5717 9492
5215 1977
1549 5338
6453 6260
2574 9877
2415 1478
9879 8698
3227 2170
8797 8827
287 1994
385 2991
3024 2805
8919 6747
6361 5766
8851 5650
5244 3723
8536 4403
9705 3360
79 3277
1952 8699
1465 4907
2725 6768
1487 4
2940 7122
8980 6648
623 1476
2708 3804
7184 4585
651 5529
6515 4951
1065 7434
7736 1830
8782 1750
1187 6458
4328 1257
9114 9215
1684 3140
7039 2550
2099 8459
7242 6549
1469 1779
4227 9254
4848 2769
2703 78
3078 8935
4010 4571
7818 2294
6022 7434
9845 6497
152 5329
2612 5312
2784 2403
1309 2329
9172 4130
2632 4752
1617 8847
4100 4588
3797 1954
717 4425
5358 5713
4515 1040
7644 3378
7943 7984
6665 3724
4876 7719
4579 1431
9641 5147
5385 719
7956 6288
3278 8578
4146 780
9742 631
9166 9641
725 5390
3278 4418
452 1265
3246 358
3569 7743
8199 7581
5729 5260
2911 4989
8675 6703
3618 3317
2608 2476
8485 2375
823 2471
1343 9664
965 8316
2527 214
6386 9504
740 4072
3753 1903
8435 641
7099 4629
5866 1864
8270 3410
6187 8348
3243 8926
3375 6385
2247 5715
8917 9937
2170 4455
1560 7570
5553 6977
7305 662
2231 7234
8936 5435
8257 8215
208 3187
5420 6764
3015 9512
1663 305
4517 5867
3257 5056
9421 6077
4343 1202
5146 6926
4734 6599
4374 2667
8951 1356
6641 2917
3025 1144
4814 2826
4215 3705
1120 8980
7023 9952
8040 3785
1941 3160
8713 7533
400 6885
2247 720
6442 4876
4110 3413
5785 8880
8686 7166
4155 1910
2753 7307
4469 4717
6606 5880
8916 607
962 509
6438 569
2052 2100
4411 1777
9802 6667
5978 7337
9524 1981
322 7816
5661 4380
7711 3573
5386 8672
6033 9663
5882 6456
4064 794
3359 8378
4417 7667
4516 2176
9699 1044
7772 7584
6514 5991
9926 6958
2590 280
9582 2332
1201 4075
4749 646
8350 5882
7755 6277
7062 5718
1065 3681
9483 5953
8969 3061
987 2237
6089 6533
7274 3263
2231 8351
4510 8983
9447 5579
9327 4344
2519 4815
3596 5591
8988 6826
889 3992
8682 5114
2762 8764
5815 3841
2225 9787
1940 4600
4356 1571
5017 5956
7539 5375
8641 9411
3640 6314
5220 947
4689 8538
4391 4867
6031 4793
7536 3303
3400 7646
8220 2498
7933 7666
1668 6947
8401 5688
7677 7889
9695 7457
6133 5008
2139 4276
6060 8570
8287 3496
3902 2661
4983 1445
5255 9070
4718 8531
3637 3086
2543 8837
485 8947
6344 5076
5588 8900
2436 9581
2381 8991
5175 651
7411 7290
7448 1260
9884 3054
8999 9176
2217 1508
1123 8694
6089 3304
7908 6426
4042 7976
6193 5773
5792 5006
9659 2080
8608 9230
7379 9584
8310 4731
9545 7888
7575 7778
1449 2546
5080 8381
8084 2964
6752 2773
2820 7597
4299 7346
2539 132
3799 2935
7811 2486
5734 3979
4031 6861
8191 1263
4693 2138
242 5538
7420 5596
9931 6465
361 3335
8873 6264
3311 36
5460 2510
2861 1848
6834 2234
3054 1824
2711 3429
9942 5518
6779 8068
7608 7941
2105 5923
7801 771
5155 5239
3538 248
1702 5671
3142 6809
5672 2713
2035 9050
159 1807
9094 8944
8286 5159
3948 4422
5433 3644
7632 4846
4383 2934
7266 6907
3307 5382
3995 2999
7564 454
6267 7160
7671 6625
3958 4958
8083 1109
2578 2772
3080 4635
1534 5705
8493 608
3737 6458
1273 3061
7255 6273
8613 7036
5396 3425
664 1901
2043 1294
6467 5294
6019 4313
3888 5224
1743 9182
5229 4248
2376 1802
8434 5235
7659 7363
1132 7031
3462 7144
5068 4842
215 6221
6591 8770
844 2004
625 6105
2822 5111
8826 7455
6187 5987
3317 4417
1202 5325
7457 6758
1017 3930
5056 2627
6205 1830
2581 3669
235 21
483 3434
1426 5828
9204 9886
7699 4564
201 6982
1278 7786
800 8976
7461 936
6137 5978
9479 9148
743 1605
9200 3898
3357 2156
2394 1195
7747 6930
5518 5853
8586 1920
9987 3097
2804 1873
7220 7754
9353 7913
2553 7643
1981 8209
8789 5504
2243 1790
1194 5662
2291 2351
6008 2790
9068 3457
2513 4623
2023 8343
3244 4537
3973 419
3917 1867
6317 2069
7025 4035
8265 4065
1294 1622
7870 479
6513 2951
7693 4708
5800 4168
3495 792
3798 9316
5022 9191
8418 5983
9831 105
7827 5884
2776 6184
3517 3395
9291 234
5365 1502
5632 3052
559 3041
8198 9435
2551 600
5909 253
3486 9140
4185 5863
1626 2638
759 4010
7427 8057
6546 4353
9162 4422
1734 7199
4673 4346
8414 1110
276 10000
2140 8703
7411 7895
6955 9404
3550 7537
1203 6854
3776 7436
4111 4932
8643 8125
5292 6701
6290 3009
3193 9359
8942 8376
7982 8723
9132 6651
7406 332
2865 3182
1635 3561
7180 7520
1685 3465
6477 3474
3421 8920
1057 2146
3503 7213
7285 7226
2980 3194
59 6883
295 5073
8540 3933
3445 7216
4773 9314
4541 994
3272 7095
1709 9115
7353 6214
9048 770
6183 2251
258 479
1530 9657
9021 599
1574 4896
7981 1401
2710 5684
5251 2048
3859 3763
6467 5497
6736 6770
8508 4400
1412 6066
6008 7430
1431 6827
2270 817
9524 6595
5171 6690
9948 366
7178 7591
6764 4333
7474 7840
7579 1937
6244 2327
3684 8108
3715 3464
4607 4821
4946 6725
8772 831
1875 1501
6040 9300
8895 4401
6898 4136
3657 626
4132 6399
6914 7137
3236 1929
9342 914
9571 4016
4542 3746
7276 8402
8185 5548
3530 7745
7773 6127
5552 2469
540 6626
6298 1278
5408 8629
5609 3616
8761 2460
3812 9084
4141 5295
2321 7289
3848 9322
7258 7335
1974 1700
9345 7726
7181 3099
9445 5280
6448 5981
1041 7979
3534 1385
603 6159
1034 2862
5877 7539
3476 6754
5522 9209
5311 7088
8457 7592
5070 1836
399 952
8557 4514
751 194
9040 9851
8036 2882
4248 6049
7740 3750
8968 4833
9931 7150
9596 5624
67 7276
5468 3668
2537 3200
9222 2191
2888 9770
7877 3925
6737 8998
5441 9381
6789 966
134 8462
3885 5805
7262 67
287 4708
3493 5026
2409 9264
4995 6061
8005 3095
8010 3512
9569 7704
3663 3331
310 1168
9373 6735
6567 2334
7347 6048
5419 6192
3401 4378
5371 2503
6203 5686
6574 3019
9398 4079
2103 3877
1158 7503
1769 9060
9749 4491
5517 504
5530 936
2098 4401
6410 3812
7594 4313
316 8031
1862 3605
6878 3081
7792 6817
8828 1775
4409 2421
3709 5683
6623 2757
8162 5374
580 7985
9777 6203
7352 3592
7123 3456
4245 8701
4811 1959
4378 8371
1854 5266
5426 6242
7018 5473
5463 6899
7133 467
2582 8386
3550 5178
1411 9522
9996 2050
740 3326
7087 8477
565 7837
8433 8130
3822 1111
6858 4354
2539 7885
5013 4306
928 9860
2780 3266
2767 3745
5757 4917
4740 9653
5018 6217
4233 6442
6738 1349
8378 8383
2248 7205
9102 2565
9174 7140
2564 1862
7150 1489
4883 6980
5030 8341
2240 7268
1076 9501
5421 1387
2250 4859
1669 5097
1150 6553
868 6707
4563 5655
8123 1290
3747 9374
5559 113
5637 5324
4395 2476
3357 4279
8911 2824
6033 6627
4105 9704
5058 3369
2541 7479
1157 8186
5925 3799
6040 6209
5414 1127
215 8304
2021 8521
3436 6749
8074 504
9732 7485
5702 1289
9359 5747
2882 8922
978 3766
5232 2779
526 994
105 533
6539 1843
5651 6685
629 2486
5656 2957
4984 2334
5359 1586
7342 7187
429 9985
8440 1910
4959 5452
3730 1800
5695 8722
4181 7246
8871 1774
7762 2714
9384 4212
877 8265
7420 477
1652 6885
9735 4377
3013 9805
6804 798
9595 5459
8913 9504
2144 8328
1484 7063
3784 3186
9553 137
9183 799
4223 6903
4163 9146
8384 9215
2770 6441
5402 92
7449 5406
838 5917
1835 8710
7367 9874
677 955
372 9586
415 3746
9528 1352
3466 6681
2299 3379
2016 189
403 7262
8137 139
4737 1649
2102 7318
1934 1310
1777 2406
6939 4559
4223 1040
3865 5704
2869 509
1919 5459
6606 2001
4148 290
7652 9999
8478 6248
2009 7324
1941 4226
5222 5118
5946 7511
6056 1089
5525 2479
424 470
9739 7952
356 323
1007 9809
5633 6071
4557 480
5796 3519
9298 3552
1178 4974
3442 5366
4553 8797
6588 4490
6234 150
6844 4106
8550 6664
9972 272
588 8417
4523 4177
5823 7337
7929 982
5089 1304
4465 7275
9384 9916
505 6856
1785 7824
5407 1733
7677 6342
3598 2471
7511 3321
5534 7692
7237 623
498 1536
9103 4940
4063 8441
2092 3695
4809 3430
6290 645
50 9443
8647 1379
248 7778
8625 2914
5741 777
2487 6225
6988 5966
9108 7804
7650 2795
6367 8144
3438 8667
4989 7452
9285 1265
1755 1771
9846 4722
7050 4462
2475 3699
7780 1807
4114 5983
8405 2535
718 2164
7639 7565
4374 2790
7515 2474
7211 1534
4366 5263
6516 6638
7384 8961
2971 573
1410 4445
3127 7205
3541 3334
8555 8444
4558 4103
1304 2345
9912 3139
8781 6194
4552 2324
576 8319
1910 1218
2871 9736
6072 1206
930 8765
1207 6426
8318 6528
5961 546
4730 7004
3221 7103
587 6223
7028 3088
7330 5149
106 4874
6896 7643
2955 2097
9757 675
25 1771
7319 9972
1773 8654
1262 3989
4431 2494
2966 6887
4677 6308
4434 113
7463 1421
2580 1831
803 6158
6990 9784
1712 5451
2413 3301
7671 4225
9294 2914
5276 7889
2079 4911
2908 4945
7567 7669
7005 307
1807 5562
5919 7933
6827 8320
1532 6308
8631 2843
2287 7787
8867 5482
4926 4343
2100 2561
9690 3230
7690 4969
460 2831
2494 6980
9812 7336
2925 7252
8606 933
1498 5074
6689 406
2555 3600
9353 8457
8455 9330
2906 3295
9483 31
8491 1496
7160 3878
1224 8226
2360 3144
4607 6263
3388 7678
8609 2122
4221 5234
9466 9051
9650 6825
9915 7354
9579 6690
8449 9949
4896 4480
1301 651
1456 935
8965 250
5617 2190
1180 508
6392 1294
6501 6676
1571 7604
460 1095
489 5541
4718 770
5568 2216
5206 7504
6272 6437
2742 6872
6972 3534
9080 2050
3008 1725
9732 4410
8157 2045
2052 1311
1048 3799
3563 4452
1497 669
5316 2849
6660 8752
6123 1689
2490 345
2336 5567
5754 9875
6388 6202
5014 4812
2291 5003
4937 1692
3267 1690
6168 6648
41 8237
1579 1462
8788 2202
7236 6833
1025 7532
1941 9723
5307 7314
9799 6329
2527 1985
9028 4775
7460 672
340 3276
5691 28
6382 9190
3867 5865
3168 9855
3110 6151
1636 9007
7900 2845
7182 2307
3279 6855
4788 4051
5252 2318
8460 465
6715 6409
3891 149
1445 2732
5466 7850
3724 1108
7100 7165
1425 770
710 4157
4200 2127
8685 2583
1620 5107
6704 4885
7659 5289
7501 3461
4639 1514
8167 9124
8939 6807
9877 4104
1055 1285
2165 4536
4864 7285
4981 3993
7679 7670
3880 8211
4395 441
7110 8471
105 2273
8627 1147
9336 2205
1881 2990
4407 5404
3804 7456
1336 5173
5143 2961
9749 219
4745 8216
6148 1099
5674 3939
1098 4718
5660 5804
6420 1792
4619 3160
2688 5446
1094 4215
6785 7973
2104 8890
7605 4455
2131 6611
7585 2815
5857 2922
2055 8680
4731 3093
7263 6677
9328 8919
1876 6548
9982 8907
7911 6121
4046 5014
6464 5600
5643 5414
2461 8622
4008 1424
7265 6241
3832 7517
3220 8212
1735 9717
5974 9392
6711 872
3247 3664
3386 9488
2114 600
7227 391
4457 414
883 4388
4501 4824
1288 3087
1541 8139
4540 8279
6058 8950
9698 6433
645 6696
6032 8384
3919 8096
1606 6092
4283 775
4560 1827
636 253
6467 7191
2588 4990
7673 9151
9284 3149
4779 387
9821 4235
2918 1350
3188 6590
991 9468
369 8549
4182 2336
7649 706
1075 1488
4956 1628
8134 4130
930 30
7202 8202
6658 1964
7153 7008
2487 7227
5156 808
7139 4337
8115 9296
1889 21
1526 3012
1324 5374
1978 9628
6446 728
8272 8065
6674 3386
3570 6537
8358 7252
1130 4417
1590 3632
8524 734
6465 2922
9348 6497
9738 3514
8915 1469
2958 9858
5335 9244
6768 3194
6134 2964
1739 3685
3223 3460
6415 5323
9726 5304
8215 3121
2138 6824
1591 548
295 3025
2100 9472
3241 985
2607 7687
5803 1366
854 7566
9554 8249
7110 1571
5011 5789
7655 8783
894 3254
8778 8535
6634 4949
7090 6830
9606 490
226 4119
9358 5049
7871 610
6301 1320
1155 6010
6106 1626
9823 2541
3533 2495
7793 1697
9224 6865
6927 4913
7689 1010
8790 2982
681 793
9414 2635
2714 9408
8094 6711
7849 3466
7400 707
7314 6634
1438 7349
6926 8973
7825 1989
6736 3747
2501 1202
383 4180
5750 5574
2953 5518
4526 2860
7359 494
9791 8425
3878 4059
5332 9431
6280 2552
4848 1443
3037 8542
2530 1717
9585 7774
1043 2253
1073 4002
4275 1173
9746 5286
8202 5096
6392 1503
7743 1512
4484 3054
8187 3151
672 8366
3288 8204
9615 3977
2922 1757
9061 938
9182 6834
8086 5543
4248 8235
2197 6217
2491 4868
4262 6272
619 2847
3990 9186
2585 9540
8609 9646
127 7775
833 510
4763 1779
3276 8910
8781 6277
8244 8645
7833 4202
9617 9297
8079 4769
7414 8585
3358 3904
4764 6879
921 9018
4969 2696
5845 5595
7096 1556
4666 437
4306 6958
5736 7000
6378 3099
3384 9166
6129 7506
5110 3785
694 83
720 141
2243 5391
663 1181
2619 7042
2746 707
4420 7198
367 4438
5378 2771
7742 7473
2713 666
1605 3119
2476 6577
2719 446
4550 9371
4977 2328
1032 2802
712 1462
9488 9504
325 1667
9134 4373
4582 1693
8813 399
7576 494
6879 6436
6272 3718
24 3203
2195 9499
5815 9531
5041 5879
4990 3993
1706 228
484 2525
4560 8865
5815 7634
3287 5688
1003 2201
9145 6247
707 9403
1076 7347
2644 8313
8818 4489
5596 5345
9254 7039
8954 9002
7318 4935
1838 3140
318 4471
3062 2868
2663 9214
9478 9844
8294 8042
6121 8048
4994 4167
3671 6095
4144 9653
6051 1787
9877 3323
8262 7141
48 6505
4929 2310
238 9457
134 4247
8820 4186
6420 9935
9676 4705
6423 7196
3379 8990
956 932
4127 1452
2291 7592
5950 5979
453 7720
5523 4417
4269 4767
8017 2305
7758 2869
9976 8847
6370 9727
919 3743
4322 4203
3886 8141
2935 8504
9366 2627
6747 5359
2518 1691
9699 3910
9826 4692
5466 343
217 6560
4093 6806
8574 580
7630 4746
9199 5386
4205 5866
9652 4529
5803 7172
6057 5522
5146 3606
4462 9039
9179 8589
6573 3625
9622 1159
48 741
3261 8221
7995 9465
8772 6858
6310 1675
2385 216
589 6085
3331 2186
9281 1931
7190 8209
244 8323
9798 8599
3781 1595
6888 1473
5651 390
7504 5062
5501 2029
3495 4226
614 9105
433 2870
680 6729
2627 7746
2109 6313
7062 2748
8365 7956
7716 1949
7434 5092
7811 8430
8777 5112
9710 8735
3696 4134
2772 9671
4360 5699
2511 6756
1403 513
6159 407
6803 9042
4728 7386
9175 5532
1103 5787
5531 3888
5484 689
2489 5155
9199 9935
7432 1569
9456 6933
6824 3281
369 6091
6903 293
6973 8328
1238 813
5395 9142
2426 1336
6016 6864
3436 3469
1914 6056
2241 3906
32 5027
5714 8058
2937 286
4260 9947
8946 2170
9657 8889
7900 386
7643 9354
2875 5296
6570 6048
3255 3923
4307 493
7031 1984
4651 8257
2168 9042
9284 189
5478 7098
1540 608
9478 1363
8400 3387
868 8469
8947 7124
1719 3628
912 5864
5651 1140
6106 1039
6277 2071
608 2810
3531 9697
8003 6295
9337 3428
3738 9340
2252 9282
8578 2995
9073 2234
3226 1156
2672 1937
376 6748
8152 6311
5817 3981
2481 9128
6285 8615
3539 5038
8594 9872
6100 8292
6390 2538
7917 5486
850 4505
5431 3443
2106 3424
9257 5112
7357 9115
9494 6283
5148 3128
4020 3149
782 902
7636 4278
2753 8090
8866 6210
888 6031
5434 2616
7485 9997
7059 2725
7149 403
674 7230
5085 1786
4871 2877
6024 2491
7571 8390
3552 6560
4235 4801
5614 2520
8938 6065
1419 677
2198 4751
8811 6029
5050 7788
5509 5562
6335 7478
4620 4587
2449 3931
1206 9212
863 4327
3906 2406
7477 3907
892 9080
8885 5525
2906 3412
3467 1925
4653 4426
1449 5188
5458 660
4138 2271
3089 4958
4259 5476
9649 5221
2581 4138
8280 9101
18 1433
4585 1114
5713 6454
7438 773
4596 5211
7839 7359
3928 356
9115 8287
6448 7312
867 6105
8160 1732
6672 3644
1456 5511
1989 2416
3422 4474
8579 1668
5183 8761
3755 8979
126 215
9566 8064
5416 6666
5499 9671
8204 1456
6904 4512
4806 838
4489 3178
3230 7763
9955 6519
2104 5478
8617 2874
9292 6306
6507 985
4090 2576
4343 9544
8201 6719
9484 6229
2773 1893
6853 912
1798 5044
8035 2320
554 7053
3351 8820
255 6058
5126 7677
343 1990
686 6044
6471 3490
3466 9332
7055 5267
5684 4661
5975 8380
9356 1702
8328 3245
9297 4199
374 9327
9849 563
7745 12
6267 2070
1742 6045
2856 7146
494 6547
9678 8260
4785 2947
2595 4239
5689 119
1626 6900
8989 815
3394 9379
4703 28
9374 7135
2224 1494
9941 1509
2687 288
167 4031
6483 3704
5509 3763
1711 943
8429 7946
862 1822
1524 9135
4956 4873
6609 6982
6452 9319
6470 8523
9574 1969
245 5006
5705 8260
156 1437
6816 9289
7916 9219
9658 9031
7969 7012
9721 1896
5245 7423
79 8177
9427 4401
8627 6019
2663 7261
126 4799
6547 8340
7141 6231
9840 3335
5686 2856
3828 7707
3649 5348
1665 4982
1602 2588
4294 766
1162 172
3353 3624
7720 6854
6439 6705
988 6397
7363 794
3862 9815
4308 5942
280 9174
2322 5373
5628 4292
6786 2152
9400 6778
2629 8430
7304 7350
5176 9783
2107 5438
8105 7172
9389 2149
8812 6651
5551 1325
7351 3726
703 8968
717 4037
410 9954
6636 4950
1292 8550
4102 4666
4980 536
8448 9687
1687 7732
107 1577
7593 5383
1358 6604
3782 5456
3057 3888
8815 3069
1387 9116
4112 1827
8614 1086
7636 3138
3152 698
7598 7520
2626 5041
4885 5054
7215 9343
7367 1896
923 4889
2153 6607
4120 4940
3457 8723
6570 7522
8224 4077
9447 3116
940 9144
7047 9476
8411 854
3386 4246
957 9276
3083 5332
2076 3095
9180 4687
3924 1037
567 6521
6594 7858
5872 3173
7775 7057
1949 8514
8149 8251
4170 6502
5823 8119
8051 1717
8366 7327
4381 3768
5650 9363
9564 4327
2187 4095
4569 7153
4487 3132
6262 9884
7126 1567
412 6364
8862 6364
2657 8841
2322 1199
6235 3633
6326 5961
669 9918
2110 2004
9522 1287
3149 3159
1043 648
7638 2957
2901 7297
2410 4517
1805 7223
2269 2788
297 6524
8075 5601
4385 1536
4447 8598
3785 9277
9150 9271
4578 1221
8423 4988
4433 1219
7545 679
3068 6655
3057 7564
1145 3035
6984 3953
7855 8407
1884 4052
1256 1526
2089 3434
4417 9021
1692 666
3424 9482
8710 8320
1310 9192
2823 2212
8513 1935
2292 2109
8159 533
4065 2686
7602 600
4657 9226
4701 1863
4364 4305
4163 6181
7958 9514
2121 2318
7595 26
6226 4211
2247 3199
4558 822
9135 853
7717 6102
8025 4494
5660 2682
4518 1155
2387 7976
1505 7932
6235 7687
6583 1369
8275 2676
3085 2795
6685 1055
7239 4649
277 611
150 4195
9999 4457
6771 7231
3296 7695
6131 7828
8670 6721
7442 5533
6696 5852
7389 9582
8279 3967
9863 6446
158 2242
7333 5455
8951 8262
9895 462
2641 9788
6359 3767
3406 2389
1633 5482
5678 4430
7792 5364
8411 9485
6474 1248
2611 1846
6755 6309
9696 2484
235 5822
5688 5274
135 2924
3317 3203
5059 5256
8188 9342
9065 1453
7051 2792
8254 9549
8863 124
8162 247
1807 7620
602 4534
2679 3730
2228 3207
1822 2916
962 368
3638 1525
3537 5981
1571 2208
9178 7312
3319 6303
8927 1177
1858 7175
2907 8994
4384 1047
4993 9615
6978 1439
1267 4362
6143 2836
6524 2169
4455 1199
6884 6609
7063 5538
7385 1322
9679 6868
1511 4586
4597 9074
7784 9501
6936 2303
7243 1437
2917 9064
1182 7366
9497 4509
8165 1364
2867 233
4382 5592
6783 1487
3156 1034
2600 9076
3186 993
7025 6393
7299 7006
896 3518
3322 2945
3354 3185
3705 8932
7019 2789
799 9238
8338 2068
6089 8504
2662 8612
7482 8790
2338 3696
2545 1401
6986 6119
675 1959
7337 1000
3098 6760
4228 4445
9630 8897
1561 7064
1571 6371
9005 6341
7844 5043
8677 4956
8248 237
9789 537
4267 4088
4728 8987
5967 1207
7846 1002
8549 9925
8437 1703
9299 5511
2971 4857
1831 5768
2799 9209
6464 88
4313 2702
3484 6438
211 4955
2782 4948
2864 5693
1453 7605
8919 9368
7227 6042
543 751
4074 2297
8031 3792
420 9268
1248 4330
9124 3302
8746 9775
8475 3862
7264 9394
8152 1972
5293 9698
7206 5347
276 7504
1609 3793
6178 6325
5736 3669
1150 7039
1104 4538
3828 4812
9551 5838
9834 1930
6851 8148
5641 7680
7362 3430
7115 515
2181 7318
5639 3394
2286 7719
1628 6265
1722 4210
1587 1442
5941 162
1691 3977
8432 2583
9774 1962
4263 3234
5680 720
6613 1115
3169 3499
3778 4868
7040 5691
6489 9540
6953 1025
7533 7104
107 6965
9103 1269
6986 4085
1131 2583
500 3640
9250 5954
7383 3768
3939 4480
1398 7115
2227 1827
9502 6327
7567 8801
9886 7757
8322 8040
9743 6971
5382 4077
5598 9982
5926 3387
423 2410
1327 2406
1 9403
2928 377
5601 9055
1501 464
7026 1273
8605 4729
7077 3368
4699 2318
4992 5724
5514 3293
6152 4799
8183 7454
2058 863
9737 6042
9081 7919
7886 4830
4660 3500
9357 7638
1843 2216
4049 7937
4746 3121
741 3999
1274 9952
4858 8388
8037 6042
5031 1957
8819 9602
192 5325
9040 2124
3958 9601
743 4391
684 7821
1017 8817
244 5623
1297 8281
5465 2778
2050 636
7374 7590
2491 2772
7462 4597
805 3580
6891 2814
7130 6027
4699 9802
56 5458
3376 8250
4083 1743
7965 2725
8808 2521
8210 237
6428 636
7771 6929
3577 1607
8138 5521
7229 116
2658 313
5496 3515
8168 5395
2717 8425
9171 4665
4091 2403
8831 800
7890 7603
6458 2011
3452 8361
5627 8918
2489 1534
5398 757
8821 4420
7434 61
5189 5869
4633 9951
9756 2407
4770 2781
1369 5268
6864 8959
1887 6038
7653 994
2816 839
7445 1885
8157 1637
8319 6536
5084 9157
6883 335
549 4441
5174 7393
8648 1789
8077 5995
668 9158
4753 5024
6552 4486
4999 2203
3896 99
8430 9761
8427 2225
7926 2735
8554 3930
289 9493
5838 6625
5150 2735
8175 4465
6676 2736
2127 7956
9531 4997
5286 4094
6935 8765
7564 6312
6920 4462
8230 4401
9504 2711
2096 4385
4060 8766
7363 1270
6444 3421
1775 5777
8777 140
5516 4615
8028 9352
4344 4453
5821 4100
6076 3832
1755 5583
3335 4926
1596 1820
2309 8482
112 6811
7922 5561
833 9629
1381 2132
7063 9367
5424 8859
2061 4130
3464 4704
6797 733
9130 1163
8657 9574
4250 9523
2122 8060
9533 4564
3948 2313
4008 7338
4882 1873
7067 325
3826 2112
4307 8443
6875 3973
9772 4351
6284 3834
31 7447
1944 5275
2355 1086
8200 3311
4831 5286
4608 816
6849 7154
8181 3423
8509 5827
6541 5814
9403 7778
6448 2812
5546 5687
58 7235
8021 37
1726 7116
681 3390
394 8819
8806 3749
388 9234
1008 8789
4127 4322
3115 1051
522 7778
7459 1126
9426 3999
9243 6187
7011 1915
9396 1787
9431 2020
3171 3737
7588 3949
5385 2898
1369 5744
7348 6593
54 8728
1915 9323
9327 241
4412 8892
8196 3398
4265 1094
5895 8947
1471 3952
3103 3676
9545 9065
4340 4071
9634 3454
5801 7761
5850 8401
2042 7690
9239 1387
671 3709
8060 1790
8429 206
8822 2243
3214 1039
5208 9862
3139 7113
9191 1069
9914 6429
3901 3076
4078 6743
9643 226
5340 974
3407 501
8386 5273
2464 142
1117 3054
1139 3698
2113 7172
5777 7315
5012 720
5475 1315
5184 4141
2928 9080
7203 1765
4613 2613
2254 4832
3532 1850
3137 9666
140 5176
3919 2027
9949 3595
9591 8195
7173 7280
6943 3807
3312 5370
929 7763
2366 9096
8605 9483
4931 8407
8435 1428
113 1384
3521 3881
3551 5983
636 8251
3035 5638
1171 2896
8196 3326
4256 8589
9811 7774
7866 2866
7256 8599
8946 7245
6899 9971
4353 3226
521 1881
7656 1847
3145 7149
3978 5130
5215 5477
3280 8843
8306 951
4384 7909
727 2383
6610 2201
2904 7115
5715 4467
8675 7792
5367 8484
8152 9033
3610 3790
6729 9070
9456 5795
6971 9240
7857 2670
6352 4838
9799 8093
2755 484
417 3403
3148 3187
94 1314
8243 8805
6963 8982
4638 1384
7140 8738
2953 8961
2550 6866
1187 1004
5386 1048
5574 6078
381 2201
1582 2159
9412 1318
2821 2084
2641 3772
5354 1459
3444 7070
5062 4256
910 6813
6392 7564
2570 4518
9159 7113
1902 5626
2010 697
2294 7173
7265 5502
588 7017
3988 9133
9814 8299
6602 7123
8998 2110
2535 9164
6924 4888
468 5066
5406 4385
9366 2301
9870 4503
8714 7679
3428 1423
5298 3494
9626 9113
5121 7500
2612 6270
8105 7508
5522 7150
2690 4650
967 8430
3010 4838
3008 2728
4480 5006
4816 8123
2550 3598
343 5009
1926 5500
2082 5509
8557 7726
6999 6044
3384 7624
5029 7471
7728 8352
8167 3806
9370 5688
9587 6542
597 6058
1072 1777
9503 9006
1499 8460
247 10000
6522 1209
9463 7343
796 9895
4503 5339
4405 6380
9220 1141
4564 6295
9114 9575
2804 7879
4031 7666
5456 2569
9863 8235
1375 878
2703 7663
7970 2077
2955 9071
8786 4375
2169 345
5951 286
7172 9137
9486 9139
8384 9455
3462 9789
5885 8526
5807 189
1292 8302
9798 5759
3459 1867
1261 1484
510 2349
1524 6738
7347 4782
4515 3831
8207 9399
3423 7677
2756 8881
3251 12
358 4082
7201 5641
2434 404
1745 2753
9070 659
13 8429
581 6784
4025 3943
8210 6262
1547 6309
8677 7280
3649 3075
4888 7915
8419 7667
4 9182
3948 4761
7499 3919
5628 9378
9642 7428
3041 8713
4235 9179
5673 8004
7647 6055
6660 6456
893 5908
6953 3528
4645 2588
7809 8317
630 7401
693 8330
1645 2637
7903 5166
5818 1667
5413 8419
8852 4095
5010 1408
6258 1942
3267 7993
1007 9567
6073 4056
8509 7363
7267 330
9491 5483
9539 140
8401 5450
8703 2930
4070 1323
3579 4735
7452 8712
582 3540
6169 924
2263 7854
9495 8682
6744 6963
458 3659
3662 5179
9546 2183
5634 2903
1096 7508
4889 4021
5016 5284
7016 8925
6882 4212
32 8008
9631 2408
2264 7066
9136 6716
2639 1110
6141 9413
1343 6980
9976 5120
6933 5936
3317 8180
3653 5290
2522 9515
9093 9166
6074 1093
5971 1992
5615 2304
6590 1815
2935 8189
7942 2079
5482 8327
4921 2511
2422 4762
8026 689
6568 2540
7583 9414
699 9808
7431 1807
6182 190
7625 8448
2654 1141
9018 671
7525 5093
267 8328
8459 2309
6372 1504
4248 7
744 974
4367 6780
2999 5320
3364 1982
1269 3651
4795 8319
6425 70
7867 5249
1235 8359
7392 1689
8940 913
3772 4988
5906 7471
948 921
1963 4397
3771 4792
8570 9661
4640 6352
1061 4937
9214 2575
4914 8523
8538 9585
6785 3033
9977 8263
7326 860
1976 8247
7178 4219
5810 7862
9542 2936
2178 4931
2853 2221
2139 4079
4759 4132
8500 9770
1912 8420
9837 1148
5368 3809
9306 2860
9406 1339
1915 3711
6707 3407
6571 3587
6219 8906
991 1786
487 256
685 8302
4546 4337
1409 9485
5888 6024
8770 7291
4321 3748
2601 4373
1126 9231
446 4603
3524 7804
6985 5750
6531 8033
4088 9344
4223 6422
4975 6261
1774 614
9376 3563
507 535
1357 3067
761 5891
2774 5959
1029 6522
9527 8455
4626 6223
4285 3251
3854 8634
2773 5801
9152 1085
9629 1625
2127 3011
7280 5657
534 8609
720 2312
8348 2487
5350 7357
6330 9129
4539 9318
1603 4670
3794 3491
1261 1848
6662 2904
1456 2481
30 7657
7333 1373
6594 4889
9370 9782
8940 193
8074 8531
6199 6097
3176 811
1118 2268
7956 6673
681 9097
3823 5917
4853 9313
4501 7662
9276 1057
8686 8360
3037 957
618 8246
5542 4053
8924 8477
2430 6702
5631 3981
4472 61
9607 9312
5399 2692
4249 19
4630 1857
391 3681
825 6103
1097 4064
7824 5077
1601 2777
1008 5719
2756 7749
6159 3642
2641 5722
4056 2623
4610 3423
9867 6215
5592 4817
811 4559
8976 7303
4616 4388
970 3425
4636 9232
5437 1678
7506 3121
9586 2399
1177 314
1968 1638
7616 2894
2485 9962
5069 2717
8200 8512
4989 1505
2273 1322
3564 9953
8306 4817
3967 4507
6732 9923
6365 5008
3384 2972
1503 5649
4731 3576
1308 176
1469 1887
9053 1886
3564 3935
798 844
5165 5256
4643 3146
4226 4018
2952 7850
5536 9855
2480 3076
2603 2324
8657 284
3334 3192
2794 3701
9409 1608
8263 3131
9193 7443
7428 4067
232 9781
5909 9061
8306 7218
4940 822
4989 9411
8238 9753
1878 1805
4065 2039
8613 9536
4587 115
3551 343
4602 5541
9945 5545
195 1963
5196 4081
5991 9907
641 5476
741 8119
9273 9132
5977 6168
2326 6807
6065 944
8889 6871
3846 5833
2571 6065
9601 3954
8996 5452
461 3597
6035 8010
5525 9710
6681 5643
6060 7717
5487 4645
4316 312
4386 986
86 336
4986 922
3650 1274
9914 9913
1094 4603
7761 8019
548 1738
445 6131
3658 9353
1162 5504
7256 4198
6396 3141
1738 4069
9693 4278
3120 5173
1442 445
472 93
6422 5500
1428 845
3806 5312
4432 7745
4170 716
740 7205
9894 7280
150 4702
2024 248
6250 1274
7781 4654
8668 2689
7123 6478
5644 6395
7682 8606
3751 754
6211 5577
4796 1571
9787 1141
1325 7643
9936 2660
4153 3820
9081 2369
8435 1308
6826 9809
6439 550
3954 7383
4574 76
1849 2792
8141 540
1739 2755
5086 7521
3651 9884
1411 9017
4826 3345
7777 6612
2507 1978
2365 4220
8129 6979
92 1476
4532 6534
8144 4010
1950 5072
7126 5702
7437 278
2900 6607
527 6945
788 712
6132 7612
9147 9948
5327 3525
9406 2083
3258 9347
9561 9889
2242 7056
1605 4699
7716 8363
283 4310
6033 8060
9764 4985
5206 1882
2988 7556
8602 962
5082 4294
4323 6010
3670 6566
7209 7844
1119 6345
9863 3793
9995 7135
2310 1506
109 2891
1159 9035
8275 7234
6577 2455
609 6722
7024 6024
8213 8317
7607 617
8326 2145
5111 7016
9483 5220
2029 6457
9176 5811
43 5920
7697 5128
411 9369
5603 923
1747 3154
4890 6343
8751 2259
2328 477
6256 6976
633 1958
4199 8834
5542 9570
4046 1221
7448 8557
6714 477
8885 4115
3701 8147
5897 8079
7781 8952
3020 3313
7596 8703
4800 3945
4427 3257
1726 7506
7517 6111
2107 6212
3805 5912
6388 6592
6461 5378
5257 5476
95 2049
8807 7245
1557 2439
248 9901
6518 7227
7740 3240
8167 8163
642 5810
8721 8907
3764 2905
2210 5335
6698 2860
3751 8823
2959 2041
3382 901
3840 1111
7272 9143
2521 9060
3743 3539
8685 6
5540 277
3594 9623
2520 7350
9937 1624
1182 947
9165 1135
7104 3346
3775 4575
4883 4163
3521 1802
660 5103
316 508
196 7902
4164 2267
6413 9758
8019 2204
5536 7728
6503 1447
5032 462
5979 9547
5127 5534
9188 6908
2467 8490
7349 3385
3410 4643
6993 9779
5343 75
3913 7495
9773 1032
3531 7263
955 2834
5500 3891
3682 1525
7327 5401
4247 3989
7800 9901
7214 9235
5222 9445
1304 7183
4847 2063
2311 1905
1242 2305
9132 6350
480 7206
3533 7493
1992 1282
5566 6449
2241 5292
4803 4187
7205 7884
1840 5971
6835 2715
2320 5473
3495 7606
1569 5824
5270 4712
1014 2467
4445 907
7287 4954
6405 839
579 3036
9416 5837
7399 7498
9126 9091
3811 4710
4611 4539
8844 2369
6217 3973
2222 7220
4000 5326
1068 6770
7735 6685
122 6153
3361 2981
9239 7452
1260 2250
4783 1471
5229 2885
2322 2842
8218 4305
3623 9423
3852 5538
455 8545
7117 5196
9318 3386
6165 7195
4979 7597
2265 7887
8710 5573
2415 5651
6803 936
4044 2171
5500 4259
881 2853
7840 9055
8702 8694
6954 6324
8080 8590
5224 8801
2007 2628
5582 1873
4691 2321
7877 5338
7372 6694
7353 6398
7695 313
863 8537
2788 9430
4401 1183
8730 4325
7582 5888
6396 5630
1950 5531
3365 5265
1309 6151
1316 5169
3233 7511
2558 4920
7848 1444
3388 695
5452 7684
8421 5747
3101 6528
3829 6484
752 5375
2181 6152
7452 6976
7371 5231
247 4342
2214 4747
4688 6081
2027 8281
9263 8790
6652 4175
8887 3998
1524 1783
8494 6789
8915 8724
1865 4822
72 3020
9460 3481
6750 2918
1509 8246
2494 1153
8856 8045
2180 4076
7924 7935
8351 33
2763 273
7519 7853
104 8410
8829 9936
3855 8158
1100 6430
7482 3370
1669 3643
3266 6648
3457 2515
3301 2509
6838 2517
6777 6726
9258 3251
3870 2572
6373 2674
2832 3125
6524 6200
9267 1008
7504 6796
549 8508
3028 6546
4729 8788
4386 7090
9837 6209
8557 8887
7467 3926
9770 1954
595 6476
2218 6871
1193 4398
6174 9147
4405 5073
4114 7135
6557 9254
4485 2995
1668 5053
5195 7183
6637 8317
9419 1524
9169 3135
6907 7566
4033 6140
730 9948
4956 8987
5978 9242
453 8128
1373 6398
6246 6527
2505 2966
3614 1406
8239 3093
9056 6048
951 3999
9199 3979
1776 3815
6260 7525
784 1653
9595 1445
762 3730
2967 1202
1418 8024
3677 7538
8730 9824
8045 6457
4190 5930
7519 7968
8262 4449
4178 7848
7201 2563
577 2680
7805 6999
6203 1029
4268 527
7035 2771
2895 2875
5573 9019
5650 2
8034 1884
1536 4390
5040 834
5080 3798
2558 7410
138 8876
63 1187
5827 8289
220 2401
8109 2198
8561 8808
743 5754
5524 5104
6152 4075
1873 4629
2800 7911
5793 7478
7101 3401
5410 5653
7516 9452
921 1404
4886 5989
7090 809
9886 5611
5381 5930
1819 846
7890 3380
4256 4796
90 1304
4380 8085
4261 4061
315 2527
1816 7233
7786 7214
7280 3785
6127 9414
1131 3896
4361 9683
3577 5470
6118 5938
6451 7919
7600 2616
8428 2765
1331 3474
9247 675
2053 4931
451 9519
4747 853
1330 8137
6606 159
9855 5939
7805 6350
9485 7009
84 3517
5042 9807
1195 7336
2134 7805
5280 124
7238 9024
8177 8444
5101 1901
94 2070
4804 1274
8887 1226
6786 2462
3346 3551
7702 5625
4299 6243
2224 7286
9912 3804
7583 3417
38 192
24 5240
4294 3952
4068 7874
2699 468
8611 3591
3460 5941
8822 215
351 2034
2116 95
5119 8404
2677 3903
3097 6649
4826 2933
3984 2032
4582 4368
1708 8010
6378 232
4853 7033
7616 9255
4360 5122
2493 3823
3280 1985
803 5497
9105 2685
4313 9682
7903 3045
6705 2581
906 250
2108 6226
2629 5952
913 8645
7657 4556
6949 7485
3655 6720
9179 1424
3354 9834
8448 7200
6972 3562
950 6957
9888 6926
5749 4391
1290 6114
3114 3256
5561 4631
1851 7787
7684 5761
9907 9942
4229 9333
7628 2084
1185 5737
2086 3468
4784 4358
2632 8159
6196 1652
2988 8599
1164 3545
4358 4060
177 6191
1491 6259
4108 5611
5464 9757
4039 465
5705 595
9698 8362
2471 5949
1272 1260
8149 1739
4486 1698
7469 4311
1918 1238
190 7193
8674 6646
679 142
4734 1064
5271 4194
6503 2408
49 8183
7845 5940
3955 6976
1391 6476
6216 4019
4370 6534
589 5747
9322 7414
1223 7688
4071 6156
9464 3357
6753 9274
6448 6620
1079 6808
6584 8757
7059 1626
822 6404
5645 9269
2043 8665
8808 4466
7582 2424
6941 6678
4489 5780
4309 8885
9423 6374
551 2878
971 7739
9479 1386
9640 8424
5744 6456
6888 4484
5993 9029
5007 6833
3749 4502
7603 4497
7148 6845
6043 6072
370 4722
1114 1156
8924 5224
1938 5840
8117 6757
5285 1856
3487 1924
320 4018
3225 649
4296 4148
8340 3502
7779 2315
6033 4318
323 3750
1225 6041
6371 4937
1502 285
93 5368
156 5060
4561 181
6444 1911
7023 9631
4036 6143
8434 10000
5719 2083
1069 594
2671 5509
9379 4177
6540 5293
4450 8161
6946 1594
8085 8017
4581 9614
254 3224
2212 2859
774 3765
5825 7226
6683 5110
6040 1711
4648 4279
2531 7581
450 8411
2240 6956
4656 6677
2480 7106
5640 5494
1622 2155
3284 8201
6676 4949
2936 8843
980 4540
2869 8820
7823 861
844 1493
6263 1438
2784 8063
1770 5641
2721 2585
6632 2040
4692 7551
6783 2328
7469 6444
6523 9628
223 7822
7052 5753
648 9825
1813 9482
2722 1722
8146 9834
572 2049
6862 9105
5718 1779
3091 8894
2220 7368
3285 9592
6584 8213
8065 3047
7027 8434
3124 3675
7167 7962
5689 346
4628 4644
913 269
1899 8577
9232 1302
3070 2850
9977 7738
1033 3752
5258 7333
8162 4149
8914 9274
1954 3478
2177 147
7218 4143
8575 690
3930 9032
1242 8128
7395 7534
9396 9823
1009 5238
7135 7486
7435 7898
9859 8321
5732 2031
6420 9080
8785 6474
9772 2234
8652 3020
1911 6489
2133 8058
9325 4835
82 8381
3375 6666
6777 3044
2139 31
5451 2927
9906 9410
153 6733
3845 4533
4784 3130
9429 6670
9286 5456
1341 8565
1239 6856
7257 5886
83 3239
6888 556
3388 6182
9832 1724
8915 540
9016 9749
6946 4101
5572 4315
8955 5933
1676 218
2877 4230
1953 1824
9483 3825
7818 7807
2881 1669
8245 458
9888 5745
1935 2977
5064 7519
9510 586
4409 193
4335 9693
6257 8370
47 8052
7922 7848
2462 1018
4381 893
582 5585
2240 3567
127 140
7323 7236
3688 7
8139 4168
8678 4476
73 3300
9550 1995
1013 4714
1524 227
6065 8920
5453 4065
3132 542
9770 1220
9441 6848
9755 778
7107 8259
3047 3829
8650 1567
8025 4044
216 9318
8658 6178
7759 7087
4571 4633
2410 6659
7727 7270
9586 6830
820 1471
4514 7371
4028 7620
2925 9299
5273 1875
3173 9489
5372 9979
1946 5272
6736 151
233 771
1069 2397
5799 543
8330 1456
950 5105
406 7631
4594 1468
5995 8930
9139 3190
7146 3255
3633 367
6213 9817
5470 9836
2708 4578
6719 4982
7662 1643
2668 9710
417 2757
6760 8716
7650 6487
6156 5346
139 6164
2319 2273
7760 3132
5098 240
2157 8619
8823 4592
8569 2295
103 3587
3914 9801
3599 2563
8691 8137
1239 8358
4075 5014
7014 2073
7035 306
4710 3730
6346 1206
8307 7654
8518 9841
517 5854
7878 192
3177 6824
9335 3700
3726 9019
16 15
6697 4375
9809 7674
8765 7619
3450 4236
6427 3189
4541 6157
7021 4688
1752 8062
5073 6365
3003 7909
269 1113
9690 344
2760 8228
3123 1917
5912 3531
7658 2462
380 315
5568 1501
3750 5905
4314 5906
2483 7076
1222 2101
1947 4795
9927 5038
8785 39
9926 6539
6857 9818
5043 946
2561 9483
3364 914
3565 3970
5667 148
7062 5155
4430 3366
4136 5159
5259 9408
4124 7952
6824 5500
7276 231
4827 3744
9620 5227
591 8038
8127 2960
5651 259
7608 9964
3426 1171
7636 9994
4482 7054
8987 4502
3576 3359
8439 4143
5037 215
8963 3427
8346 9441
8701 1147
5875 3635
6832 3494
3380 4813
3170 2259
9707 3553
5356 7409
4279 6033
8986 2513
1732 8778
6987 1674
9123 4888
1792 3201
5971 167
6436 7730
775 3693
7294 7324
5055 3939
4724 5111
8449 8841
9848 8090
1497 9848
2182 8646
7691 5419
1246 6712
8966 6467
5209 4006
51 7226
3054 5831
1001 894
5869 6379
8111 6118
93 8631
6021 2824
3108 6285
1628 1057
3286 6268
4067 5682
6178 3401
5150 6648
9384 7004
6727 6633
3008 5695
5483 5669
6343 5759
1801 3048
9851 8617
8670 2946
6894 9809
6128 6157
8414 6474
4955 9017
6782 4409
2566 2912
257 3768
9496 9683
9366 2713
2283 980
721 945
2299 3323
1087 4013
1539 8771
1156 3425
1956 3392
8949 3166
4974 4631
4301 4072
1887 8382
7828 9328
2022 3865
6989 180
6747 6616
2379 5982
277 5749
2539 3880
9917 102
7360 9815
231 8910
7320 8866
5363 2465
1614 7797
5409 5524
6069 5076
8016 6434
3661 1108
6278 3814
1809 4015
4513 7616
1276 7072
5310 7335
8350 3715
290 8092
9099 4193
5567 8973
7038 897
2169 379
277 9184
6397 3315
5279 7463
9881 5869
4752 708
772 4044
5371 5710
6156 3687
6242 8369
5739 3736
5065 2936
6751 276
1569 4523
3367 6500
6210 2627
1001 1501
1886 9880
7904 4992
1165 4265
9435 2121
8227 9695
1561 6681
4755 2839
8324 9348
559 4185
5547 1430
3455 978
9290 6595
9742 5460
5187 1776
7798 8399
5304 6330
3325 676
6041 1934
503 5087
6009 11
4322 9756
7609 2152
5200 7879
4648 2716
1073 9547
1849 2960
742 4847
9728 5204
6679 6261
5545 2397
5314 7598
835 636
6409 9021
1661 3311
6378 1857
5718 2858
1075 9386
233 3715
2058 8210
4329 1151
5379 5345
4855 2146
5868 3689
3765 6684
8367 7810
7852 3201
5539 5504
6607 3308
3177 5377
6364 5615
7875 168
8552 2830
9272 8220
4866 6087
9182 9327
8245 4125
3991 2156
9726 2584
3424 5591
5954 5244
1762 5052
1235 6086
9080 8907
4399 1449
5236 5094
1373 8913
3132 3122
5626 7013
4531 3069
9554 2532
919 8661
7174 6409
64 3722
1882 8935
6193 449
3124 1909
5877 9771
484 6767
6444 5774
1887 2378
6387 2441
7789 3281
6134 2152
7542 6910
9037 7904
1686 3625
2800 8098
7931 9339
9277 8937
9505 7399
8649 1246
3609 2313
7539 4869
1238 7353
595 1427
8628 9194
8896 7673
3050 6742
4620 4241
2494 9930
3120 5608
5995 1098
1113 1467
9640 348
1494 9639
3091 2593
718 4994
9737 9596
6073 9917
4515 5008
9889 8071
3486 7119
6437 9521
9488 9941
5298 6121
6209 4243
7270 7051
7877 115
4884 6349
2954 3347
6576 5269
7685 8973
2846 4368
3512 390
1825 5269
5851 6521
6271 9103
6337 4965
4372 1679
8145 1390
8447 2748
3423 9091
6930 7651
8797 6217
7040 6994
472 8992
8543 3251
4025 4029
9452 781
2618 824
6933 1382
8997 3499
9269 2116
5153 7286
4480 6734
4231 7327
242 2908
4329 5109
8557 9693
440 9941
6386 8503
5866 1585
9028 1553
5431 6940
9689 1235
9931 7981
5537 2392
3567 8387
739 4193
9029 9652
446 7665
2786 7901
804 9194
8182 1924
7550 2398
6646 3771
377 6691
92 164
250 2766
2433 1861
2504 6673
4580 7108
9263 9597
9345 5996
4035 1830
1732 7367
9822 5017
3501 4545
4283 9394
6164 7344
5061 4038
9363 479
9070 227
4301 2783
4077 9079
7379 6285
1191 3228
1234 5484
6566 7052
5905 2029
9837 2128
6200 4611
1764 556
3664 3507
1574 4913
8 5454
6269 5206
34 3499
9489 359
3239 8667
1363 496
8766 2584
3440 9499
4244 2724
7456 9036
5163 3710
864 3042
1742 1808
3633 833
9009 5442
3616 8598
6243 4722
5602 7538
2644 8118
1667 3961
5570 9215
4423 4305
2520 8582
1037 3994
4853 7328
8824 7570
6111 7678
5902 3889
110 3377
2207 667
6482 860
2780 7500
9920 4437
9691 2914
397 6283
8580 472
2330 5926
585 9261
2192 936
1325 2602
9614 9043
1748 7810
8898 1145
3318 8870
8169 183
7739 2171
5916 1253
4246 7540
3596 9515
4889 7487
4119 318
2952 9436
6686 6224
5413 706
4205 7624
8515 2308
8096 7454
5498 3121
6275 9757
5329 6697
5161 9142
7667 4605
4508 320
3742 5133
801 1172
6581 8619
434 8433
3918 480
8050 2355
9468 3938
1891 3350
6883 173
123 6686
1988 9558
6382 4535
9472 2080
4635 5940
450 7134
4133 676
1668 7754
2193 8492
6094 9305
8744 9125
5204 8439
8343 2997
606 7483
6964 4808
5359 6772
3352 4434
2368 8272
3928 2029
4953 8026
7548 8438
7503 1946
4078 9448
5667 9690
4185 4815
4213 4015
6835 6328
9214 7785
5374 3970
2141 3693
9021 4710
5710 3704
4875 2798
7957 6283
9208 5633
6962 7886
5990 7914
4123 3404
1097 7829
2513 9404
2754 5529
5365 4556
4421 5697
9956 6421
4493 6779
2292 8109
4647 9250
173 7249
3558 2692
941 6198
3787 9447
4531 6039
202 3990
5702 8585
4387 7507
9191 189
237 8022
126 2889
8816 4006
8203 2369
5564 9952
4809 1613
9075 3754
6579 1013
3173 4343
9604 3562
9566 1764
3962 8875
3195 789
3715 7197
7873 7405
7595 3969
3802 417
5541 8175
4248 5578
3127 4085
9631 675
9978 8837
7877 5004
4658 8942
3634 4568
6039 633
9032 4846
7014 4830
6506 2692
2431 7037
7769 2129
7364 3588
6779 6524
7249 9454
9717 1142
5932 6078
531 1625
6649 9619
3405 5898
9169 8118
344 1468
4500 6576
7924 3650
6391 5348
1201 9881
8337 1322
7598 8861
9408 5416
4322 47
508 9389
690 1341
5469 353
6364 3574
6084 2793
8465 9502
4983 328
4504 4477
9700 6145
9606 173
6878 799
7111 4293
5618 5931
8737 1011
6701 5727
4415 8919
6771 7207
5253 506
4256 1722
2028 3616
3098 784
1329 8257
5835 5586
537 715
5919 35
1651 9652
1844 9976
3739 4221
3136 1375
3149 8846
6318 5583
5286 4161
6921 5079
1086 7182
5160 9505
748 8438
1432 1051
2147 6266
7030 5317
7201 6224
6375 5396
5088 6742
6086 5497
9026 3419
98 4092
7069 3411
4908 2766
908 8933
2994 1094
3257 8328
6784 2526
4110 8969
9469 9154
9768 6988
3994 9487
5093 4887
9099 2519
6519 8048
1022 1815
9220 2041
195 1578
6461 7341
4669 8059
7950 550
1629 5754
267 4152
725 5475
3101 4985
1413 5960
1478 4679
6480 8610
8386 7829
8579 4512
3735 9189
7333 755
8529 6431
5004 7814
2043 5330
4285 5654
9450 5388
3416 9577
1267 7960
3427 5384
805 8248
6908 8641
7608 175
4261 915
2014 1738
8905 5282
6430 5122
8308 4514
5022 1272
1525 7231
6587 7377
5938 4557
7296 9732
311 6371
4606 9299
8348 8377
2925 1651
8616 9933
2638 6049
8303 2878
9602 1799
325 3003
2365 4195
2464 433
4923 2541
7316 5092
6134 4880
8096 6386
3069 7608
5409 4675
9262 4836
4144 3465
3703 5308
4829 3675
1538 8102
9014 7329
1727 1826
8249 1259
1722 9234
4066 1283
5054 5138
6988 3548
69 861
2488 7515
5828 4052
5841 7937
7755 9778
2572 5941
4001 3859
2594 2216
9055 8096
3968 4811
1302 222
523 7407
1680 2802
948 8227
2523 2288
5844 482
6635 5496
6890 6749
9168 8037
1480 671
5332 3761
8565 7579
425 5259
3426 7517
7020 662
3318 4805
733 4878
7340 8075
1724 5302
174 4080
9098 6865
1430 2583
7393 1414
3358 2250
1763 9006
5380 8125
5266 7391
2657 6037
7160 629
3635 6093
9159 793
76 9310
169 7292
1746 9003
5193 5154
567 5955
6796 5370
2498 4160
8968 3228
7994 7233
7203 6414
6291 5014
8160 2036
7710 9155
3629 1286
5986 486
6749 348
2601 5607
8456 1454
3787 5285
6635 3376
8014 5200
9758 472
8281 3400
7374 6122
4031 6129
6452 9937
402 4889
5245 4083
3498 7603
2118 1702
5384 1779
1552 9083
2332 4420
5498 5374
8633 5638
1229 9838
5353 7038
1866 4219
192 2710
6601 3676
9707 4067
1507 3806
2405 367
5514 7416
3996 4687
3191 5814
7606 1476
3018 9490
5951 632
9348 3948
232 8089
870 2963
9956 7077
9259 9232
4116 7422
8563 6210
6818 8321
3982 621
9286 6311
6917 7723
9626 2722
393 8452
5365 7993
5487 4791
99 1173
8083 8293
3205 226
6580 3345
5450 7793
723 6702
4820 6365
7952 8961
6970 2129
8277 5123
7728 7954
9647 3216
68 7290
9955 3229
1388 5079
3452 7388
524 8176
2642 6633
4997 7380
5884 2442
4306 3093
6425 5385
2265 9855
7205 2488
9463 6528
312 8824
4098 9006
3149 2284
3882 4417
4400 7175
6615 8732
623 7899
4586 2188
290 9261
9918 720
2418 3224
1083 9309
7441 8499
9864 579
1153 571
1959 9692
6473 2986
3570 2161
9413 8638
3024 5977
7133 3576
4409 7481
5334 355
3513 2243
8998 9079
5286 4906
6623 1544
4192 2814
4699 4671
3246 1020
6554 8575
7772 2755
2398 2039
3072 8732
3190 2043
4147 5057
3949 7952
1879 8478
3049 1202
573 3940
5788 652
2922 1256
9658 9844
859 9001
980 1057
2275 345
9290 2494
5501 2832
2411 9203
9218 4146
6461 5382
5242 1181
7687 1782
1771 7988
24 7274
3266 9516
9939 7359
5529 7086
1845 2011
3202 6010
5428 3552
2621 962
8372 4519
8339 3664
9105 137
5229 9325
6042 6863
877 6482
3367 6207
7924 8630
5403 4283
9887 4722
1671 2679
2081 324
6041 3716
59 9573
2933 5764
9299 9854
245 1145
4785 5473
7077 9706
6505 9982
7215 5814
245 3402
3869 6737
9909 4219
7078 284
3933 1021
6611 6517
7106 2012
6546 4297
9563 2671
3214 2949
2348 9628
1585 7639
8371 6526
5736 801
2244 3513
6989 8283
1859 2685
6711 899
5503 8483
3140 2604
7483 9196
4876 2411
2807 8612
3732 9049
7847 9719
3717 9968
7494 6306
3627 8495
742 679
4037 5440
9011 9342
945 7389
2827 6053
7723 5762
7173 8552
7328 1908
7440 38
2026 1024
9527 6482
1459 1967
976 7181
390 2969
1361 4713
1271 3108
5557 6538
4973 1321
630 7675
8024 2725
4011 6753
9199 4665
7594 5598
2348 7573
8202 8189
4375 4025
3664 3444
7691 7038
2425 8804
3512 8533
9197 6320
5538 5800
706 6913
9850 84
8988 5199
6047 1083
2379 2797
2410 6050
8162 9503
2612 3790
1994 4750
7990 1707
4712 6359
1846 1932
6382 9169
8760 398
3938 3323
7905 2570
7813 8093
8504 5483
9409 6676
1985 4533
9686 3510
1622 8069
6510 8459
8503 7016
4699 4821
7612 2768
4848 7329
4401 7903
8265 5234
8022 5444
4693 1648
7634 2213
124 1886
41 3810
6800 4424
9350 1638
6441 7499
6525 5344
5899 7115
5655 2217
2713 2568
5107 3992
3866 9459
3445 7180
671 699
323 1116
9386 6105
3910 3521
2423 5726
8816 2139
836 2247
5397 6870
455 5966
6314 3349
1664 3442
4126 4898
5753 3133
3043 3600
9572 863
1623 3738
4355 5557
3137 9071
4711 3076
2178 8088
4947 8850
2842 8219
999 3732
9516 1050
7173 891
1864 7812
5177 8113
8859 5285
123 1793
2935 1729
5444 2907
2930 5182
9618 3114
8736 758
1811 1267
4126 7177
7036 3565
1684 6608
753 8439
2525 6487
9691 9975
6876 8690
2307 2058
2858 7032
907 2568
5889 9717
1392 3027
1774 2410
5465 2594
5821 3730
7591 7262
7725 6693
1241 7572
4786 6474
1795 2797
5364 4088
3942 9520
4316 592
1739 8705
8499 797
4657 9572
2009 8323
5544 75
2677 8087
3547 9084
3558 2471
3880 7463
6573 4821
2979 3375
436 5142
2816 3237
8434 8462
1632 6194
3571 9541
9840 2532
1613 344
8095 5930
1768 7212
5343 2779
827 5756
1488 351
3318 1564
3245 2272
4151 2153
9037 3479
8209 8091
195 7326
4812 9831
4087 412
2776 6912
2423 3582
4501 1522
6519 693
8395 8277
6003 5961
7740 9816
2325 1933
8555 7472
730 3901
9490 5119
3127 735
946 2813
3670 4114
916 5938
509 1044
3065 6391
2272 1727
8417 7769
9009 2119
6571 6902
56 8000
7649 563
8158 9923
6472 7719
2955 6856
6290 1970
5831 1604
9019 8992
2224 6397
7279 732
4916 9361
3318 2834
2876 6700
664 7167
9109 5247
3626 3553
7581 8425
3259 9351
2514 2265
8494 4808
4786 9590
6527 4647
1877 115
484 407
9968 5627
692 4104
41 1740
7817 2607
757 754
5303 9271
1646 1736
9403 2896
7326 1652
9852 277
8474 7481
1267 5243
8634 5659
1396 3818
665 1521
4048 2141
9291 8445
5898 8089
3441 3364
2008 3083
953 929
21 8093
3003 3455
382 1126
5738 1517
4643 8709
1525 2790
7029 525
7316 3034
5254 724
7091 1658
6125 3495
2353 2553
3671 1430
9685 1431
2795 7399
6111 150
1557 5973
1403 2471
413 8446
32 2464
8611 5250
816 7713
4987 6423
1894 1517
3797 4801
1471 5430
2293 7352
4873 6026
6412 8130
659 3540
3656 9445
6534 1703
4802 1881
6478 4507
1185 7446
729 5891
7450 7071
2566 104
573 8122
3213 140
5383 638
5681 3334
6058 9273
601 6630
5536 8861
663 674
1216 1044
7675 5146
9554 1269
3631 8451
5380 9178
2887 3086
9507 2874
7262 4107
1399 9256
2685 2130
2889 177
7999 8911
6350 8413
246 4009
9796 6273
9486 1885
1882 9956
8245 9508
1834 356
8311 2265
57 6600
8527 6406
194 1730
9410 6914
7458 8560
1658 3187
455 9675
5511 6129
8969 5868
9687 8521
1304 2263
216 4707
8750 9726
4037 250
2805 5960
4568 233
4815 3734
4726 7086
8856 5797
1228 3095
6472 3088
5732 7704
5965 9555
5751 6771
2239 7770
9110 2048
6907 3387
8346 7167
5653 8030
6294 2623
9395 5494
4668 8414
5473 6574
3742 5251
6465 7837
1470 2331
1608 1209
6092 6512
8712 3335
621 6636
635 7027
8182 7727
7265 5807
566 8559
4849 6426
6302 5483
4942 4743
6917 4359
939 4630
13 3765
7918 8715
412 7008
3392 5257
6370 4705
5907 5928
7176 3077
8022 3585
61 1663
9624 2813
4001 7999
5957 7084
345 2692
3938 5426
8905 1931
2560 1312
9216 6951
6054 1578
8639 7446
9183 3272
5373 5778
4581 9479
2410 3115
3277 3941
6455 387
3358 2561
7891 2942
3591 9304
8527 976
8988 5648
4568 6366
5891 3039
7549 1204
8092 5605
122 5759
7462 5378
2847 1798
3159 9583
8910 1921
8957 9848
1088 6466
4815 1514
3319 1351
5038 3119
9432 6069
5065 3020
654 1478
2604 8819
2376 5574
58 1181
3415 508
1962 2687
1247 6688
7110 6637
7351 77
5792 2701
6884 1709
8065 6669
8124 9930
7155 7830
7722 7415
576 5298
8518 584
621 8827
7909 797
6128 3803
993 4335
9051 9251
3033 4307
7069 7886
1330 2598
8104 2158
4663 8337
3122 1392
8575 4965
4242 7101
7233 7234
3715 2590
6291 9698
6610 6758
7512 8413
3584 7451
1882 2487
9335 6101
3698 3571
1157 5160
7698 8193
9415 8283
6395 6615
2851 4840
9184 3558
3265 4140
9345 3430
221 652
6150 4929
6498 1546
6257 9223
8577 6542
7740 5334
2462 7021
3535 5010
5392 8025
7210 3457
2515 9303
9514 4230
5291 8554
3574 6737
9711 4192
559 3352
3919 3843
7032 7538
5005 4668
8069 8960
2372 2740
4103 8332
5937 3410
780 5149
840 2177
8993 3768
9259 4868
36 686
4044 4704
9253 4663
4613 739
7537 6442
7581 8951
1037 3275
7506 7621
8320 9948
4435 3213
389 1579
5003 6745
4556 3620
4509 1413
5288 2191
9180 6686
821 2566
339 1645
2709 2079
1891 6602
4714 1286
2791 1118
7385 9927
9470 415
5948 8248
7814 3364
9466 8233
6969 506
5055 3607
7193 4978
8031 7492
1515 494
9943 99
4985 8278
5256 8511
7695 2962
3511 3297
7644 1631
9530 5878
6084 1210
7817 134
4770 3603
7624 1305
7481 771
833 8045
5045 502
7852 1971
1806 6313
840 8775
1208 8338
842 501
259 2016
8041 2271
2438 4012
1855 576
5513 9634
3334 8314
7136 9724
8997 9002
4198 6698
7428 1676
8092 2858
8020 6310
6673 9884
702 7252
7552 2166
9903 5802
8536 2690
4172 8532
6403 4913
7525 4306
7164 556
5090 2053
1133 5540
1737 1487
6544 8938
1245 9330
1561 8421
5463 9635
9618 6842
7996 3699
9464 2867
3283 4175
1232 6893
6933 2827
6815 282
6676 7606
105 7352
6044 6284
2992 9410
6206 2451
3048 2617
8268 1176
5745 62
7725 1416
4817 4985
2521 9071
6769 8137
4768 6763
8986 498
7525 1391
5835 2040
1823 4092
8574 203
344 2957
4106 6438
735 3040
8930 9677
1562 9722
8870 7307
1568 3683
6826 7586
9510 6986
690 8840
6623 7496
8119 8358
8238 9780
2544 4151
4836 6955
8069 1534
7785 3897
8294 9897
7318 6819
915 7821
5959 8963
4686 8964
3649 3885
6809 8351
289 9418
1335 9849
3058 6793
4547 2180
2212 9006
6958 5473
238 1378
7480 1638
1976 9054
6721 4666
8273 6453
2422 3324
6125 4234
3002 6391
1768 285
3849 9718
9329 1837
7673 8530
664 5116
6318 4071
3473 8228
714 9713
1443 8079
8272 7466
6567 6353
8508 2888
2568 8609
2794 7680
7334 9092
9581 6880
5153 2665
9107 3728
2136 2616
1313 6166
9857 9118
7452 1620
5407 1889
5867 2362
78 7147
1508 7561
7305 638
2030 8849
1577 7240
1114 2869
9570 7860
3525 2807
1599 5490
7178 3101
9577 9450
6893 9843
8968 3848
2294 9306
7825 3
89 7655
9113 7498
2545 7123
7040 78
7574 2400
9706 9327
5667 6566
2148 1192
5728 275
8341 7481
1074 5709
7526 2044
8410 4345
9745 2818
8654 5255
2302 9388
1644 5572
138 9925
4006 5675
4123 9334
4864 9702
52 6372
4605 5857
4423 7638
7611 5106
2612 1663
3366 4500
1407 9075
215 7230
7647 5323
1578 1861
9127 1122
9059 3541
3960 4639
2539 1165
9323 2919
5368 6154
101 7969
1711 382
5680 278
7730 9112
5372 5367
2888 4559
9474 8098
3976 559
4783 2106
4708 3682
3990 7829
4128 6113
690 112
713 8491
4850 1379
3544 9253
6816 1171
3845 8262
5162 2257
3029 1491
6199 6352
8976 9802
4134 9002
5821 8707
9612 4158
4728 3994
8508 8233
971 4311
4028 6784
1855 3180
4117 6369
6787 8924
4951 2558
5500 8622
9153 4599
6576 3643
5922 6310
9715 6469
8022 6471
4264 3910
8475 1596
9370 7036
7071 4996
6895 6953
1769 3297
9103 8018
5305 4636
9882 1486
1364 5033
9649 9255
54 9421
5593 6117
2339 5195
8233 1269
7700 9457
801 2288
6726 2897
2091 5797
9106 5445
645 8410
3677 7129
3168 8149
653 1151
1250 9968
3461 701
7720 7695
4417 1522
7403 4396
9886 5691
6273 271
7796 4729
1210 3372
3912 6573
6920 8455
110 2749
6258 4943
5020 5548
824 4568
3591 369
343 2174
7812 5885
9365 2419
7019 3337
5014 2124
7968 7676
2545 114
7890 3640
574 2487
4559 9467
5414 6100
9755 4765
6771 1153
7262 9880
7423 2294
3179 3545
1745 2136
7105 9281
6191 7655
7520 3418
5658 9027
6102 5429
1603 5189
6 4885
7467 757
1327 9793
1769 6166
6217 9929
6857 7497
565 2834
6999 3300
3106 5106
7909 1495
2252 3103
8734 9660
7907 9528
4895 4073
6300 329
1280 6654
4517 1309
3973 1659
4089 2948
3085 476
4898 2106
9730 1602
5788 2031
1911 4155
6794 5203
8265 9694
4325 7879
7951 4753
1060 8992
2092 9522
8876 7649
235 9916
3618 4146
8330 6939
9184 2767
2227 6335
3433 6779
2271 9754
4203 4635
1908 4169
6019 3759
4857 9706
4570 3879
2695 6435
1890 8002
2217 1658
7860 3560
3546 5292
8745 6616
2450 346
1497 168
788 317
2518 6837
2424 7505
7491 6401
5143 6952
7093 3840
2592 9266
4760 8278
8738 8224
9615 8693
2610 5024
9964 1136
3116 1696
4358 8807
6072 1037
208 2730
612 6551
5069 4968
4143 4130
1416 5563
6055 3795
9146 7362
3376 8752
416 8879
1490 3958
9728 588
5268 4328
2685 270
9853 1855
9369 6918
318 9031
9855 8112
2394 7902
7346 5992
5909 2000
2913 35
2684 8114
7457 3852
7053 8507
3494 8250
5039 8009
7343 7700
7022 8195
1967 9051
6471 5758
2196 8053
5194 6154
5880 927
6906 6005
5638 3851
9755 5297
2978 5428
1512 6079
7146 9306
3393 7378
6213 9246
9942 3718
1658 942
2316 9486
6937 1093
2449 4858
7653 4637
5973 9373
3022 8007
6571 4894
1995 5993
4776 5956
3094 2864
571 4192
8236 1972
3545 2746
2665 9529
8828 167
2960 1484
4340 2151
4487 5679
9088 5983
5049 1531
2001 5159
1380 252
8164 7380
2929 1561
2654 1053
5078 4900
2952 7839
5188 6592
6349 8205
5492 638
1578 1129
3233 4477
9105 9378
8611 1050
1511 9561
4609 239
606 1389
5955 6104
6396 8389
2626 8217
4746 2263
8223 1270
8551 9135
9686 6821
520 2741
6587 357
8780 5313
7961 3134
7475 8766
5059 8134
3568 3121
2993 9897
4501 6337
4184 6773
1789 4368
5615 5159
5601 5138
310 4269
6890 7130
3681 9745
2366 1972
9125 5865
7182 3366
6789 2236
2447 3049
3347 2984
7409 6470
9843 1973
4999 5110
9041 7740
261 5369
5980 9439
7681 3885
8859 3967
3334 59
9355 5384
8679 4828
522 292
24 7832
5968 781
2460 7378
1534 288
4485 4394
5080 4543
2974 7829
4642 4278
6484 7020
2082 2450
8818 8562
3876 7921
9194 8550
8443 4383
5166 1264
3036 824
353 8322
8347 3326
9654 6570
7087 4592
9508 3256
8937 2070
2554 6613
5225 7811
7982 4362
9607 2548
2277 5493
6311 1994
5929 6472
9240 1670
1874 3733
2069 5379
4027 9083
6483 5596
7099 4474
3876 5579
8068 7372
591 5451
7323 8617
7078 5793
2791 3792
2857 4383
3179 9716
8027 9561
3696 6105
2324 5805
3442 1741
1120 4326
5112 5886
3855 4274
1828 3142
1988 2300
2337 9025
6310 7010
1954 6621
2635 9687
1766 8417
8545 1709
9383 6578
3904 6109
9984 7253
2665 8748
9364 396
9018 2447
8358 9107
6256 7274
2018 9712
5431 8513
3656 4410
6379 7291
4877 4091
4119 7380
103 9378
6 8348
3205 7943
6583 3104
8572 2911
7022 7043
4238 4847
373 3536
1417 6833
2268 3444
5943 3163
545 5468
3780 6770
4930 1755
7649 226
5179 4848
3027 4368
9564 3470
1901 7087
2899 4265
3635 6534
3903 434
4889 2276
773 9366
5155 1796
7896 2928
8250 8592
8920 6881
6595 7470
8054 4751
4914 5712
502 5836
8810 3078
9249 2852
6018 1349
7003 7491
1642 6797
9214 8988
4926 9813
9776 3786
9632 1641
9219 2729
2287 6525
8657 5590
1678 6345
285 5019
2735 9692
3183 3799
6692 4397
2635 7499
7553 6914
742 2859
7592 3310
3590 5790
5863 5187
5311 4563
7128 4264
2436 7387
2137 8901
9506 5296
17 1326
9637 9930
8948 896
453 8964
768 46
1341 5895
8084 9058
5609 4687
5662 5582
5830 797
6979 1739
3501 4067
281 3823
1544 4153
7215 3569
3914 1151
6970 1226
8596 3928
6418 2061
9072 538
238 3676
429 4113
7389 3170
4991 3582
7405 7462
5884 629
9760 8571
5167 4535
9820 9890
2390 596
4386 7432
789 4039
8523 6896
9241 3059
6565 4183
3441 3488
3278 6212
3730 1797
3276 194
6593 4961
5731 5873
2084 6675
3264 380
5925 2668
3595 1221
8390 1790
8597 4784
2566 3007
4304 5971
4163 5035
9854 6834
1984 7685
1083 9253
8274 192
5728 4762
1071 2941
2999 8113
4260 7291
1265 2596
6328 5178
5536 9586
8176 3382
1104 8548
5911 3900
3102 8774
7863 7827
6539 5078
7053 6627
1037 9101
2341 9466
625 1970
2204 8147
585 9019
9335 3925
3618 1442
5609 5961
6984 8560
7543 9120
8742 7405
3310 8955
5175 8693
7521 3086
4324 4511
5299 9281
5532 7958
2217 3944
4518 960
9602 8073
590 5637
2087 5599
9600 2693
579 9885
6165 5535
1271 2043
7177 6318
9267 1554
3860 4317
2263 8707
6375 9465
9724 5767
3542 620
7131 3303
2016 3790
6715 7490
5237 2871
8073 2065
9327 4105
7229 4937
7524 1934
923 8018
3913 572
9853 3904
2572 8940
1054 1443
8885 9430
1770 3235
2626 6651
3109 2838
6474 3999
4174 7767
7379 3741
414 8811
3434 1762
1662 7199
6517 4187
8517 9349
3136 4021
3952 4054
1197 9761
9329 7259
5867 4316
368 8166
1715 5564
2079 7926
4610 2524
2788 6242
723 1945
7277 5516
927 3374
7696 882
6595 2346
1357 239
1272 879
2043 8043
9474 5519
1894 2596
7216 465
3859 7025
4143 1830
2344 4168
7534 7674
4870 5044
8406 3796
7947 9470
5063 9128
7632 2078
8226 9976
2326 6888
1893 5786
2980 7456
4094 4388
6697 9905
144 3384
7889 2253
9367 5739
9075 7903
3539 433
869 608
1843 3354
5204 6650
4994 3122
5493 8052
3953 9255
2768 6699
3548 1881
1371 5730
3834 1753
1396 736
4787 1975
1934 7842
6520 1618
6956 8297
1798 1271
9016 6382
8786 8239
9239 9274
9183 656
3978 3354
8296 2488
9638 2105
961 956
6726 9177
4526 4748
9093 493
7973 5742
2348 5151
3122 2245
8422 6899
7724 2061
1542 9016
1356 6182
4135 5074
4173 410
2615 3514
9550 4847
107 56
5950 1334
6057 9909
463 4212
5468 6705
2805 2512
5377 3858
8135 9248
3153 5126
475 2945
3160 295
1648 4572
2848 3107
1093 7422
4348 7747
2687 3427
5353 1294
5011 8709
3443 8145
6214 4909
343 1064
6337 4255
2467 5870
1699 7345
7847 9229
9227 3732
3292 6815
4591 1269
6090 2719
7168 5814
1678 1140
978 3130
9825 737
6646 8072
2695 2146
2961 8569
2098 4180
7316 1604
8027 5072
3930 6883
3262 9156
2087 6196
4818 8418
8108 9532
7329 5822
6407 6340
2871 2492
2315 3257
6993 5483
2344 213
2723 7642
8320 1035
3587 2996
3337 3481
746 9359
5346 4988
7731 7769
4852 3586
9315 4756
1104 5986
5349 7387
8317 1244
3191 4826
5920 7226
9339 76
5679 8116
7593 5330
1364 9738
6649 8101
696 3082
2649 8774
425 4922
3696 305
1363 718
3994 354
3715 8420
9920 8031
2215 7204
1723 9783
4679 4614
2405 7748
2393 5425
865 8094
2222 7645
5737 5459
5842 9166
1343 2415
6355 4395
1001 8878
3312 2482
6433 1458
9792 9850
7480 9830
4321 7237
646 8036
5735 8464
7276 2832
4347 7466
8592 8488
728 6614
9996 4232
8142 2683
175 4844
9500 5349
3351 66
6197 1180
9158 5875
4356 4444
5284 1372
2846 1268
4772 5282
5769 7397
5161 3169
1345 2498
6719 6738
860 8130
2559 8624
3554 8425
2354 5299
687 9945
2861 7204
6517 1058
4425 7013
1680 483
4642 5995
5348 9224
828 4879
3570 3712
640 6987
3320 3094
8543 5732
1600 813
1671 7141
3929 7423
886 8973
9827 7237
9951 3973
8618 7366
3525 3735
9310 7717
4057 4350
7573 5444
6776 9265
3451 9772
7075 6672
7162 5556
3486 2162
6540 6479
1087 1284
1655 3468
7494 7735
1936 698
1250 7406
4109 8153
8603 3093
2895 2090
6750 5343
6452 3185
4246 7593
4777 7895
2010 7140
4613 64
1957 4708
9078 5184
6522 6934
5689 3269
3741 8819
5503 894
1069 3631
6029 5247
9554 9188
3103 810
7602 8948
565 5927
9430 2821
515 8796
4450 7264
8824 4815
1520 3359
7429 598
8263 4671
8114 3131
8047 5178
2368 143
9103 3647
8972 9006
1518 1465
2884 328
7960 6324
1948 2671
8108 1258
4525 9996
1510 4257
4806 3675
1979 1621
3554 2360
3299 6641
4489 7943
9862 5775
6951 7070
5763 7996
7292 9594
6810 484
3163 4579
1525 8058
3233 1313
7903 6536
2856 6017
1283 1889
5682 4196
2696 5557
3873 5022
4057 466
1782 6735
8864 889
3227 3040
3620 9434
2761 4496
1011 370
6539 9336
4822 4236
7930 8991
6944 1215
9487 1030
1885 8760
3148 2805
3307 8097
4918 3145
9936 9046
1054 7361
4267 4518
1884 3212
8713 4764
1577 8722
3447 7433
601 4454
4308 1104
7888 9709
9742 8611
2476 5392
144 5752
6779 2956
3994 8588
7316 7833
9245 3336
3751 5637
9974 5116
8773 6341
9718 3341
9269 3073
3035 4208
7405 4676
976 3780
7407 4570
6368 6180
2896 408
7317 5461
6395 9847
2896 2482
2447 6949
1520 4500
2849 9009
1459 707
413 3319
7566 665
15 6093
7270 9562
8436 5841
3591 1585
2114 2006
4837 7925
6530 5681
9077 760
9561 4705
8130 2897
776 9224
1781 7156
4104 7465
4577 6893
5688 7905
8919 6559
1868 1660
5529 2914
5996 7022
5648 8022
6042 1395
9932 4427
7213 6735
7347 961
908 1915
9879 5444
9668 6354
5697 7769
6214 8707
155 8115
8169 9849
7199 7433
2484 7246
3230 939
7857 915
1668 1643
550 6729
6186 4422
8748 2573
7782 404
8407 8978
6689 884
3561 4449
3184 5812
2792 789
6438 6035
5832 7483
1315 3878
8238 1356
5476 2174
388 615
9065 3656
8021 3537
6007 2347
4529 5451
419 5563
4888 6286
1860 5750
1434 8521
5493 5058
2973 4322
4516 7168
2850 7590
4651 4628
2773 2604
5725 9582
1068 4007
6630 6424
361 4932
117 6623
1070 8938
67 7961
830 174
1620 63
7857 1950
5837 440
1821 3777
3822 1255
7315 3314
6461 2924
4541 6548
2852 5198
9735 1546
8223 4473
3707 8333
5000 1475
8835 6048
8766 8936
2068 5818
4797 1979
866 6454
5508 5484
9175 9447
2458 6488
2061 6586
7858 485
3708 4844
21 3035
346 6327
6766 7772
8329 6465
4490 2078
1839 3729
6888 5973
3218 5451
3990 477
677 2893
4964 9733
4233 429
9149 7976
225 3387
2268 411
6527 5076
7050 7555
8706 1519
7462 3312
7448 9472
5302 287
9151 8989
9384 9607
7965 2778
2937 9092
7131 8014
8213 5342
7769 4959
2259 4947
1623 1883
6038 9620
8875 5368
5432 6157
4124 9858
1847 699
11 9036
3607 6382
620 8938
6104 7011
3657 9493
5892 1650
6170 8703
3057 3982
1411 4392
9702 2949
5388 3331
6795 5525
5423 5891
7017 7681
1751 3906
8489 578
3608 7619
8445 6334
8804 8027
9061 2401
1271 8500
2183 4176
5268 1445
2320 6358
9695 8291
894 4675
6992 1647
8955 6886
5041 4863
4270 3861
3471 9644
30 4420
2680 4215
3686 5973
4293 9433
4369 3471
4408 9337
74 4565
1205 2037
2912 3662
1870 1867
9468 8936
1810 7006
3743 8291
7864 3178
9879 7833
4653 8669
9029 5858
6557 2804
5562 6135
2812 2605
6319 1055
1226 8470
4677 8539
8875 9596
5888 1504
9528 1171
8750 5164
6796 4466
5014 9999
2455 47
7474 9163
2143 3306
562 9529
5467 1530
4355 2129
7164 3319
1170 1120
4488 3459
6102 7364
4083 8977
1829 7437
1907 4216
8362 114
5642 406
9452 6788
9042 8604
5571 6090
2988 7002
9922 8463
9756 4440
5374 6346
688 530
4627 429
267 5162
1351 8194
2668 5505
5985 7120
2997 208
8815 2089
9655 5992
2639 4300
8156 7797
3415 3843
7537 1374
9666 1964
2755 88
5076 3774
7498 5363
8889 5744
1827 6549
5882 1323
2441 9643
3893 7473
130 4568
6088 2639
4458 72
4016 389
9354 7435
31 1358
4158 930
8958 1049
2313 644
310 4688
7635 4465
6925 196
8142 4218
2739 6995
2926 1298
9029 7322
4314 2445
3951 5742
8243 5939
1410 7798
115 427
3941 6101
4401 5101
6096 1122
6739 1384
7051 4978
3682 6812
3401 7346
9327 2720
4248 2837
2570 8429
6711 5426
5820 6842
6637 4515
9086 8112
8639 8705
5932 3936
6596 5179
7412 7830
9509 276
6415 4550
5288 6072
3093 9563
2344 2400
6042 1159
2162 1803
6296 47
9239 7483
7439 1408
3799 9802
8014 1326
3982 4985
9115 9013
8831 7201
6798 7281
7569 745
3147 436
2334 6541
5953 7057
4295 6309
4535 7389
2487 4843
1835 4376
3238 3465
3623 9682
6841 2656
439 9078
8104 846
7059 6002
9174 1534
9319 3115
1029 5292
6831 3311
3898 2815
8381 1773
9982 9121
3555 9290
8670 88
6731 544
2484 5114
3512 9336
3446 8097
3098 8310
5191 2823
5256 7825
9286 8265
3817 127
7347 8318
2720 8266
2507 7990
8936 5035
2785 5575
6321 4669
4015 7974
8093 6836
6044 6296
9158 4927
3628 3620
8271 9392
9215 5447
4718 7492
3048 9267
3566 2931
7607 4724
6492 4780
5270 5385
9757 4595
6094 857
156 9543
3814 7047
1263 9691
5556 1984
416 1221
7867 5577
7732 2946
2916 988
2150 8978
2043 6045
2353 8525
149 2658
3623 8953
6834 5464
1052 1095
2210 3390
5316 3026
4743 7014
4806 1355
2397 8222
594 3860
1702 1048
4083 9425
576 3356
7885 9600
5451 2425
2150 7914
495 3269
3308 1218
9155 6818
759 2234
1760 3576
4673 4974
9787 3083
3881 9186
7130 1814
2286 8150
1648 7382
7561 92
7907 1667
9546 9054
6741 3972
3132 1347
8315 9754
8895 4744
9222 9300
8091 8805
2115 8576
9814 7344
6117 3527
7176 8566
4385 5146
2574 172
8366 1280
7919 5157
3258 1692
4064 5976
3055 2133
727 4776
9016 8389
2513 9735
735 38
3801 5037
1629 6480
8468 2224
4661 807
5053 497
8206 2009
149 7948
9109 5888
5882 6319
356 3202
1606 3048
6133 8005
5788 1605
90 1064
8061 3824
9700 2782
9691 3091
8251 5221
4420 8825
4826 8089
1682 7311
6010 1064
3736 7591
7302 5368
5824 3389
7453 281
9581 8776
2286 1371
9260 4793
3406 5691
7095 3280
6357 7739
3456 8958
2440 9132
1047 2777
1122 3
9180 8354
651 8783
6381 8492
7061 7621
61 7776
8519 4519
1165 9250
7794 5370
399 8615
472 5146
5810 2293
6219 6090
2842 5130
3475 7277
9647 9628
2130 7117
1424 9929
9479 5099
8712 4510
3655 265
7167 559
1394 1631
7065 4831
8959 4426
4030 8629
9428 5149
3821 2125
9313 3026
4134 7120
4123 9270
2712 3085
8752 2051
8216 8993
7109 8486
6503 1107
9350 8645
4068 1714
7218 2081
1435 1598
9027 9319
7031 1237
8804 7772
3035 3824
3010 8570
936 7970
7618 4433
1568 1942
6029 4188
2274 9902
1497 9086
6550 9618
8081 9339
8470 7168
3711 7842
3981 2223
3746 5772
8185 3448
9697 6915
4498 8509
4719 1593
7859 1978
3063 9550
2306 9756
8182 8422
7551 8751
3459 6196
2197 6886
5255 2806
9942 7386
3658 6399
5059 4717
8032 2311
7712 5532
3078 1829
2783 4893
3544 7501
1537 2840
4525 3860
1743 9175
8067 8059
8898 9651
1669 9953
6545 8839
1600 9924
281 1034
2001 4387
9821 6221
1398 6368
4221 4974
201 3043
2475 3184
923 9914
5869 6007
2191 4316
6659 6250
1166 4703
1339 330
953 987
1604 6557
3628 81
120 6421
9185 7026
3975 250
8596 3230
979 4177
3283 4415
5685 117
145 1513
5340 5278
5021 6718
1930 6839
4623 3163
6332 6589
2503 3556
8325 3851
6573 1437
9648 2788
9017 6366
9176 4174
5977 2104
4676 4625
6046 8068
8204 5543
9985 3040
3692 3355
8035 2709
5629 7361
571 6616
4507 5127
5772 1273
7816 1455
145 6488
6672 5600
2267 8269
1543 2203
7796 3710
6409 5557
4733 5212
6348 9405
7512 3032
2086 1593
6940 8598
8193 6946
9617 7345
2194 910
6082 2178
9138 5272
3826 9888
6935 263
4045 8707
9660 929
2658 8005
3878 4480
4090 5091
4591 2580
5017 679
299 4880
6152 9283
1941 4143
1188 5800
3765 1375
3289 7433
3178 8999
5183 9201
6969 2527
370 1635
8372 3260
627 975
2043 8597
5165 5913
8745 5593
939 2112
5225 3731
2800 4257
3845 7082
9279 5214
405 3003
2542 6615
178 7918
3352 5375
7371 3226
7173 7693
1350 5488
2829 8301
862 1506
6570 7393
3031 4216
8043 4013
1399 8287
1072 9588
752 5753
8479 9517
1707 5446
8197 7728
4500 312
7884 659
4267 7853
1275 463
5218 8309
6619 5739
7902 2953
374 29
8974 119
7369 8843
2425 3324
6838 8428
10000 4806
3617 1295
8080 321
7631 9678
7041 6165
9629 6043
4406 8456
9504 6002
2676 2473
7703 514
7070 587
1183 4007
2764 2632
7883 7150
744 6235
5192 6103
5748 6863
5046 5584
8210 3166
2785 3966
3695 4293
4327 217
9750 1669
5039 5512
9050 588
6102 2561
8692 6406
9249 3376
6024 7224
1813 8123
6595 2856
266 5123
7093 9761
8232 208
750 4750
9687 9294
8497 8763
6661 1872
3029 1239
9445 8961
8422 6082
3746 9927
9253 4493
9154 7353
3007 4311
3001 9273
3612 9322
9576 5945
3355 7354
4667 7946
8308 5563
8928 1463
9030 4304
8307 4410
6791 1326
8365 7066
5649 1522
8051 6938
8258 171
1767 5471
3757 9178
9702 6685
3670 1913
1632 6457
9749 6651
3798 508
2440 9239
8662 7705
835 7185
6821 6083
8231 5228
3324 6198
2367 3574
2787 8218
1111 2135
8517 4895
3073 8942
8652 3087
5722 9447
2702 4821
4843 7583
8827 5559
9608 6062
237 6530
5738 5906
3198 7622
9 4315
5416 482
3881 592
216 8996
2899 7002
8716 2796
1705 1546
396 6524
8940 9466
2677 7317
8012 5616
6762 7106
2372 9147
3990 8244
3346 3300
1661 4144
3365 7658
9909 2598
5586 8850
5528 2007
6414 5337
9446 8800
6074 2883
4626 4685
3339 383
20 7518
3897 4304
8674 3674
166 8193
5295 5105
1795 5453
7717 7114
5182 4302
6828 3511
890 6500
6828 7354
1888 5660
5243 7605
5103 6161
5897 225
7121 5335
9049 1025
9363 5853
401 5886
5105 8525
8661 3735
5537 9285
9520 1567
387 6941
2098 5724
8192 4001
1135 3584
4135 9289
941 9261
9270 6966
4405 8133
5433 577
5741 5341
4229 8877
8282 657
7272 1562
9319 7394
5718 6433
9243 1265
5990 4908
4494 2014
8644 3140
6054 5693
92 593
4428 702
8697 6619
4402 8965
6077 4825
6823 1995
432 8742
1633 8865
8040 3837
3795 8963
727 6781
3465 1871
8672 6462
9885 7311
2645 9504
486 8704
7825 7343
6134 462
8239 1988
2043 3947
6905 2560
7919 9808
5923 7543
7679 1285
1489 3474
7636 7186
3882 280
5735 9342
7337 2132
8124 2169
7602 3157
2308 7135
5772 4122
7247 5633
6832 9756
2842 1557
7350 1785
1980 5870
16 1213
9819 2471
1658 1701
4251 2736
5948 10000
4292 5319
7948 3466
1055 2212
1065 9745
4474 9177
1511 1387
913 9547
2965 2001
158 1601
4421 736
7104 9249
9074 1756
7560 2381
4513 7535
594 8637
2979 3518
4308 7593
6535 6908
3978 4510
1501 5653
9901 833
8152 2541
1801 5007
4519 4267
3641 3906
2890 164
9673 8973
7290 9288
9009 4306
4839 8609
728 7770
2138 423
6598 2304
7845 5409
3493 1393
5357 676
7152 7877
8179 4981
6452 503
7489 7071
7958 6276
4546 9671
2416 1523
8095 2136
3531 3587
9202 6967
4020 6946
4746 8297
6095 4857
2607 7733
8293 2793
4157 7984
7645 5747
2841 5202
182 4720
8868 3982
3940 4657
9716 7920
7995 747
8345 6189
3004 1890
4648 9057
1942 2460
9496 4826
1630 2686
8222 5704
4021 4719
1532 1057
9195 6731
6389 1375
2267 8195
2978 1549
8854 2303
7543 3291
808 280
1621 3225
6986 7360
2094 4407
8919 6122
1973 2854
4608 7900
2218 64
8256 8067
4383 3394
7598 1093
9487 403
804 3005
6898 9953
70 6358
8098 1663
9468 2580
3723 1569
6726 7364
7215 3672
6994 7145
5238 8099
4005 3945
3580 8455
1687 3248
7007 3081
6532 2647
4562 4468
9346 1797
1413 9889
7054 7519
5791 32
3358 5589
7151 6799
5465 132
2115 4284
2564 2394
8678 5745
2466 2716
1939 8436
8729 4716
9045 5913
3663 7239
6995 3588
3954 9886
4614 4714
1596 4390
2879 7885
3200 3838
466 3106
8498 6256
1866 1402
8527 1155
9620 9274
6001 3804
6487 6838
640 8282
6777 1584
1731 7118
385 2119
2509 4754
5493 6046
7689 6723
7888 6564
4236 5983
2584 8990
8108 614
3681 106
2357 4668
8885 5693
6913 3451
2327 6031
1212 278
2283 813
8077 1586
509 4297
2902 3417
6028 1063
7876 6795
879 3116
7542 8589
5363 2917
7178 7899
8897 3255
7510 6287
8484 5532
8214 9264
1503 7534
8475 1571
5522 3627
8045 3088
71 1442
5717 3820
1429 3262
8029 5085
1256 1278
8739 9919
38 9662
7774 7726
1795 8128
3247 4414
7650 7020
6552 7912
4722 240
8388 4072
6407 9211
9186 4727
2455 7547
1153 3079
2339 7183
2201 5752
634 6734
2501 6501
7241 2142
8999 111
6074 3505
5969 5083
3032 9901
3710 8506
7996 6067
8747 2107
4630 8765
7468 1432
2884 9823
4222 9863
3522 5189
8120 7926
5284 9314
2912 6368
2020 7521
359 2084
6592 8446
3164 770
775 3916
2355 1360
8538 8019
8445 8989
9518 9007
1813 9470
2996 1920
2575 9196
1350 8595
7656 7693
6979 7641
6449 4943
5842 8546
5039 8761
2282 6897
6073 4557
1906 7478
9456 2106
3585 4562
9080 2351
9805 5279
5263 1932
7423 8752
7623 3622
2810 5442
8973 5052
9997 2590
1820 6701
8540 9170
8721 7698
6281 5991
6109 3432
7062 7536
2771 4944
1255 8195
5177 4698
9577 3869
1320 793
720 1504
2746 2098
6511 4897
1275 8400
77 1955
4193 1672
3222 8419
9810 2142
2345 3709
7635 3952
4495 6129
5040 4650
3827 3072
5959 4492
2987 3721
8472 6029
8562 2257
8246 3044
1409 4861
6405 7916
8817 953
2082 3954
4706 567
6240 345
2683 3701
5162 20
2269 9369
741 1607
4623 683
4355 8123
8663 8590
1636 8759
7887 1598
5556 2321
6497 9200
5325 9498
9716 3002
1169 9483
6165 3788
3357 8469
5006 643
1684 4736
7357 4473
1092 8980
503 4877
9457 4205
5134 6124
538 6086
1010 2455
2395 3577
3828 8784
8371 5726
2447 6895
7665 227
5443 3992
7294 7875
3157 3700
223 8006
1676 8969
7255 5271
7999 4308
5968 7517
9940 3742
1585 8239
8296 2995
9213 2568
492 3639
5285 151
130 8002
8047 3859
7025 1570
5567 2405
1746 2380
9103 903
5538 44
6153 6809
7355 8732
6679 9739
2894 1368
7469 2322
1875 9228
8704 6924
4670 7767
9865 3457
2088 5324
7481 5173
9075 5186
3015 8460
4912 5867
7817 561
2460 6013
5606 5895
8008 9163
6280 2214
3578 8248
1257 1481
747 2488
2840 3753
4078 3975
5585 80
1087 5432
9928 5424
1395 6448
3082 5171
7979 8743
3409 8822
8612 3521
2665 7788
9193 3820
7215 5328
9266 7611
2408 2527
6791 3908
115 4038
5525 2922
7510 4643
6631 2174
4057 5157
1980 8372
1900 1125
4870 1594
4113 6414
9540 529
2747 6455
6336 5925
8832 6417
200 1550
8390 3493
410 4596
7068 3214
6696 6360
1616 1523
4145 4695
8528 140
8603 7177
715 6604
2107 4701
8559 2134
8007 7400
4011 3924
6368 7483
2433 6325
5663 4379
6875 204
8532 4507
9169 5048
7837 3148
7720 6353
4745 1686
7809 915
4216 6199
8979 2774
4009 953
6624 6703
1151 9010
9625 2957
1902 4249
5357 5885
3160 3365
7541 6001
9770 1078
5656 3557
3982 5676
4281 678
5978 8595
2792 7257
9266 4442
3111 4706
3746 1977
9915 2559
8100 205
9569 7617
4863 3232
3394 9957
7461 5816
1191 6155
2656 689
3664 2817
7832 3198
2958 9298
3377 1825
3018 5780
8883 3753
8467 1361
8037 43
7999 2519
4935 9582
6530 2063
1408 3027
8373 7607
6752 3680
7617 9044
6145 57
4649 6325
4644 7475
7489 3783
6129 6025
8319 8107
7693 2992
5883 7313
7474 2522
2649 8057
7456 1168
7773 192
4463 4753
8902 7850
3701 1902
9229 7962
9287 5175
2033 9226
5115 4432
8047 3139
3542 5289
3453 5388
332 9440
9207 2613
588 428
7370 2108
2750 1722
218 9657
9102 2554
4436 2412
1582 7030
5604 5633
132 5162
4768 6337
6513 4666
9270 6841
5619 3630
40 1172
4243 5113
4194 8740
9508 4531
3875 4496
5277 9820
9835 1974
5111 1859
7995 3122
3935 1139
1682 5157
2835 8168
6906 9799
8176 9432
5335 6166
3359 5594
3758 2646
6005 2171
6365 5227
3366 8612
2408 8805
733 1296
2345 2863
8189 9760
6226 5989
2540 6268
1839 807
7591 5475
533 6933
5218 35
8393 3265
4056 4879
1780 8863
9027 2278
2975 2420
5207 6914
8524 3355
4778 1303
8989 6103
294 6028
1849 5447
6371 8091
9865 6261
4756 7161
9724 3372
6607 375
1945 4990
7458 7015
2259 2884
9242 678
7836 4176
2816 8573
4554 6096
2971 9458
9299 9857
8167 8766
8389 1758
8975 6735
2076 2104
4949 6487
2620 3365
5404 3209
9972 7809
2640 4915
8223 8657
1810 358
9004 7832
3136 6157
3252 4049
5046 3356
6674 9507
7738 6693
148 5860
3444 8545
5029 6399
7046 6623
4780 5303
4280 7546
6174 6618
4176 2574
5010 2631
1001 7252
255 6896
8908 3949
4190 9864
613 5774
812 3400
2052 5661
7109 8218
2169 489
5470 2428
903 4416
8331 6264
8039 2081
779 6540
7805 2595
6842 9374
2632 4137
3599 5181
9292 8648
6578 2917
3300 6169
478 6908
4907 5899
3017 3462
1487 6452
514 8641
7580 3778
8550 5125
1692 5927
353 9506
5039 9711
7029 54
7121 2655
4488 3790
4934 2576
614 1684
1696 3529
3147 3659
4790 8943
2892 3036
8204 3998
3336 1110
8058 8104
440 31
3748 4183
9297 7782
7561 8608
2071 6815
37 9316
1303 7993
3165 7087
8586 5739
7028 5578
465 3113
6434 4828
6067 5129
5158 9474
7573 4875
6265 4341
9078 3534
2703 1484
5173 7543
2668 6461
363 4836
2385 4683
4479 7045
1518 5593
7815 5755
941 35
8186 423
6298 5938
4824 4884
1433 9868
5476 3006
4649 6644
427 9332
5988 6536
3295 1377
192 2604
4438 1278
3406 8133
4409 8577
2439 1519
3970 3288
2920 481
3132 5805
1874 1042
2248 8532
9816 885
6857 3280
1033 8512
4704 1310
7973 188
6350 778
7104 7237
6842 1355
5136 7232
4404 7639
4364 437
652 3041
6239 6079
5572 3514
7731 8378
9221 7580
4675 2700
8025 865
5543 7807
5750 1169
427 7279
3158 1376
4245 1811
5837 4173
552 2292
9913 7316
808 8000
2320 1248
5470 7799
2021 5867
8927 2433
3419 7977
6180 2546
9775 7898
1334 9842
4120 9103
2318 4568
6075 9658
814 8820
5047 8202
9768 3670
6959 2828
168 8296
2814 228
651 2173
7932 782
273 9329
9102 6545
980 4763
4486 2581
9316 5292
978 3612
6666 7409
319 6047
4143 2261
9257 8465
1724 4526
3521 7213
4334 1317
4376 9643
3416 8342
1593 676
6115 5331
4446 1958
3373 2377
3589 2433
8445 2289
1381 6565
5334 7586
5646 5365
3901 3482
841 4514
8274 3810
2831 2487
2695 447
3059 7927
4620 8022
124 4728
432 2370
10000 1836
3773 6486
4592 4230
6451 4065
8038 605
7502 9274
8363 1649
8562 65
7254 3185
249 333
7697 8478
5589 8
884 2634
9237 2361
8612 2744
732 8437
7412 1714
3994 5204
2959 2189
5278 4876
2808 897
8472 2347
6322 607
4250 7741
3367 8377
4204 1754
6316 8413
2490 7753
3502 46
961 5408
3834 687
4113 2448
4234 7543
7107 8303
5941 5014
2708 80
4118 4533
5220 8713
5010 3489
530 2952
9464 5904
2493 9992
7273 3216
475 2540
6123 2374
6068 6747
