10000 10000 10000
859 9501
9402 4861
7465 4761
419 6292
6714 1463
5377 6235
5087 9627
2983 6112
8866 1367
5658 8274
5034 7173
139 3106
410 4560
2636 1310
7700 7416
2277 875
1842 2113
4819 622
9772 5304
7609 3114
2034 6508
4819 2391
1456 9553
6036 7578
5372 1729
2780 6394
2847 5166
2811 4824
8656 5864
5500 8697
4412 3391
1379 4677
3362 3292
1458 5044
4086 1110
4840 8091
3616 3321
8561 8775
2969 9771
9485 3801
3555 5338
9481 5667
6942 6814
9061 1628
1562 4495
9669 9446
5434 3336
6367 4115
3284 7637
6185 2682
2783 4907
3454 870
4186 1489
4985 2842
2854 1687
6018 8196
7957 8417
1839 3619
3296 6463
7763 1764
5400 5801
3242 7154
1172 8018
7345 2841
4749 5794
8706 1207
4289 5102
4057 351
2821 6192
1146 4861
4890 2209
1796 3887
2658 9483
5443 6068
1062 4487
4385 925
7340 5972
3166 7153
62 6640
762 4753
9261 7485
1275 7139
7424 3805
2813 1718
4550 8637
4872 2121
1502 3142
8342 2033
4832 8657
5773 4794
3771 1357
9680 3088
3466 8295
217 9622
1878 333
9713 7821
4587 651
2272 9907
6746 5329
7040 3357
6492 5194
8417 4778
282 513
3828 891
4810 1476
9688 2178
5349 9210
2274 9245
569 1825
1957 9280
4416 4936
4477 3008
70 5422
2218 2543
5105 2658
7022 8847
9044 2928
9977 2294
4702 8987
5759 7519
9181 1937
539 1668
8935 5725
8931 6250
7946 1678
439 5018
3904 7022
5053 1841
3832 4687
960 2717
3383 8554
5716 6639
6684 4287
8639 8614
6011 8555
2880 1649
525 1081
9041 7730
4941 1087
7437 670
6042 1242
4260 3574
8194 7685
2523 4136
2020 883
1716 6186
4894 7312
4997 2802
2937 2070
2953 169
4122 8571
9890 6043
4273 2024
5536 2644
5481 5463
4288 4219
5010 3475
8282 5460
552 5399
9440 5054
4718 6052
1638 9738
7706 299
6167 1920
7156 1842
8092 543
4035 9085
87 3539
7567 4113
7341 2674
1754 3390
3840 1800
9758 9135
3646 6492
8323 3858
2418 2268
9690 5540
6583 8427
3889 8960
9828 1427
7104 3785
2943 1133
2204 8729
8738 957
3728 8160
7413 1350
7457 1734
7420 9572
6425 7976
3632 9687
4098 6808
9411 3965
6964 9800
7765 8381
7809 8856
5978 8808
1782 4473
5891 3953
8926 5526
1228 4177
4317 5270
7828 7301
6468 9921
4582 1199
5510 4480
2533 4091
1896 6145
5457 4017
7001 8205
5640 3169
8012 7256
1816 1660
3180 1429
3627 7170
1487 1348
2692 3068
7353 872
3129 7804
7128 6437
2569 5324
3290 1460
8622 8789
1000 9755
1851 9734
6797 8548
997 3769
465 9771
1004 5133
8197 7561
4277 5982
2837 5318
1261 3890
2009 686
7843 7481
1010 7692
8697 9010
2120 6416
9270 8024
4485 6793
4744 154
2175 6109
5293 4676
7192 1019
7895 5486
2949 6410
7001 676
477 3582
854 4676
4574 5748
725 5225
9143 6508
2623 3403
2949 493
6948 1434
4988 8996
5102 1572
807 2245
4095 2151
64 2977
9707 7312
8894 2604
8973 9617
1756 2505
8635 2884
4099 7324
8949 4133
836 4401
6192 9548
5868 7278
2541 1504
1858 7505
787 2637
1867 5782
2138 2530
3376 6218
1346 1004
4269 4757
1527 3808
6619 6580
1699 1346
1880 732
7042 6046
2895 2687
733 7805
1972 4513
8820 9586
9632 1898
1732 7599
371 333
4296 6884
1345 7782
3260 3429
8146 1433
2613 1458
3534 6277
9302 1580
8558 6139
994 6394
2592 767
6112 3786
8488 3925
2587 9695
1441 4088
6198 3118
283 311
8630 6318
7231 9775
7630 3951
1481 3568
5961 2890
1937 7199
5349 1945
5923 9611
1663 2124
9363 4940
1810 9461
9469 61
5346 1886
2632 4471
5751 6314
1374 2577
4555 4633
2951 3613
1166 754
8804 5119
2821 4134
2440 6135
1371 9864
7428 2132
3492 2251
5392 3906
1639 9894
4529 7295
8369 5504
6384 8998
3142 498
357 8902
2097 2994
9718 396
613 4502
8005 8842
9575 9885
5039 65
6799 8748
5895 7354
5153 8182
9949 2578
7921 2055
5226 5002
7945 7111
6472 7515
440 6776
6616 676
828 9342
137 7689
5350 335
6991 8080
6574 622
5068 9018
751 8193
9921 5485
4077 4228
3098 2270
4363 1726
4292 5343
4050 6613
4101 976
1422 8568
4387 1146
5230 5380
6344 3126
6605 4762
3712 4464
2421 3230
9409 7723
9724 4875
6693 5277
4096 6601
4656 7497
7281 1211
5067 8752
9453 6711
8889 6042
7074 5426
9640 8392
7709 6879
1070 6328
9337 5693
9564 4593
9129 4229
2087 2981
3890 1982
5459 9969
1717 8235
7573 3840
8451 368
6681 9734
8967 178
3287 2917
4268 3410
7975 1949
6576 5181
1096 113
4905 6616
8145 97
3014 4516
6137 9829
5034 9186
9319 9051
1317 9097
9603 1015
6042 5147
6683 7648
8222 8700
2300 7465
4469 6693
7785 2384
2677 569
7042 9490
5565 9972
6232 4646
2486 5162
8225 8470
1980 2832
9960 1569
3048 1267
72 5875
8097 586
6168 5132
4928 9790
1974 5846
2476 69
6596 5071
6478 8787
9797 1240
3210 2220
3407 8031
347 7839
8783 2626
1416 45
7035 358
7803 2764
6509 5492
2179 9096
4118 271
4001 3137
4496 393
1159 275
1903 8056
2480 3656
4821 8707
5915 8936
7631 848
19 766
2449 3129
7946 8152
6739 5904
3378 8206
1411 7901
7417 3708
8746 9382
1243 2333
4008 3651
5216 8152
4361 7524
2670 8641
5345 4108
9729 4160
8723 9941
39 8
4086 2350
1812 3959
3611 6614
3563 6712
8147 8019
4987 9052
2070 6377
3968 8857
2746 59
762 3433
5499 3357
8004 4319
7239 6728
867 8637
3826 4100
7750 2198
3218 7756
2625 1055
289 9887
831 7145
2893 2998
8706 5751
2999 324
5509 3947
7481 9057
1945 931
4522 6877
1373 6124
597 7080
7107 1833
5383 3557
7380 5969
1908 7668
1487 2436
5766 4063
9685 4107
5659 5934
367 5574
6273 9343
9336 7568
3039 7798
185 9589
2249 5792
6542 8565
7435 7669
8616 6253
1427 1244
3610 4708
6751 230
5441 5589
9821 5973
7630 4914
1739 9217
4879 7945
3769 3418
704 3082
3333 740
3129 9166
4061 5663
2379 3106
2213 7174
6848 9747
7010 697
3992 1518
3441 2448
4938 2222
3103 3391
7515 2301
1523 9521
943 5337
5134 2017
6163 6448
2144 8876
6860 8782
1684 8146
5020 1628
6271 4911
3118 7869
2632 3727
6124 1101
1773 1699
3777 1297
9003 7362
6239 6916
6489 2425
4777 4209
2883 8906
813 7272
2686 3920
2153 4627
7361 7881
7329 5163
5679 9776
4233 567
4623 2472
8533 724
7768 4033
2563 3778
6998 6226
5511 8144
5328 4347
958 5730
7088 72
647 3191
1790 4685
8585 6980
2824 9908
7297 2226
5025 4887
4189 4267
5168 9601
1484 579
2717 3978
77 6882
6865 3938
7544 3137
9087 4903
1343 7256
6210 5028
5998 966
7221 6366
8603 6549
9092 5981
3000 1908
6196 8066
8682 3105
8528 8935
90 5942
7547 959
4609 4321
696 6688
2121 8486
1756 4911
4575 8031
2498 330
3217 6250
7633 5969
1067 2293
6941 8161
278 81
2252 1525
3005 6279
2872 4442
1934 9555
7898 8159
2163 3430
8487 868
940 9853
2291 6369
7284 3501
1959 2594
4984 9810
375 4549
7474 7992
5920 7428
6159 6401
5008 6447
8120 8797
4241 6673
6243 8458
3505 5506
7336 3290
8708 2817
4348 9666
1042 4350
2412 5590
7241 5876
7800 2803
3691 2282
4510 3336
8992 787
4424 5399
2916 4625
5598 8331
1532 9024
1243 634
2839 8662
1191 9620
4500 9873
7210 740
1371 8156
8282 6158
7043 5495
3359 5921
5395 2600
2930 3119
5329 9056
8262 5367
1510 2951
6359 5955
641 4390
3929 9252
1244 8612
6774 7954
1072 992
3155 1668
6231 4455
6430 8694
4562 125
9744 6868
7578 1512
9912 2806
2825 3020
6507 6994
2010 4382
4561 4565
8861 315
416 2295
9013 5048
9622 6259
8002 1128
318 6300
5921 3469
107 2306
9073 275
6153 3833
2726 6793
3085 1144
2329 8297
391 1324
1629 9495
5529 9758
7123 441
8952 1144
9505 375
7339 6378
140 5017
5621 9545
3836 8040
3543 6670
4180 292
7735 7511
2075 2531
5754 1784
9933 2774
5843 1858
7709 1747
7693 1915
1877 1354
2698 9553
3100 6889
7342 1097
8175 5531
2540 6399
3636 7850
9264 9551
4674 3455
2471 4847
1442 774
3110 8761
2091 8004
4382 1229
8899 2048
1546 5655
5205 6294
8468 5948
9226 1397
1294 6322
7152 4366
5079 2254
7376 4844
8603 1492
5958 4186
5276 7039
9558 9539
1295 587
2888 2683
3251 8296
1940 9547
9988 7053
1526 3074
7722 4005
4898 8130
2106 990
6372 9311
1311 6600
7096 6496
9887 5732
4785 4564
5269 6137
4814 2710
5686 4615
75 8031
1531 7340
7127 8413
7383 8424
9301 7377
7906 7438
4131 2341
6551 8225
880 4362
7236 93
5536 1374
9001 7788
5487 9221
5030 8814
3157 5328
4460 2684
2510 6806
5098 4106
1754 9902
7979 5406
9205 3208
3988 6098
5878 3203
7680 4732
9282 6285
4786 1363
2220 3645
1657 14
28 7799
4297 7511
1672 3214
2950 2243
2186 9314
5268 9863
8292 388
2557 7160
2677 2951
5205 9850
7525 8930
3712 1761
2402 9221
1749 7859
2589 6339
7702 434
4808 54
197 3240
9318 7251
6045 5278
84 2467
9932 4576
1275 4018
4412 5706
4186 5584
2014 4807
48 7064
7419 891
3191 2037
34 1994
7526 2989
6813 3860
805 5380
970 6853
4946 3461
2609 6217
4060 1624
1217 4457
2332 3383
2491 143
3037 8817
8412 1374
5937 5721
5537 7047
2894 2745
4992 2852
998 6467
9828 3134
4835 3221
3972 2954
5780 4805
3315 9968
6873 318
2617 9187
2107 7101
8614 1149
8536 3045
1667 2415
7376 7818
5421 3249
3201 509
5792 5782
1700 2536
9468 3760
7109 6862
9153 2572
9198 3569
879 9615
3088 2600
9818 5832
7615 8181
4755 1436
1447 6989
6628 3479
2653 3147
6569 3962
2884 1238
1293 6922
1788 2340
9746 4756
1128 8144
4007 9932
5021 2894
5839 7596
9767 4127
2254 2670
2503 3286
1489 3440
2488 6723
9557 5857
6084 2518
1957 6996
1650 5487
8522 647
9517 9624
8324 6325
998 8
6053 7834
4615 4058
3168 4646
4879 1423
4640 776
8704 7865
9813 4189
3587 7715
6412 1776
8603 3949
5942 9290
1430 4219
5484 2928
1744 7565
7684 8718
8653 7262
4685 2442
7573 7761
1335 685
4114 5184
2601 6488
5255 2253
8509 561
106 4928
3210 781
110 7000
5590 6912
8939 8356
6559 8588
1598 7455
8161 9970
2188 5760
8618 8883
5080 2876
9917 3076
8234 9451
2625 9309
5229 7032
1130 4359
8251 5066
6658 4651
2533 8759
17 360
9617 9394
4199 9167
1816 9168
9552 2614
3644 3725
4330 8391
2253 2014
5334 3223
4887 6247
7669 4864
7963 5133
261 4371
1776 6909
2823 5670
8799 48
2760 8138
2237 9436
6149 2092
1034 4329
1321 1549
3146 1904
108 3747
7960 2095
3415 1069
4616 8259
7507 1226
278 9833
6957 1046
6190 2422
3226 7908
6313 4607
6585 8081
8883 8315
9392 4928
4150 1267
5197 7560
7964 387
8852 2373
4647 7594
5359 8783
4716 6982
5694 3776
9373 3653
57 8658
3896 9209
3690 4262
1264 2272
3880 7215
855 9053
8808 5447
573 5452
6662 5001
3154 3303
8493 7883
2122 9082
7560 7299
3195 4018
5531 6534
8562 3084
6095 2131
4996 2442
5700 2300
6830 173
381 5507
173 1930
8987 4510
448 5474
8380 8493
9388 5918
3963 9259
5951 1533
9605 6258
2914 8184
3002 2151
9341 2695
1579 3798
8473 2404
4284 9579
3796 2917
4501 5880
3713 5665
5811 6514
1790 9222
395 685
9086 7654
7453 9955
4694 7351
8396 2959
6349 5173
2789 7310
3598 4297
2254 5563
4420 1059
3151 5823
235 9741
9106 3442
4025 3965
3005 446
508 6946
6074 451
8427 8716
5226 5772
414 6795
7266 1325
1554 7158
9266 3864
2344 5238
9668 1613
6253 6022
7569 9643
6360 3852
3024 1266
3168 1839
2377 4910
2862 5840
8538 6974
483 2621
7491 2384
5051 3826
7763 5355
6217 6067
2895 6016
3826 4637
2010 9857
7309 542
7443 1353
5512 6919
6621 6907
5818 7782
6652 821
2004 5544
9771 6505
581 4583
9027 6868
1113 515
8762 6923
3098 9644
4853 2930
2272 7222
6577 1826
9828 1531
2342 9744
8535 7540
4032 8228
1869 9582
1038 9930
3688 8055
3580 3772
6287 2262
52 4787
8615 8587
9491 6127
3740 8080
4571 4437
1511 4874
8723 4850
6652 6342
1819 7993
9805 9431
2448 7005
7617 963
5797 6797
595 5102
6668 7030
9765 6373
4498 8368
3648 6300
3355 8634
4741 9510
7700 548
680 6666
8303 3369
3418 2354
6811 4921
4871 2905
877 1900
3839 8857
419 2535
7757 1149
9247 6830
6962 3284
6256 582
2128 2055
7728 4972
1715 9455
9585 5935
3893 9752
4303 8507
2116 5036
9050 2201
8159 4181
4561 3804
9332 1112
7951 2609
6832 1333
5293 8751
4333 8483
8459 911
7642 8854
6946 4829
2267 1545
5690 8411
2865 6360
8638 8269
5247 9056
138 6673
1408 9981
4535 7335
7101 9721
9384 8016
578 3108
5836 4889
4480 1139
3910 8748
6041 6375
6240 80
5291 8835
635 9625
7576 6779
4109 844
1963 9556
2497 3894
9734 5464
6680 2018
1696 9348
405 9894
4408 4094
1042 9807
9623 5229
369 3359
5741 8780
7070 7093
4352 7446
1764 1791
6714 1039
3524 3464
2911 7968
4165 9734
2853 5028
5661 1390
4912 7471
2526 9197
7848 6050
3784 869
908 6325
2866 7680
922 8343
1179 2945
4919 5468
8731 9386
7603 7949
7652 783
4004 9983
9517 5291
6721 3372
9717 6692
5787 8430
3175 1095
2307 1218
4211 8517
1811 7788
2514 8118
3063 9837
509 3766
5039 813
2715 1693
3654 1330
1261 8782
1050 751
5999 5500
3060 8192
920 9864
505 6874
1638 4591
7827 9507
8470 4862
1209 5785
7183 2619
9324 163
9120 2552
3405 9194
4342 6685
2407 3959
7182 6747
7136 8300
168 912
8081 2438
7451 3175
766 2249
8855 3627
7827 4841
9108 6102
471 561
1671 9184
8898 9654
2962 3555
7899 8833
7439 718
9099 6624
3497 4449
7126 3660
9185 1251
4464 4429
6436 7503
137 7439
7850 9191
65 5155
8539 3880
7316 7164
6735 7285
2021 1327
6048 2790
7868 6463
1087 2666
1467 1064
126 4725
5187 6644
6653 5822
1993 3481
2329 6927
9201 5913
9042 7790
2749 3217
6500 3019
6181 9958
9942 7859
9279 6325
3961 8155
6640 6152
8997 8893
5497 7323
2754 6386
6356 8120
8475 4583
20 9360
510 9845
7932 9182
6288 7729
2887 6484
8096 926
5565 3452
7726 1791
5292 8077
1367 9303
268 5282
9262 1043
7117 4139
6747 2367
4109 6349
203 5932
8345 7647
4633 8066
8137 4159
2709 5897
5430 1388
5099 4487
2275 3746
8031 4323
6388 8790
1622 8624
6554 3507
686 1790
5789 4643
9635 6447
2669 4386
2572 9777
9732 2683
1773 7462
6791 3939
6722 9942
5257 9750
6418 6799
9091 2488
8947 6972
7182 6383
7311 7280
7516 7928
3298 3100
5158 9796
5396 3364
482 2499
4466 811
1828 6954
7389 5943
8155 5494
795 6358
7793 3878
5452 377
9443 8065
5048 1908
2420 8717
5797 7416
1232 1756
4205 4330
618 7888
8152 8354
3842 4207
1645 8468
7678 6575
4546 3777
9603 4156
6349 2156
9396 5739
1011 7846
3213 94
869 1624
2097 4723
4893 5123
6735 4654
467 2753
9557 6465
2582 5419
9065 3355
6777 1182
9528 8218
756 5267
8970 3277
3081 2002
4519 3204
5480 1949
3190 829
281 5190
4266 6932
6747 5215
2117 7856
7223 4186
1027 7896
8715 7401
5147 1869
6591 7938
6816 2229
3418 8335
4989 3436
8751 303
1362 8986
8041 8331
967 1317
9960 4764
6827 3041
3490 8483
3917 688
9538 5147
1891 7326
3221 5822
8558 4447
2745 1644
8906 6167
6059 7225
2918 5345
1606 9706
3678 6132
5391 3789
5443 8817
149 462
7848 7802
7629 6584
9290 5705
5122 7096
5146 2048
1531 7188
423 7864
5520 5977
1305 3624
5156 2182
4838 4396
6001 8757
1069 4385
2992 2277
281 6689
4817 5519
2795 7757
5701 1450
4176 6849
3688 4025
9113 60
6334 8222
5179 8765
3927 8819
9777 3726
9217 8718
7372 6272
7523 8520
8705 1443
3618 4355
926 7847
3754 7924
5944 1710
3176 4903
2345 7958
7822 9206
7759 4268
6664 2876
8093 8793
90 8080
1069 7544
6569 1143
6324 1484
8281 7023
7688 3767
6263 8293
6419 5258
153 8893
9478 1817
7938 7663
4763 4758
6186 5433
5773 8224
8544 5447
9953 7822
392 1326
2205 8619
2453 756
1778 6609
9997 1836
3944 508
9279 153
6657 5687
3743 9622
2859 2442
873 5230
5061 613
6583 3530
5210 2070
6343 6422
6548 2751
1825 2589
612 2697
8226 485
6116 1047
6248 5928
8613 8649
6571 4305
3531 6111
5779 6389
81 4225
3363 4297
8510 4879
6271 2567
1507 2541
8989 3898
6604 577
5060 5124
2402 9798
410 1593
2141 28
3629 5997
2865 9564
8085 7076
9822 3423
969 6372
598 9133
2967 2630
3547 9869
7955 5015
753 5375
743 6230
102 8148
4549 791
3393 8857
3351 4170
495 6776
2607 5619
2720 4900
9795 378
7132 7317
9396 9531
733 1851
9873 3683
6409 5167
2248 5078
4481 8429
7458 522
7330 2621
8648 2217
6890 6166
6438 9832
307 4565
4838 3873
9619 9945
7458 8016
1008 4216
5491 1739
6851 8197
4104 2487
5729 9668
6693 6236
8544 6090
2997 3491
1093 3659
6843 1667
9652 3333
4243 869
9222 6889
427 1280
9303 7674
1473 6303
1575 1853
8061 4813
9734 4172
316 300
1928 4506
6664 4028
9505 969
5569 6247
9936 8263
7969 2061
7573 8031
7623 6481
1869 4608
9475 7202
3039 6308
1793 2102
7004 6077
6144 9027
720 659
1738 596
829 4842
189 9281
6564 8186
4494 6437
3356 2822
7001 5918
8904 8765
67 6950
914 7549
185 7033
5121 1457
1857 3816
6757 1062
4836 4180
3555 7083
5008 867
2175 6079
7947 8163
8328 9034
3863 1748
5837 7079
9788 762
6906 9666
8227 537
1650 1816
6077 2664
5949 7293
7249 3134
8201 108
7822 4034
5064 2991
6935 2747
2846 8181
891 9678
1596 5706
2362 8280
5402 4902
5607 4301
5339 3015
3522 7209
6674 1640
8936 3459
991 2078
4354 266
1447 9330
3158 426
7273 7121
5553 9864
6070 2495
9173 8240
5117 6219
7026 5577
706 8229
4889 2359
8446 5659
160 2577
7025 7585
7375 5416
2493 4665
4469 693
1499 5389
3927 4900
9930 9074
2431 6317
9424 8356
6077 8345
1756 790
9602 4102
6755 191
3589 2109
1999 3607
5536 236
6529 4461
5066 3878
2166 5749
8853 5571
9340 8992
7202 2798
4986 6332
9032 8183
4215 7220
8153 2453
8468 4789
4403 9279
8823 9374
2074 7927
1279 3931
3529 8573
7461 3375
3241 2282
6732 5380
3780 7580
5632 4977
5476 1116
9865 3416
9864 3840
4132 9288
2096 5432
4991 2666
1821 7724
3550 1509
8307 2130
6727 619
3885 265
4375 1740
7472 1650
4334 7584
911 6310
710 9836
3146 6242
3862 2813
1318 2114
5332 4867
7376 7969
7182 567
7210 8904
7398 5991
3408 6767
9093 1367
5360 8806
37 6198
6539 1825
6070 4516
1971 3903
4861 6263
2125 1890
5311 4331
3088 417
9512 3239
7132 2474
159 9185
3111 4201
9331 2591
9843 5376
4088 4879
5546 3002
8260 7458
7655 1297
3271 2646
9919 704
7308 7056
4126 1358
8489 4443
1530 5442
6387 1533
9182 8206
9661 5185
4048 5179
5534 7560
7370 6927
1505 2596
1516 9176
3640 8295
9888 7978
55 5478
1754 1809
5594 6001
4638 1525
6999 5528
1212 2767
8114 377
266 3900
4219 774
2737 5962
4655 7645
1240 1785
2344 3103
4719 8406
9635 7185
9839 2923
3165 2733
8983 4231
7008 9280
3747 9189
7432 5996
865 7687
5887 9454
2307 2487
2424 7724
265 1394
6532 1872
793 9071
9703 6726
5820 121
5635 3783
1950 6116
7840 8483
2145 1728
3253 5306
1011 8620
5795 336
6109 6023
30 6036
8778 9055
2342 1073
117 3163
2751 3765
5548 7177
7729 5659
4320 1932
4191 9031
2822 5937
1974 6001
6160 1810
335 9022
7957 9928
6414 8579
6323 1433
1181 9833
4900 5516
5481 5314
7031 6902
9048 5951
4825 1745
519 8323
7185 7354
6570 5070
5658 4693
8453 5482
9832 5552
4657 8587
83 3424
7006 7443
7853 8906
4686 2243
911 537
3293 3903
4752 8355
7308 1593
9976 4343
3114 3874
2933 1740
3105 7016
918 2434
9921 38
2142 432
8037 3190
3392 1344
5669 3822
4347 8922
5896 522
6193 3726
5643 7137
8508 9936
5944 908
3361 8543
3820 3982
4277 8321
7897 9688
8148 2906
9881 4277
3962 7635
3689 1943
7145 2430
9201 1833
8371 6353
1698 6707
2157 6339
6007 6776
4827 2577
9304 8268
7708 115
3460 9440
4804 4448
4536 9051
3471 8729
6004 5796
6266 2049
1947 4721
7365 5617
9487 5358
7200 3495
3663 8426
4286 6609
9010 7471
3480 7196
2539 7783
9456 3431
4807 2287
1296 92
4678 2091
8375 5604
3808 5362
1649 5417
7178 442
2950 1926
5363 6113
6345 1617
7424 9041
5110 9533
422 5260
156 6257
6578 317
3274 3634
9157 1647
2301 5580
6025 1874
9264 2755
2653 8106
5041 6492
117 7497
1753 4730
7228 2762
2342 5605
9313 5853
5236 964
2973 3399
6135 5983
9401 5993
962 8414
3450 421
2220 6861
6207 6459
4024 2034
2842 7712
1674 1579
3526 8579
8293 1731
870 236
880 4620
6161 1232
1203 3531
5048 9373
1289 499
4874 2004
8772 7611
8589 2730
1294 9258
1131 3990
105 9081
5115 929
2108 7568
3207 2850
6008 7971
1009 6769
752 6109
2867 6919
3970 827
7156 5486
5886 2595
5327 7422
4959 2283
2443 973
1428 7780
3531 9969
7049 2936
5254 9818
7826 6584
6911 838
5749 4187
8522 4089
8592 595
2918 2326
4062 521
33 3158
5453 3714
6450 583
4023 3092
6281 8845
5401 9698
2706 4636
3635 2434
1846 7877
1684 6013
2492 6682
7716 5410
9657 1572
45 9727
5995 5869
5869 3295
6597 1364
5464 2764
322 4469
8273 4737
6836 9338
6632 2334
3425 2254
9208 3359
9423 6787
1153 2842
1698 2216
9892 7900
5964 6310
2653 1573
3198 1722
5726 913
8858 6387
3601 7837
9241 5268
3355 4914
3108 4617
9867 8188
2718 8172
7694 6296
3135 2913
4613 8384
800 2041
5874 2528
8177 1092
6036 7458
1893 3549
7417 2488
5229 6341
6149 45
1080 159
9039 2286
6182 1610
9008 7322
3752 6837
3417 775
1077 8485
8192 6877
3318 2575
6073 2275
4589 7174
5654 7200
8069 3278
9712 6482
7519 717
6200 7684
7332 8225
1470 8361
734 8710
6381 4848
6296 2287
8529 9499
6438 4461
6864 4858
8754 302
6284 8985
4195 2459
9954 1377
5431 4961
8782 9062
7378 560
2017 1139
1202 7346
101 7205
6728 1222
6970 9282
2612 5415
5053 9317
4349 9374
7997 9839
1951 9387
6218 9049
2606 2329
9220 1031
2204 9577
3624 2389
5120 7040
2273 5018
6766 8977
7346 8631
4648 8582
8922 2050
8760 4733
3222 3058
5235 4161
9680 8082
9933 2132
1435 9934
8073 2653
4479 823
9032 8325
5379 9650
4183 4472
9340 3011
2314 6551
8607 2534
1350 6377
6240 1770
5457 227
4179 7800
39 4927
1175 5002
2134 9941
739 124
4012 620
6403 8225
5186 5398
1031 430
1820 3151
2349 9187
2408 1574
7952 7938
4549 1269
7298 5513
648 4552
460 1803
3040 1625
5808 6222
6289 4065
5844 5259
6911 4046
2372 5748
6820 7401
7983 2262
6859 9114
1049 3585
5833 4281
6002 8419
6067 9825
4726 7809
8574 1528
7115 3929
4026 2990
1080 8763
4222 8588
8934 5840
2174 6142
3939 1148
1862 5419
2815 9300
5093 8266
8863 3084
2774 6011
1382 9411
217 6806
2205 9370
6979 9393
487 9336
7333 1750
7332 1982
2857 8165
6194 4144
5831 6917
1605 4805
7426 1079
5593 9842
719 5471
9129 4508
5444 8926
9302 4400
3074 5871
306 5965
1223 8347
161 6091
2484 5282
9013 6300
1516 8797
997 8653
3568 8748
1549 4308
8106 5938
3547 1850
9941 345
5975 6112
8220 1010
808 9638
536 4600
9448 1207
617 4875
1875 2896
206 767
2587 21
8139 2726
7044 9673
7099 6015
2234 6802
7068 3365
4752 757
5852 7489
1106 5596
4892 893
683 5866
7540 7030
5453 8976
1860 1463
4952 7920
6446 5594
5622 3146
5862 8799
955 677
2897 4620
7889 869
5934 9063
7254 8041
5094 7602
1174 3931
1137 6283
98 6938
7368 1342
5151 7708
893 4673
6456 8197
9050 1320
2896 9962
683 2476
9554 3773
7321 8530
3677 6258
5711 5419
9995 2770
2116 1972
5691 5395
8177 7153
3634 1003
2391 9776
8473 9692
3316 9052
1428 5058
5910 4905
8962 4324
873 7571
8753 8164
809 6266
325 6167
7418 9653
3391 8739
8091 7251
6646 3245
9402 8377
2093 2000
831 4886
573 7498
8974 3186
4565 8015
8271 2411
9542 8786
2822 3448
6406 4167
64 7447
2807 4978
4798 4143
2791 8369
125 2329
2785 8609
980 6872
208 7324
2793 3611
6066 7379
3104 6577
6382 3307
8427 6173
3100 9521
9541 4167
134 6371
2612 4878
4921 5892
6481 270
6468 5721
5562 8808
9377 5444
3777 5017
7452 3188
4072 5092
6673 9720
6154 8719
9916 3866
2683 6841
58 7329
8246 7743
6436 2112
5347 2202
4538 7876
8261 9664
7385 6356
5259 4830
8184 9149
3559 8478
6877 3204
7792 6946
30 9373
4119 9170
8917 4273
7777 5842
316 8741
937 219
4159 6388
5179 631
858 9849
5391 6478
3599 1186
2557 7335
8369 6746
9645 3469
6738 5753
9542 9827
2738 1727
7749 5138
1658 9073
3350 3438
8835 3726
9850 8634
9754 7558
3472 2398
9763 7040
8679 5209
4852 7254
7040 2622
9929 705
6245 9069
75 1645
362 2459
4517 338
8027 6235
6179 3783
6883 5444
5455 2942
5485 4049
1340 1808
2438 4529
116 2852
6764 3724
5279 6160
3911 1676
4102 7416
9331 7848
3508 8723
3921 9250
4470 4881
3891 527
6111 4034
992 2089
6678 1030
7319 3029
4883 9474
7707 5542
3528 9760
5379 9291
9675 4213
9032 2110
2157 8068
4719 9357
5552 1108
257 8137
9776 3905
886 9346
2870 7578
6210 314
9178 545
2182 9849
5082 3694
310 5473
6077 7942
8924 7522
844 47
1137 1771
5093 6914
4919 7710
422 5338
9584 3519
6539 8974
5098 3608
4297 5698
365 8451
2486 1787
2126 3755
3603 9630
6254 1551
7312 958
3371 4702
922 9452
570 5800
3266 6810
3434 642
6008 6575
2474 7756
5000 2194
2334 2389
3645 7246
6094 3620
630 3806
7344 7452
3773 8315
4854 6031
7488 4575
7822 9428
1506 8383
9717 6015
5134 7114
6971 8532
1294 3341
5621 2351
299 5632
2943 5938
8084 4752
2674 851
3289 2989
8880 3706
1070 6319
9121 2501
8298 7540
9544 8392
501 8131
6612 3686
3296 2863
4545 8699
6318 8656
6390 1209
1993 8630
4929 1866
2868 4955
1681 5732
1665 9855
7866 8176
6274 2324
691 6405
8632 6922
4760 5341
1488 7106
5287 7200
487 9512
8312 5238
7222 9952
7445 3299
7742 5988
5359 6480
7975 2718
9126 6563
3323 7019
113 2571
2520 7950
5229 2393
7819 1823
6060 2727
8239 3646
1713 6031
8986 3021
8008 9136
4464 491
8332 5366
7615 5680
8194 4059
202 2851
6967 6948
8281 7755
1910 3167
327 5121
9244 1160
378 6883
7949 1355
1348 6415
5790 6970
9682 6710
4318 7020
9885 9653
8977 2337
6707 7926
2863 9156
6189 5227
5284 2401
9624 5611
1690 8584
1121 7053
8105 5804
1311 5818
5712 4734
6895 6583
4860 3494
7148 4776
4438 6762
4300 2007
9554 3566
7890 1388
708 4558
8785 6131
9178 831
1431 1514
5318 1426
8441 4724
7594 1562
376 8140
1774 5036
2892 6905
7141 4746
3342 791
885 7331
8351 23
9398 483
884 7207
4023 9566
9759 8983
558 8174
6338 1613
7531 9251
3700 4529
856 9222
9984 7100
5022 7272
9487 4383
2685 6646
1519 8947
7200 7633
3821 348
9875 9119
2348 6568
9234 8501
2796 5116
1790 7205
19 5060
700 821
3909 5548
7088 6345
7235 3156
9455 1541
7242 434
4769 2338
142 4710
2793 1713
9402 6835
4630 8628
8796 1037
2495 3204
1936 8767
1276 7844
1205 8609
7138 3401
286 2084
9767 5835
1550 9515
2151 3781
2708 7143
6355 1751
6594 4260
3384 2974
4248 1288
8471 8927
6697 4065
7511 2933
3095 552
7764 3361
5365 8088
1632 5121
2469 6244
6233 959
6315 8128
5571 4043
7487 8115
9600 5959
1798 63
7810 5660
4294 7568
9777 6159
2605 9916
1698 3193
1255 7137
5485 2169
9844 7063
118 4282
7330 3994
3080 3197
4438 211
9773 8022
1061 8233
957 6531
5336 8453
9019 8921
935 3454
3065 9698
2465 6340
9663 9615
2223 9972
952 330
2798 796
7868 4516
8981 9168
7322 2251
1476 8374
2007 8213
2187 3759
1037 8481
9222 2002
1696 8595
7190 5425
2978 7001
8970 5591
9715 1557
8338 4095
2107 5911
4554 1121
7134 3277
7476 7890
2728 1258
6617 9025
3354 4583
8599 120
7603 4738
294 4757
5573 806
3086 6205
9937 3862
3365 9235
2522 1112
5198 8177
3612 7661
5124 4036
6802 95
9888 2051
6464 9081
7853 2897
1188 7846
1590 1890
5288 5459
1966 7458
7039 1357
6555 5805
8375 5550
5904 6601
5158 9828
6820 4652
1266 5221
8660 4702
2933 5327
2170 5209
2368 3123
1907 1713
6873 2867
9609 8502
6684 6810
9103 7392
273 7874
200 5690
2895 7189
4887 4569
6794 8155
7657 9980
6730 6034
1004 4220
2494 6422
7879 1612
3626 1926
405 2976
2985 6304
4138 7684
9424 9404
3493 8054
2067 1383
5641 7070
8145 4131
4545 8451
4587 874
1037 5944
8626 7238
8969 4456
2470 3684
5183 3728
8803 4581
1315 3581
4137 978
5715 1984
8619 2811
863 1325
5808 4146
4816 7021
2083 9670
984 5650
407 6644
6251 462
4199 5159
3241 7449
4195 6390
5818 8981
1363 7649
8251 3817
2629 4778
5438 100
1214 3752
8093 9854
9145 7650
6005 2862
7983 6064
6512 1241
3043 4370
3961 819
9727 2333
8474 2810
1133 8932
9792 855
8655 358
9501 657
3969 7374
9495 5807
5465 9744
6677 7908
5716 1297
4984 5985
1772 1508
7940 3814
7191 6189
2082 8610
6486 7836
3609 7322
2581 7535
3472 7555
9860 6514
7578 2411
4217 4157
6946 195
174 2944
124 5810
1586 6621
3214 6651
5940 3576
6194 989
7289 9411
614 368
339 921
2631 9518
6425 5624
3016 9062
1789 5177
1328 1095
4014 5554
6462 8118
1936 3613
2119 5134
5620 4532
5735 6647
2582 8209
691 5229
6160 5683
3054 2124
5541 5907
5218 2553
4500 2177
3380 461
6997 2574
4323 8743
4935 2158
928 5681
2721 478
5330 1479
9169 2767
8829 4861
8247 2568
7940 2107
8438 3567
4897 8536
9890 1907
1098 7752
3392 9165
6449 7101
4164 6321
7329 1329
9043 7834
6846 7908
8085 4657
9551 5799
1983 7865
5340 5830
984 7958
6929 429
533 9910
7334 3168
335 7303
2936 9178
4416 9701
8359 1962
4032 4006
5556 6930
9048 2521
3713 4503
9864 284
1258 4069
2855 4484
5650 3260
9067 6992
1699 3414
3465 9832
4326 1223
6139 3339
3671 5773
7527 442
3052 9209
966 3092
6474 6114
5142 3466
279 6359
8898 165
3456 5444
2545 6863
5938 7714
8623 2271
3661 7737
681 973
4946 3727
3381 2762
2533 522
6794 7025
9807 2338
1895 6229
9344 7062
7871 982
1717 3010
7655 8285
6679 1616
6190 8908
6082 7128
2205 2588
3673 7923
386 710
6315 3551
2193 508
3345 1399
9819 8233
4255 6580
8716 710
1519 6634
3887 6711
117 6874
4800 235
8560 4029
4643 630
3972 8059
9080 7778
3751 5206
4457 6894
8529 9585
7500 4175
7805 789
3167 7696
4979 6177
874 7359
1069 1317
4480 2802
8328 9039
8557 8239
4119 5160
6797 4423
4960 4888
904 9513
4810 3849
9038 5001
5387 9544
9956 6656
9513 1359
1021 7139
2731 4517
623 8310
4857 7426
5159 3963
9169 4489
344 9551
9311 8868
9394 2663
735 4814
7560 6789
5281 9014
2992 7337
9186 3988
5672 5736
7151 1665
3312 7723
7858 5402
5660 4186
9108 4083
8879 3315
9595 3944
7192 6600
6985 3589
8943 7045
199 8569
3692 3150
8657 7602
5003 1950
4570 6215
1923 8806
7430 8258
56 9524
4099 2464
7198 6942
5549 3388
8163 1499
3933 844
3232 7465
4746 9737
1023 7759
7351 5615
8539 6753
9803 7341
8180 7048
9257 4318
243 5852
3855 2492
1199 2702
6825 9449
3576 2154
2693 7694
4685 2984
5335 9132
5435 6916
3275 518
6009 3023
4239 7252
5024 7543
5250 4941
2680 6579
1577 9942
3398 6301
8967 1145
2741 6864
5694 1144
9871 4785
6625 7759
4001 21
6399 8940
9522 2820
4762 6167
7187 7184
3497 9948
9716 1192
7161 8347
3286 3090
4680 5832
9973 5392
5319 8587
7293 1736
6800 508
2767 5558
648 7440
4974 6322
5262 6557
9860 6319
9858 4034
3378 4291
7451 9395
9201 6497
1559 6485
817 8888
7663 4015
95 9051
7941 3454
1556 4198
5246 1927
1247 645
8711 2040
2639 8308
9074 526
9006 5472
1715 4615
9373 8628
5107 5415
5329 5509
2245 6269
1178 7888
3249 5770
7045 5551
2871 2029
1680 3213
3913 3138
7390 5983
8897 869
9530 6676
6224 1383
6390 2027
9801 1503
3766 4617
6045 9623
2751 5772
560 4424
8099 5571
6248 3942
6590 1897
9078 4222
817 6873
2944 6647
4803 6397
1762 8155
8271 6887
7029 7154
3148 6360
5152 1420
2122 9181
1138 9815
7301 7654
3382 5275
5884 6169
2988 6530
1428 1064
2525 5251
774 8767
9314 554
1143 5676
366 2528
9462 5513
4722 1288
7634 5433
1185 7507
7818 6572
7557 96
1684 9575
3073 1002
7149 7688
4907 724
4030 5401
9542 9876
8236 841
9924 4491
3060 6361
2518 1370
228 593
736 4026
3823 2682
1389 7075
5356 5417
8851 9590
6676 746
9664 7915
7524 1376
6174 2079
3883 6064
3669 1247
7404 7006
9274 868
5249 7845
3728 7506
618 2213
6986 9491
5402 2491
8691 7149
6752 5053
3454 4677
7533 9966
984 8862
9056 4745
8068 3261
9789 1595
2192 7277
9249 7671
8249 7756
1219 3392
7895 3804
2382 9344
9134 6621
7411 6457
9662 1248
2414 7964
7616 2794
6143 1036
1141 3691
2442 322
8342 9553
7861 8057
6094 9135
4573 5520
5520 1021
7201 4755
5951 8214
7831 2672
8180 4627
8233 6265
8338 9184
8849 1449
2071 8734
7229 315
1933 4276
9766 8638
9170 337
8650 4431
2000 6248
7372 1569
6516 1416
142 9628
2961 4540
7201 7023
9144 2828
3959 7483
3576 3159
7777 6741
7732 7092
2590 6298
6973 4628
365 3247
9008 4
9683 1628
7567 557
2216 8691
1804 7820
8853 6295
1306 2702
2571 3882
4725 7247
7723 4017
6364 9688
8221 4879
4160 769
9519 5188
7984 5199
6540 4835
5669 2023
3659 1385
6963 4954
5802 1558
8881 9324
5740 5576
1456 6980
2557 9259
2951 4321
3671 2983
9480 5815
7767 1593
2402 1399
4483 8216
451 3932
6065 3936
7174 8327
6664 7828
5597 4128
70 2715
9340 611
7438 6111
3077 3598
2288 859
2141 3009
494 7652
7182 5806
3851 9721
8984 9716
8213 660
8573 6781
8142 6673
3176 1791
3222 6111
3924 4006
3139 21
6761 1246
8266 2614
2514 4050
3385 3641
3107 6581
7576 3083
3663 8330
7165 1627
4437 1603
1129 9540
9962 7000
7015 6258
8775 2801
8233 554
9322 1399
7232 9467
8601 722
5285 6074
202 4944
6417 41
391 4246
7779 9573
6385 6289
6700 7987
3176 1380
8970 58
3230 5443
2554 7541
7379 623
9288 8608
7519 5639
3355 2222
2334 1342
7406 9529
9104 2984
6805 7305
5014 5691
4475 2677
1898 8914
8293 1782
4736 4632
7226 1831
5483 4338
8042 9174
5921 61
1866 8739
7404 9014
5139 9025
6623 4718
520 177
7714 7344
2507 1514
4085 5174
7015 2416
4269 2818
4928 5633
8202 1750
3250 3778
2791 9421
3990 76
5212 3079
8218 2996
3274 8244
4006 2455
6930 3631
6129 197
4881 6920
3255 5999
1300 3396
922 8354
8555 5100
3177 1119
8110 2988
8509 5861
5505 8610
2479 9929
36 9647
9715 1504
7301 7182
3213 3287
9401 8265
2162 7650
9609 2777
7219 2216
2381 8211
6214 3069
5373 6695
4901 6259
5312 4915
5000 7843
5175 3046
6027 6000
7123 6855
6628 9553
2876 3288
5285 4781
421 772
4963 6379
1936 8882
4685 2722
5443 4198
2202 6773
9053 5556
5958 7636
2735 8150
9725 4186
304 5975
4300 9498
975 4515
149 956
7698 9890
9551 6386
8636 2686
5415 2725
2642 7058
98 9386
2954 6951
5186 5007
768 9242
5124 5308
6514 4824
1216 7646
8950 3501
3963 2822
6785 9074
381 7556
1679 7818
8776 6913
7470 7217
1987 5245
2269 2686
1630 2203
7982 3087
1707 5862
143 6538
9508 4207
7890 2013
8989 3516
2353 6544
4412 8747
6373 7107
1530 7815
9351 6943
506 8538
1628 976
4158 928
7044 6843
2568 201
125 9722
6627 6030
4592 7538
6825 6196
2976 1771
8014 6346
169 2864
5128 4380
6723 9609
4341 2029
1314 380
8344 9293
6450 1155
3761 5872
7039 5720
8151 121
552 4573
8071 175
8870 3874
9833 1235
4229 7097
2592 973
4407 8147
6791 3781
4347 8585
7657 8154
5665 6442
5193 4483
2768 6466
7251 1340
483 6917
4104 7319
8105 7219
1014 4990
3751 1230
1810 1068
3644 2639
1324 5255
9815 5430
5572 8720
5003 5789
7662 5397
4913 6706
8690 4003
8011 9579
6971 3843
3355 3407
4724 8954
4415 4797
1871 6191
3170 9857
3374 6896
499 9773
7658 6958
1942 2642
8841 9094
2688 4387
6786 1341
6177 4519
1407 3637
4240 2078
9727 5613
2102 4685
6201 3253
372 9799
919 9817
8688 2997
5748 4703
2746 4588
4871 493
4806 618
8011 2599
564 8244
9887 4930
8746 1372
7263 7184
5558 8833
4674 3753
7205 3190
944 6302
8184 9341
8956 9348
4900 8545
3144 8522
3850 5482
9382 707
9955 4506
6035 5109
1703 8639
5071 4710
5056 8483
1686 3253
7062 6762
7967 9382
1363 1523
1045 7966
7431 9756
7294 5174
6774 6901
3365 346
5238 3221
927 180
2840 6038
1036 6630
3311 3671
9905 5658
1557 5137
5414 1698
5293 6558
3872 4859
1143 595
7603 6996
2665 4221
8567 5600
8787 1395
8922 1202
714 6784
7200 7649
5242 6871
8171 6460
7237 6109
3262 2277
8795 8952
9466 8281
616 7469
9410 8860
9711 3846
5949 1421
41 1691
5588 4407
341 8450
6215 2689
4498 7349
1625 4909
4643 1921
1762 6479
7221 7809
8487 3541
1924 7688
5072 7673
6885 6179
3933 6197
6192 5517
7809 2459
2867 4188
5185 2883
6070 7951
7299 3413
6995 9044
7029 5854
9708 3876
2421 8896
9305 2992
3515 4302
2797 7076
7874 629
6430 8499
7616 9381
4779 1191
5942 2486
2225 2440
7704 5322
5344 6946
5588 788
9950 8178
6343 1241
814 8319
5221 1057
2634 9536
9292 3540
9958 555
762 266
3333 981
6001 3499
7355 2625
5325 2725
6233 4646
3469 159
5021 5324
4759 9198
4032 469
8750 5902
2136 1383
4911 5418
6367 6666
952 5965
241 4458
3229 9442
184 6348
3877 7741
7127 3471
3230 9531
8007 8486
5724 1281
2090 3667
2097 5282
9369 7565
230 5608
780 5745
7022 2660
4176 337
1947 4919
60 5706
8044 788
5320 7009
6361 9257
750 3852
2981 9151
360 6110
7457 2694
9612 6023
8442 1419
1515 9310
98 7719
9919 4971
7137 9110
9960 6153
6247 1283
6302 6217
468 8504
8765 8912
2730 6062
904 4603
1504 5535
5284 5231
3237 6444
171 633
6647 1675
9652 6978
3568 7733
422 8862
8752 9740
8786 8268
7836 7912
3724 7699
4031 8485
6310 2415
4852 7051
5186 9902
6659 4323
963 3819
3654 9507
2978 4098
9281 7042
4396 8171
8658 7224
3837 484
9470 2292
3749 1934
543 1130
1349 6880
7809 8923
2432 4156
5019 1284
1208 5702
9278 3812
3158 6779
9889 9924
9486 4569
3427 2203
6937 3299
440 7161
9053 8675
9911 7707
935 9473
5096 4763
2551 4580
9175 8187
5843 769
8770 4281
9847 2504
8145 9178
1047 6254
4397 3428
3052 9276
7492 1040
1650 5967
2440 8241
5906 8396
7307 9481
8926 7199
3103 2973
1336 1083
2413 8512
6633 4480
3781 7710
6169 88
2733 8179
1654 7684
8707 3613
9255 5221
9520 2080
7267 1576
8335 7085
4446 7977
3091 5188
4237 8556
3526 2985
9567 7150
4642 1590
4843 9306
1506 4032
6265 9480
868 6804
7537 8046
3879 2897
8292 5236
1978 7544
2694 6350
5943 2853
5093 7914
3351 7415
2780 1005
5547 2807
299 3122
1219 5448
217 814
4882 4718
2349 8638
52 5642
7864 5840
546 3599
3040 9472
88 873
9420 9167
1703 6978
5571 8806
8019 4804
1092 1996
1993 5185
8666 5642
5927 1761
4552 8702
3867 3010
3998 1410
6262 601
9560 1694
8190 9288
7886 8311
7796 1861
55 1305
8945 6062
8833 1309
6388 5150
4505 202
74 5900
771 4475
6985 9968
9601 3664
8290 1486
3547 8567
4702 4936
6912 4603
979 3999
7416 9370
1160 7791
6961 5656
7530 2372
6286 3714
1007 2897
138 3958
4353 1920
2781 2519
6978 7403
4466 9188
6550 9423
5202 6525
8136 3181
3272 2093
5093 5743
1653 4516
1274 2568
1327 4086
2370 3414
9347 6482
5711 2107
6799 9309
4564 2468
6016 4846
1605 5731
1871 7159
6027 4515
6863 9207
7010 4259
1864 8404
1322 8995
6910 7329
7604 7798
5579 6418
1880 3330
1929 4019
6552 9098
1843 1194
7428 6852
379 2851
9943 3808
1956 9829
7509 5281
8397 4727
7575 9716
4029 5285
7449 2144
9020 2161
8346 7186
2544 6840
9228 5841
7770 8924
7095 7464
2252 5282
1236 3878
5123 1920
8357 6473
8822 3657
1783 2025
2768 1247
8643 40
7810 3297
5449 2003
9564 392
5730 1524
6528 5304
7381 7862
7332 2713
4170 3219
4424 3728
40 6795
2356 227
6754 1693
9634 7942
676 9865
7615 332
8032 6467
6416 8678
8629 2410
5362 1773
737 1747
6813 3735
1843 1846
8879 7593
8430 9364
605 1299
6218 6569
2695 3694
8158 153
1480 8809
190 9131
5534 5978
3486 5159
6087 6027
2869 3882
3639 1698
5719 3117
8442 3224
5282 4051
1781 7481
4426 2060
1800 9167
7032 2934
9679 8818
9186 5298
3859 8961
3580 6307
5744 6978
2778 7032
3474 5596
1949 3878
9512 9727
4629 9027
6250 330
3703 7892
3127 2318
6609 6832
4602 3290
3659 881
6214 4571
8335 2032
4289 7116
1701 6492
6228 3434
7213 5622
1747 4715
8783 4928
2554 8542
5799 8176
5638 7133
6650 4869
5136 8418
1271 513
5654 4775
3526 5784
5551 9671
1249 492
5840 6929
7600 8071
2803 7787
3230 9795
6231 9671
4270 8539
6130 225
8758 6969
8341 3438
8397 1379
7051 1625
169 5516
5987 2506
3344 9131
1956 5907
6424 8014
3123 3407
2015 9071
6655 9345
8465 9573
9102 3762
5826 4621
4951 7550
9754 5193
3365 7100
6089 4444
3216 9565
7704 5186
3918 5601
4542 228
7100 9922
3339 6082
66 4786
9350 8896
5720 3300
300 6579
3783 312
8752 6872
8315 9056
1908 1059
8317 8126
7776 9286
4536 9622
7421 5403
1083 2231
6252 2037
2247 5274
2581 2478
4880 1267
327 2503
9489 6048
1028 4464
7164 8296
2147 7037
7776 4899
4995 7604
4331 8881
2126 2223
6211 8522
6073 5700
9678 5707
7031 2570
1406 7865
1196 8977
7042 2888
1944 780
6084 1744
8638 8096
7790 2844
9249 5978
9232 9757
5663 2306
9295 8223
3006 5744
4655 3949
7633 4312
8550 6595
5271 4804
5470 4929
5997 6540
5130 2881
115 3577
2462 766
2273 8220
4935 4971
6442 1058
7038 9395
2276 4677
695 1893
2532 8282
5697 7790
6827 5142
7175 1021
6238 5527
769 2661
854 6801
4893 5060
513 8768
5092 530
8918 2735
2136 9708
2186 8000
6506 8701
4348 1610
546 9367
2715 3620
7394 2428
6172 2404
5270 3032
49 3112
4394 2969
3665 7036
3951 1621
887 823
2092 943
1116 9274
8161 6543
6039 3818
7818 8228
7716 2044
8016 4683
1607 9886
1458 1018
526 1662
5300 9598
7858 4474
201 3509
4316 5933
5568 3937
2471 3576
1001 9206
1236 6563
9071 576
9575 5307
454 394
7071 9803
3293 6163
264 2395
7035 2790
8819 7508
5512 7521
9484 3916
698 1057
6987 405
7302 8745
5362 8830
9091 3370
7323 2150
8960 624
5201 4732
5200 18
3000 1520
9694 7866
7756 3802
4666 1107
4400 1174
5629 8154
2689 9432
5026 9130
6223 4677
7265 3674
1941 8218
998 4946
5283 5108
620 8092
2498 3900
3324 8251
29 1814
8174 8665
9314 3072
8909 8412
487 1454
3132 7118
3420 5856
397 2640
6089 4071
2644 7080
2321 4972
871 1772
3254 5167
9121 4718
9653 5634
3734 3179
5430 436
6335 2734
369 6236
3792 5300
3935 6134
2750 8299
4127 8804
4909 4035
5582 1115
4689 6923
4257 9000
3868 7797
4764 3560
1133 6268
8494 9472
9756 6444
679 3604
4110 3128
6387 9118
2777 759
844 7757
2528 3588
8150 7127
2916 3241
3832 1665
3722 9011
9622 6714
1394 2641
8143 565
7125 8043
3562 9531
1442 2775
5968 5919
1934 2501
5761 6656
9391 5742
2397 4554
6810 7500
4116 9552
6153 3535
9468 4513
7085 5659
8931 2702
4314 2205
1102 8935
5706 4634
9816 8083
9215 792
7421 2787
1372 54
3463 4975
1198 7190
290 6562
5262 8520
8084 3748
8218 5037
8898 2847
8972 572
2006 2914
5429 8206
8931 4417
8666 5620
9538 6751
6610 2449
5962 5776
898 71
949 8810
5791 8447
4486 1616
5798 2604
9306 2146
7493 7773
6240 1090
8951 6391
6849 2628
4920 6416
288 5260
1618 4124
3568 3189
7214 7217
7213 589
2171 2414
8531 713
2466 9207
5159 5190
8680 7698
1933 6011
4550 8950
4237 630
9220 8129
4436 7552
2321 6006
3927 606
3211 1205
1892 6992
9497 4556
4534 2844
931 7855
2518 4971
4868 8669
4874 7752
3929 5930
5226 2261
1565 4808
4704 6202
4975 7352
2167 8682
6001 2180
6623 5309
1591 6371
3214 1539
8151 3579
348 4840
189 9166
865 9388
5196 4091
4203 8721
9693 8961
74 4036
3196 7429
7395 5218
4460 6289
8582 8541
9947 8299
4735 6294
2110 3685
2105 6758
5335 5195
6455 3015
1147 5293
7682 6208
9169 8129
1526 1033
6028 8522
8790 9783
5817 9556
1741 2240
4576 1670
7718 6237
8736 3492
1491 6599
5593 2001
6751 4857
3113 7542
3333 6796
3665 6517
2694 971
3470 4393
8986 8830
2463 5312
2614 4484
4580 3282
861 2172
8542 2259
4144 5368
4043 8926
7103 310
4937 7834
5788 9627
3397 983
9337 5135
4545 1817
3326 2653
3295 6748
2037 9019
2677 875
1873 1535
6113 5878
2022 6031
4757 1606
1382 1802
8540 4130
1958 7548
2703 9451
1627 6196
3502 5892
9437 4793
9769 4978
7007 4883
1681 2473
4863 4624
1146 8492
1411 3215
9463 3138
7380 2147
679 1003
6608 5935
1248 8277
1132 26
9678 7753
5907 8703
6424 6972
6122 7304
2595 7190
6894 193
4235 6954
4073 3995
8200 1190
9065 2179
1733 1995
4621 7358
307 9120
6727 4396
4132 2679
1032 8307
4771 6040
9388 2026
3721 8030
9670 8259
2638 9880
3041 3028
1976 8080
5082 4941
5882 38
5551 9093
6084 315
8860 2081
8654 9916
2588 1569
5001 3922
2386 6286
6194 9888
1091 3718
2453 5630
5308 5513
2375 2006
4723 5876
5927 2510
5011 6579
7822 5652
8149 2437
9753 4616
8481 5373
8260 2168
3656 5409
4192 7894
9417 3109
3641 2502
4481 1445
5708 1996
8892 1394
3802 9188
4308 3391
5218 6756
4811 1872
1328 9295
5662 2744
3150 1909
4811 1895
5919 8772
2031 1428
6149 8234
4399 8465
829 7885
8497 4211
8070 39
8478 7843
5720 974
1480 7701
584 1291
2390 707
7514 6060
5570 361
9093 2871
5036 8318
31 7560
8043 5491
3898 6311
2888 5857
8311 9116
8538 3871
2578 1552
157 1072
8215 8050
6596 7587
6672 3132
9970 2665
904 8512
3959 3423
1826 501
3898 4873
2908 4720
2813 6347
8907 1748
8467 3507
8895 5163
7103 5740
9910 3614
517 2270
7760 9278
5647 2760
5102 6132
7974 9290
8008 2424
9388 6742
7108 5807
1544 7399
1416 2579
2299 4318
2549 3672
87 3742
116 2259
680 1503
2058 5410
1736 9256
5835 6565
3524 8238
7683 2945
7574 8566
2851 9896
6176 7669
1411 1835
8590 9001
2924 8909
2800 8870
1759 4603
4852 3372
344 3935
7369 1105
7385 8276
380 6749
9194 2453
9155 5178
9488 2948
9300 8392
2290 8866
6633 8436
9260 6342
340 5646
5099 4229
5772 4222
5538 5949
9841 7183
5722 1788
2370 2722
9638 3973
4856 2213
4068 6912
2199 7802
4654 8924
7146 6624
4858 1572
1337 7913
9707 7303
4206 7221
5956 817
7968 2241
1424 7115
6326 7788
4852 7466
4 3515
3614 6977
6684 8797
4680 3497
934 1620
9605 7279
5176 9817
7129 8920
9012 9547
5954 3148
719 1629
4260 4396
3566 255
1102 1804
5302 9008
5254 9563
9416 9593
1983 4359
3740 802
3815 9545
3916 3255
3683 3998
3030 7766
9988 5251
9140 1124
6639 174
7820 4730
8876 1719
424 512
6382 5793
217 397
7238 5959
9546 7499
8916 2914
7703 4721
8268 2073
7763 5500
9796 6259
1203 2920
8654 1169
2311 735
9044 4313
7643 6028
8176 7305
7035 6434
6800 3193
5700 2794
1341 5256
8981 1229
5989 7474
7278 2245
7952 1390
8704 8167
3220 6209
175 9623
5668 4222
7219 5376
3695 9542
9053 6424
7686 8341
8341 4597
6921 478
6159 7666
1330 2825
3689 4459
3752 8355
2138 6159
8944 8917
61 5195
4317 6780
8475 8652
2684 1056
2380 107
2218 5287
9592 6883
5000 8522
9311 4746
8443 6806
8674 9425
9637 4080
2345 4500
9000 5270
3935 9829
4302 347
1121 9942
2968 9183
4908 9349
9086 2912
3967 2345
3549 4260
2469 2769
5141 3085
4558 8527
2477 5518
6316 4631
4647 9535
1305 7930
2196 2336
8980 4137
4571 3084
6599 3005
2022 9162
9741 6442
4038 5703
559 195
2172 122
338 7974
7831 6739
5370 6207
970 2080
1863 7800
7200 7595
3485 9568
9375 9510
6650 7323
4891 5260
6508 4002
3185 890
7305 7300
8542 4966
5386 6737
573 823
80 8054
8558 7933
4779 8894
719 9363
4824 2528
7907 8095
8378 8052
7429 2524
3371 1534
3891 6048
4104 9336
7428 2846
1711 8319
5569 9261
7596 2896
8889 1587
2348 3242
8938 3963
582 4215
8348 6611
5136 6027
7694 4650
5302 9368
5668 9153
426 6957
8035 8756
568 2977
2734 8973
869 8573
2989 6555
3471 5183
3228 9857
3081 9368
4083 6083
3797 9917
4999 750
6591 780
5249 572
9608 4209
6441 9192
7229 3339
9386 8664
1185 6063
3820 2049
2487 2692
6514 2805
5369 1659
7429 4033
5762 5023
9496 8329
8618 3214
7555 5551
794 4127
7857 9779
3944 1385
8639 5085
5492 5899
6498 8371
1321 256
9550 5268
401 7649
6326 1482
7919 697
7339 3661
2241 520
137 204
3178 6685
2618 3069
7698 1274
7199 6996
4677 8026
3473 1196
7597 802
6957 5543
7817 2860
6882 9803
9348 4954
6535 8014
9641 9577
4078 1530
2486 2111
6040 5927
2583 6993
3769 396
4223 6013
7298 4671
2770 2754
5018 4872
9318 9649
987 8269
3417 5738
8408 6653
1481 6090
9395 8419
1358 5362
8159 6581
9920 1889
4508 3531
1769 1460
5400 1861
3481 8362
1413 7743
657 5496
6041 5347
1009 5922
3743 6143
8720 4743
2066 7351
905 1125
5197 1439
4674 7371
1714 9378
6303 4590
1103 8260
8335 292
5956 5002
6059 1881
7696 3459
2956 9435
9898 7392
463 8949
2713 7738
2913 503
8376 8432
7981 2040
6334 8044
2678 310
8995 1479
6034 3726
338 2497
5844 8469
4854 5004
9915 4861
8892 1889
3086 6848
6251 7889
1456 7381
9428 7746
9227 2194
5818 3265
592 1036
3733 7405
7826 5250
5282 2711
7455 1234
2672 1209
7897 8682
6952 8503
2775 9730
8814 9676
4090 7066
7118 8811
2570 4158
1727 9843
5120 6041
6821 2318
433 6101
5533 2236
9757 5344
5428 7798
6902 9590
25 954
4307 3567
593 722
4282 6622
5302 2139
4509 8285
4340 637
741 2572
2361 5908
3223 4145
8061 1192
4392 1212
9374 7455
7184 6522
4525 9115
6439 2381
1563 8169
466 1304
9883 9924
6661 3023
4486 6268
8920 5896
9003 5060
3048 6944
2079 2098
130 3774
2249 6990
1184 4942
6840 42
6703 9202
7298 3850
8052 7658
8610 5378
9509 5102
9200 7017
8454 2404
5871 7404
8381 982
3570 2375
1976 8104
6139 5675
8984 107
5571 4917
5433 5670
6116 228
2382 2878
8743 3925
1635 4007
8212 2476
6810 8081
6057 9108
6669 9144
554 3632
3283 5238
8112 5447
245 6576
9135 8355
7985 1027
5785 1882
1263 7941
6747 1103
785 4758
8206 1347
6009 3258
9676 3790
752 8054
7655 1692
7312 7085
7557 6791
878 3589
4455 237
5560 1958
7810 2896
3268 1448
7235 6190
9124 1308
7812 1372
5997 476
6247 7266
6910 3394
7675 9632
9941 8215
6922 4425
4030 5428
181 9586
4464 9331
3477 5220
8524 1457
1253 3491
4870 7424
8812 6892
3931 7386
5471 9343
3384 6995
7973 3598
7179 5397
8845 8680
3295 4562
4302 1299
124 1398
2007 8231
2117 4954
144 9289
6309 4809
9924 1572
5943 1676
7585 1180
8010 6006
9669 8110
5814 8226
4318 5982
8550 8484
4279 4395
2539 6817
9044 535
6926 3421
7129 8379
945 5250
6821 2240
8373 6547
7129 9224
3362 6142
6740 2163
9568 259
3465 5989
7944 2374
5173 2837
8040 2548
3027 1187
6866 1498
356 3622
5594 2971
5220 6170
2901 6982
9509 7969
5553 9068
1342 7672
7582 8165
5532 564
2018 9239
8844 9456
303 2520
2607 3711
3708 9443
9384 9609
5338 7606
9558 4697
8054 1516
5695 1345
7407 2160
7057 4525
1351 2165
3784 4052
9545 6341
9826 7029
7676 7480
9514 5718
5393 9638
6450 9564
4480 4887
9853 87
594 1204
167 7354
3128 7563
9 2265
3861 4201
2415 4463
8197 4212
4638 150
7076 4706
5937 5084
6891 4408
2279 5004
1278 2801
2025 9642
9315 973
4503 1887
8827 5173
5002 6530
5606 7847
6666 375
4759 4339
9494 3355
538 5464
1801 2970
6645 8094
1102 2593
4617 943
9642 5576
3547 7534
2951 4552
7918 4879
6420 3050
8694 7413
8470 2854
6796 719
4168 7188
8913 3458
8312 1702
727 2300
780 2913
2843 1972
3033 7102
1324 6265
467 5909
4525 3945
3726 5418
8577 4301
9417 1534
241 6275
4682 3101
3901 4200
5522 2801
5825 9234
8742 6705
8719 3026
921 6746
4416 4433
5452 1453
9603 6422
8463 1521
5966 6540
1757 8377
6952 8610
8665 5384
7431 8528
3702 8586
8336 4779
4229 1085
3405 7605
7220 5637
86 8395
8657 8181
9946 5320
3040 9654
5264 8172
7083 2389
9584 5648
8677 3677
4586 216
8553 5680
5104 4849
1256 5869
5286 2362
2352 9206
7447 5089
8841 3941
3540 6667
8905 3294
9697 4855
8995 7470
7467 2999
932 8105
3410 7205
4663 2028
1653 2998
7392 917
784 8039
2845 6762
8042 6482
8316 3703
4131 3031
4755 3347
103 6964
5338 7285
2 2250
3534 9510
5123 6900
576 4219
4212 9851
8658 1725
2244 8958
2920 53
4269 2120
7665 5729
7619 5281
5933 9252
3099 1813
5003 6867
8578 1179
8418 770
6238 6839
4517 9393
7898 3033
523 325
4090 5376
2027 9043
4418 4804
7804 8224
4814 647
333 4169
1063 8412
2189 5205
3577 8074
5525 2558
3689 5480
9287 8237
5117 6134
5273 30
207 4271
9881 1377
9110 5412
9270 928
1682 3505
2814 1420
3327 6082
559 7637
7256 5864
4085 6944
5746 4180
6676 676
4217 5677
8625 7663
7352 3254
2559 1380
5501 3301
7187 9131
2599 4298
1120 3982
1856 5070
9457 1487
9180 3775
8333 7903
8748 9770
7798 5217
1265 2373
7190 423
8716 8581
928 7685
1158 8196
6612 9675
4 3997
1047 901
7783 1046
2331 6721
9664 5571
1720 3401
4713 2368
397 5738
7838 905
1651 7547
1429 756
2764 1158
9130 9370
9982 78
7070 5073
7191 570
3248 263
9630 682
9105 7522
1617 4295
5406 4299
9139 9136
9525 6378
1369 8094
1125 5865
8869 8165
7039 9840
716 2105
6855 4211
3482 4904
7553 6072
933 9889
8873 2811
1355 5713
9364 3399
8742 2551
961 7940
106 152
6829 9283
6740 9817
7627 9704
6306 7373
24 2100
8978 713
1411 733
4199 1878
9811 5139
330 4866
287 3289
2689 4965
7785 7829
8067 9404
9896 7345
3724 7825
6734 6436
4271 1372
2223 3852
1673 3975
2233 5275
9399 6127
7518 6092
5398 7478
3232 1898
1567 8410
633 1403
7429 4466
6235 6311
7121 1279
4965 2230
3990 5196
9973 4722
6714 4383
1744 2355
7514 1537
9263 5733
9340 7373
732 7369
2013 8294
2362 6227
8850 9125
2746 2469
4650 6710
4555 6646
5804 4550
6324 3961
3539 6673
1621 7678
6212 3767
8280 8271
2943 3192
3774 7744
207 8816
6915 1218
7734 6352
9844 2528
7183 4067
5233 1095
7317 2025
476 3370
2060 9916
4017 5779
8078 7456
8864 6680
8981 4212
9435 8741
5945 544
6884 9805
8802 621
3556 920
4882 5906
1062 2494
6034 607
2012 8570
6463 727
9378 4993
9307 3701
2012 847
9347 3341
8392 3154
8892 6245
9459 5210
279 1971
5522 538
2575 4042
5211 535
695 7669
6062 9862
933 2207
7272 9016
2407 3557
652 2756
8332 6868
4388 4451
7630 519
9292 4995
2838 3319
7320 4010
6023 7653
8011 8955
9908 6236
3225 5728
1860 896
2978 7727
9442 2275
9730 2838
201 5129
3602 905
6257 508
530 3038
5185 9892
6174 328
1366 5079
8885 9550
4758 7295
1465 923
8044 9906
6721 3666
3228 66
3879 7720
9346 6339
7066 3666
3270 2885
1863 8807
7941 1183
8006 2917
4757 6986
6078 3880
3854 4
5162 9093
7332 3165
8488 1804
7034 3792
4186 2624
6041 3929
7017 3892
7082 4493
267 674
8266 9496
8513 2236
6989 3290
2734 2820
4578 3595
7260 5168
7732 9287
9598 1948
6503 3672
5446 3265
8286 2664
5171 2497
4935 7693
9929 9238
5225 2010
4836 5388
8103 9057
1318 5039
5227 6973
9537 2848
8264 3016
6104 8555
7128 2501
7224 6005
9651 7931
3734 3274
7022 2060
8771 1028
8150 1577
2647 8285
3399 8090
1378 5005
5507 1052
5903 4551
7275 5834
7868 3079
7256 2974
7491 2380
8396 4215
915 9856
8505 2012
1584 35
9523 1255
9080 6110
8045 5293
3046 9127
4493 3917
5264 4531
1031 879
5807 4175
3132 5422
2467 7602
9670 2397
6918 507
7568 9520
4547 9304
9647 894
3799 7133
6849 1845
6788 6177
2340 5524
2800 3370
453 5902
5994 3279
8091 7444
9240 5170
9833 1755
6461 9430
2856 761
7335 8725
9723 5490
2535 7708
9292 5217
9727 3675
3753 2531
9711 1716
9617 924
9310 7442
627 1099
4404 6490
3957 1282
2092 5945
384 8760
9491 5364
5655 8762
8639 6699
1838 5130
2955 6288
9676 9649
8876 315
6773 8408
5902 8074
2762 2872
9389 7017
71 3819
116 2640
378 7910
586 1215
7299 6324
9745 1107
7583 258
6252 902
5771 2051
1178 2028
9683 7160
8162 3977
4348 5011
7401 2950
6447 4658
3184 1723
279 1191
4816 5714
9508 4765
7599 5832
1744 8742
3310 479
7602 1509
7047 6091
7005 1484
6852 2669
6422 379
8877 8669
3403 2468
1806 5524
785 6544
263 7859
6268 1790
2891 5829
8242 6035
2416 442
4817 5233
8558 2381
7788 3525
7910 8021
3429 3647
4268 1982
5681 2331
1774 2969
8384 5916
5309 2634
9924 202
3893 8362
4383 9991
7835 3863
2691 667
1668 3758
8188 3343
4321 9296
8486 8429
4070 2402
1501 9806
715 5554
2564 572
9854 6985
4003 4242
9007 5271
5738 2573
3192 963
7365 379
788 539
2151 3934
1791 2749
3949 6820
3231 3150
2140 1478
7047 6374
9561 5193
2683 51
3193 3189
7607 3480
5631 7214
5092 4180
2437 8913
801 246
8390 7061
3873 2257
7447 4751
437 2960
1232 1279
6887 6257
3819 8806
3159 4980
3544 5323
9150 3536
2079 8001
9220 8582
3836 9478
1670 45
7255 6459
6956 4664
9829 619
269 4630
8793 4863
6294 1167
6008 852
9083 5869
2450 9454
116 2608
455 7978
3733 9423
1589 6888
6784 4364
1403 3173
8814 3173
7720 3372
9447 483
9205 3328
7418 1813
6090 3241
5811 2017
2818 401
581 9246
2551 2487
4947 8249
7780 9792
7030 555
3009 5993
1398 8735
5901 8550
2707 1133
3115 9957
9291 4916
2486 8618
2664 8986
9319 842
5690 7635
8710 775
330 5729
8229 4209
6594 7292
3831 1298
7785 4869
1613 4172
1637 1596
4342 818
628 7171
8582 5430
502 3310
1333 3530
1242 8925
460 6507
7605 5146
6823 5673
8860 5361
4221 1673
6214 8110
5941 9368
6390 35
4091 1649
3699 6345
5461 675
1211 818
9529 9208
3823 9640
8957 6944
3650 4898
6223 2139
9693 6793
3203 2177
2558 2547
1835 4179
9071 5420
9177 6076
5693 6918
224 4539
3890 7772
1502 7856
9294 2496
8508 6786
493 8309
920 8847
8061 1231
1172 4551
3453 8505
8623 5365
9466 5396
886 1903
7090 3751
946 973
4713 3642
4325 7298
6867 5434
1218 6108
5010 5008
6388 9977
3472 4190
9027 6128
69 5976
4313 4873
8130 3019
7456 6383
3334 1064
4652 2254
7470 8892
4308 6587
1140 1473
8538 6631
3004 6015
7831 9276
138 3589
4082 9264
8636 750
5878 23
6250 2468
545 7807
7803 4006
8921 3149
6323 199
8930 4658
6672 3211
9096 9565
3785 2836
186 4228
7166 9973
4218 1496
6209 944
211 5406
7360 9431
905 8152
83 9017
7981 4608
7829 7584
4052 2585
9828 4453
1833 3271
1178 1999
4400 3123
3840 1102
1735 6022
6641 4312
5387 3656
3128 1603
670 6855
278 6633
8058 5510
8245 6421
8673 8597
8750 2357
6156 5701
6825 6946
4880 5693
5357 6185
8431 8015
4657 5710
9581 4994
3566 2466
6066 1707
4525 6736
5155 7264
1104 6629
1494 2560
5430 5831
8927 3341
877 8564
6676 2536
5273 3308
8050 3642
371 5038
1264 4366
8570 8056
75 6339
9905 597
1523 485
8755 6278
715 8661
2892 9301
352 7200
2917 9121
9354 294
6713 2191
374 4086
9170 8637
2985 3674
3699 6382
9344 9323
1540 5251
253 152
2785 4256
7720 4991
1407 9477
3627 266
2476 4079
6580 430
4547 5365
3927 4468
561 8926
9767 7872
246 1915
6850 3901
1531 3847
4084 8933
2660 6134
6164 6002
2028 7707
1546 9319
5631 2014
6117 4509
2950 2108
5335 8367
1689 933
1453 7280
4564 7977
3269 4251
1232 434
1234 7698
6001 7568
3549 5681
3138 9442
6250 773
4411 9625
2396 9281
2843 3678
3712 4611
3883 7399
4463 2669
2396 8541
1534 2162
4414 9975
8365 9491
1674 1634
7246 1449
4773 8559
4629 9539
6040 2021
96 3518
8671 373
9099 4593
5734 8861
5174 4107
1859 5534
6596 9863
5855 6560
2416 3163
9921 4473
9750 8847
7995 8462
4367 3115
7937 5415
6423 9870
7159 4580
2858 7012
7629 4501
6900 2862
7405 4415
6595 699
5232 1766
7742 6635
4416 7178
5308 6403
2024 6666
4249 6521
9906 6127
1167 3734
9290 4404
9837 8282
8604 1526
5999 9550
8831 9649
8446 7436
3456 1202
6739 1020
3137 3058
2812 7226
6798 1677
3030 7170
3794 3995
9338 6942
1343 7415
5782 4108
208 1891
1208 786
570 7152
3688 4515
3842 6072
6290 2324
3859 2065
875 8558
6041 453
2268 1604
51 9140
2132 7571
8515 5505
9358 5141
270 9208
6081 8578
917 5721
2971 8724
5136 3111
4222 9592
3379 244
5628 8657
2589 7040
5629 7142
3702 6080
9243 6045
5370 7996
8892 5031
9035 7711
658 6910
4230 4618
2270 9106
3678 2643
2692 7297
546 356
9231 8059
659 9279
8487 7265
6490 5278
2698 1082
5920 9294
5115 3024
8233 7801
5116 2081
4332 3442
3899 1886
1644 5499
7899 715
6656 8781
9301 134
7886 7701
6497 8774
3843 6349
1977 833
1750 4313
5615 9817
7739 3096
3104 7276
3867 3989
1108 3894
4033 5396
4829 5981
1615 2577
4375 2202
7342 1856
4879 7786
4107 5460
7240 2868
5947 3633
7195 3704
8961 6037
5025 1800
9887 5514
2786 3510
4129 4809
1025 8992
5939 4098
4941 1941
433 3589
8919 526
5395 9922
8394 7775
5103 242
259 5802
8209 2034
4053 3403
4655 2646
8730 5082
8266 8655
4785 5533
5364 2365
1359 8171
4418 5420
6883 5658
4868 7814
4178 4073
7897 5454
1860 2567
3112 9197
5801 6741
275 5039
38 5046
1703 4854
2105 4675
4358 9033
1114 6144
9233 5047
5410 1603
6651 9193
3690 7944
9800 7624
8076 8256
8777 1353
5238 468
5539 5856
6357 9337
451 6046
5471 2236
3138 3526
8508 6349
5421 3526
7901 7832
8563 7092
7497 4277
1308 4791
7014 4752
3236 4068
6409 5378
822 5191
5600 4865
3061 5432
4735 4855
6381 9172
6670 6250
8551 4351
7085 5844
4984 9332
408 7449
2504 376
8940 9632
4875 1418
5430 4153
4336 1644
4583 2030
8521 2853
1908 5099
3180 8001
703 3791
9139 6177
9227 4901
1535 1333
4030 2035
4722 4181
1539 7392
1104 9541
5728 87
1243 5786
2943 4030
3581 6947
5076 2864
6572 9130
9027 5532
4617 1937
4755 4266
4638 2817
3441 4761
4912 983
3392 2487
3595 776
842 2751
7732 8506
5766 1187
9173 686
3553 5986
9857 1154
3518 9562
7960 2437
2997 611
2578 5917
4590 5097
162 9079
3932 4881
4735 3388
8729 4420
9639 5489
8395 6066
7918 5666
8141 2621
9247 8367
3114 3319
1984 5156
9655 7400
2783 4631
1691 2148
5382 8467
1278 1823
2785 3703
9787 6450
78 8833
3884 1729
1825 7843
9759 5827
507 1365
5380 8661
6079 6766
2087 3986
3876 8248
1755 4425
5392 9797
1314 2994
9917 6308
3897 2516
3682 2192
5200 4284
8051 3186
5211 9735
2581 2104
1507 2066
5806 5774
9693 6029
3923 5494
3452 901
5011 7659
8047 7175
9629 873
7078 5261
4015 8937
5675 3432
2240 1423
1405 3546
6408 9341
4949 7785
4849 2063
4299 4809
1061 4723
1414 2684
9783 5697
2780 307
6797 6344
5217 2674
9138 8343
4763 4453
9600 5262
3681 7371
4754 7355
5012 3071
6363 9905
3542 7996
6371 5171
5840 9660
5149 9157
5569 1349
2297 4206
9067 1819
6689 9711
7006 5613
395 860
6757 4378
1791 9791
9116 4032
6193 1423
1864 3391
1316 1487
7159 8048
586 6491
2130 1951
3457 3983
9231 6687
2603 7033
1350 9371
6228 3690
659 3642
6996 4938
3704 5750
1333 2436
4098 2338
7231 3871
8849 3949
6801 8461
5726 5055
8586 4551
9583 8506
6383 7830
6415 9885
8592 1281
9699 2515
9218 6661
5781 6721
4410 9359
7922 1259
1509 7488
8310 4272
7478 693
7133 26
534 3998
4753 3384
8340 9507
3310 3268
8909 5444
4479 471
1620 5484
4371 1454
8548 3922
8872 8814
6398 2527
1789 7228
9254 4266
2387 2040
2252 9109
9385 4229
5069 7583
8158 3855
7420 614
8528 2608
6865 7864
7962 5960
131 9538
8334 3798
4620 3695
480 3684
282 9811
4843 2941
1996 7309
7060 2873
4687 3056
2527 2775
936 6275
6721 2019
6959 5811
6951 9859
5908 5254
3138 2860
6887 3549
5471 2911
5495 525
1847 9217
3428 606
131 5676
335 1708
5407 4000
6833 8058
222 5060
6505 7931
831 7156
4878 988
928 3749
3943 7438
2726 7994
8985 4564
3371 1274
7912 4578
9054 5704
8549 1643
6057 3442
3551 5700
8668 8538
6095 9561
5429 5693
2741 1137
4707 2078
6234 5435
1815 8641
2459 7994
736 5129
2336 2647
1875 7455
1313 2762
1783 1977
1262 6658
2640 4794
2341 2576
2021 2610
5097 2120
9947 4291
870 3629
8242 3372
9368 5283
8031 9809
5566 6151
9143 8295
368 3915
2692 7924
1608 8917
9860 2055
8669 3938
3765 6127
8833 3269
7389 4919
8328 4421
3389 7284
6599 1196
8488 8389
6939 2911
8776 6386
7666 1936
7568 2809
2038 9618
2276 421
3101 8035
1217 1448
5102 1563
9747 7837
305 2465
9329 6470
5205 9495
9341 2705
7882 6733
3514 6310
5241 5196
8523 2398
1860 3050
9190 5258
8310 8225
1019 2795
4372 7054
410 9204
1234 6989
134 4934
3304 5885
206 6887
2245 8869
5096 4867
7541 55
5283 9951
2712 8976
9029 7542
4596 4824
919 2371
9525 9130
2901 6790
2268 4742
5158 3121
1631 7066
8709 9342
4385 7160
2227 1171
769 9074
648 6814
5411 3168
6247 4788
4736 1240
2813 9451
1099 8852
2491 7780
6674 9632
5420 2939
4351 7749
8745 7531
741 9627
2055 7102
2038 2830
8679 4139
3813 1728
6566 6413
3475 7866
9401 8403
6869 46
7106 8428
5803 23
8217 2536
7931 3965
5280 1765
7242 7325
7729 3135
3755 6224
9382 2707
2260 6017
6890 5210
5519 2021
2255 5904
6118 8842
8954 1146
7859 2624
8373 8776
4410 7460
6047 5176
4547 8715
7332 9001
4197 3646
6170 4913
4864 3972
9217 3868
242 3982
3052 557
6352 7102
6592 3483
297 289
4622 9550
9089 9073
8972 4636
6971 8206
4125 323
737 510
6230 4468
3823 2048
2661 633
7822 6407
8997 2359
2362 8692
2029 3313
9142 2797
517 4601
4723 5486
4596 9133
2176 9211
5636 9843
4836 834
3900 2333
4319 8411
5096 5525
6010 7201
9832 9375
4575 5883
9209 4558
4258 3611
9536 1197
3775 1392
5322 8688
630 4641
4925 8820
5303 2413
6778 4906
2361 5544
7163 8454
5403 9807
3113 1112
7085 554
2470 7860
426 4986
3593 942
1110 553
5928 9209
5202 4759
212 4759
7973 5657
7389 917
6491 7721
2144 6036
1498 7877
1945 5108
2451 4516
8439 6309
938 3204
8184 2493
6373 4757
5227 8120
83 4149
9432 1876
8177 7247
2017 3025
8224 3984
6699 7433
9393 7938
9332 7694
4757 4144
3802 2422
5114 4945
9576 9140
6901 558
2303 9374
6531 2665
6073 7980
4904 5017
847 7036
3459 2146
2653 7184
759 9505
2084 1107
2541 828
6833 9442
3635 6793
4600 3144
8512 7443
2925 717
5072 6744
5451 2120
4325 2956
4459 9245
9558 8925
2569 8567
61 4947
3340 6668
8588 1917
3966 8381
9687 2151
84 8589
3783 6502
8637 6486
3782 8033
9800 8235
7168 8777
6890 2126
1196 3425
2022 3623
2230 4859
7897 2266
5481 1502
7703 18
2590 2354
8654 5111
5107 3831
6901 5636
282 2700
4543 2559
1615 5302
6499 6890
465 1270
6426 1671
1268 1363
5658 6353
3845 468
6721 4761
3437 356
8084 5374
2840 6722
9376 7148
244 1514
1860 8192
3270 442
8037 4676
4319 4112
8628 3654
8833 3435
5118 1554
1795 7615
7284 5710
7169 3246
409 9383
5656 3482
5683 8453
214 5426
5172 7044
2749 6973
9520 3289
1537 8245
808 6673
3825 3450
9992 6726
6493 1888
1834 4982
6293 7318
7340 8851
3493 821
1074 3466
6702 7109
7873 6898
5040 2380
4068 4159
2019 8875
8434 8234
4820 5281
5603 3495
4717 5349
3492 6953
7383 1756
5750 4513
3742 3478
1112 3157
3468 880
9887 4078
7681 3544
8024 2408
2533 3208
6429 2401
3811 1400
3940 3557
5697 9181
1514 2890
2684 3071
3282 2465
5992 447
6097 1645
5077 7533
304 6423
8228 4287
5213 5288
9961 4955
187 1759
5795 1302
1404 4502
2342 5495
9474 4997
225 3794
9163 2389
7438 8717
7465 6506
9032 7854
7104 3266
740 4795
3381 618
1778 8098
3492 6414
4180 1257
5605 1255
8272 1422
1463 7524
9798 5119
4813 9487
147 3881
4421 918
1776 244
2639 8367
6958 8989
826 6975
1534 153
4181 5639
3575 7964
2516 6595
111 4374
1040 6363
8879 2769
4566 327
8188 5148
6470 3046
9360 4392
2593 8870
6880 1804
5983 5915
6220 917
4778 3236
4426 8036
8225 9995
8441 2163
8076 6440
628 2873
9112 4175
174 2468
9038 4268
6789 3414
9736 8949
4146 1914
8495 3527
2948 2084
7889 3742
4053 9366
8263 9257
8640 6416
2430 2904
9178 8795
3169 3146
1423 879
4191 3725
3532 4037
9427 3196
2315 2793
4030 7670
512 7232
5136 8852
4662 2221
7053 9798
1739 8729
3480 9230
4239 3242
4070 7828
3727 7318
8139 8124
2251 4355
8992 2591
4339 1894
9595 2667
5850 4806
3171 852
395 8462
690 7685
9632 4946
2543 5705
8855 7402
7778 1338
2328 3545
1479 5098
8917 6758
9200 8897
9184 159
1378 4959
6165 7737
8781 7568
7921 9310
8213 7624
7022 9439
1526 1405
8529 5139
3777 9194
5162 235
8708 7753
1619 8730
525 6015
9789 3767
140 4727
3085 1278
6314 3155
3753 1768
3895 8143
9286 8047
5929 3708
5866 9735
8997 1025
678 5294
2773 1170
8189 8041
5161 3948
9408 6960
2407 7405
4493 629
4304 8273
3955 4676
8366 2308
5133 8637
6532 1092
929 7626
5070 4312
4874 5754
2945 510
3944 6329
7381 5215
5337 2806
9138 510
4652 6106
2221 1986
1708 2623
8116 7902
1020 7073
9219 912
2490 9126
6670 4397
473 7393
3622 6139
9820 2685
4596 2699
1169 6718
8409 1293
4051 5229
2756 8393
6479 5921
7867 8133
7172 1973
1404 6438
4441 5662
7137 6451
75 4610
7656 2409
1491 6937
6741 7042
5887 8383
3685 8917
4328 3679
7883 5354
1808 3490
5669 9948
4227 2867
8305 1231
5274 536
7137 6140
4029 5631
6298 2571
3651 3919
1958 2829
3454 9855
1954 8653
3401 8890
4992 4705
4846 3635
4023 5600
8617 3343
2440 5813
4569 6706
3103 102
7250 6097
371 3964
7488 9062
155 5535
3235 8400
4104 4270
9879 1547
2685 2188
3342 8526
5437 5279
87 7138
1705 8067
4254 6964
7029 3381
2207 8944
2926 1176
5767 9978
8542 6830
8652 1572
9344 1646
5159 8305
9841 1798
2964 9642
4575 8508
6870 4247
6445 390
1396 1803
654 687
2056 4350
3380 6647
9591 8585
3456 858
1929 2087
2533 6173
3492 7370
7775 6308
9750 4430
3156 5825
67 3264
7852 6551
9225 858
3817 8388
1357 7805
6516 1666
1122 2099
6227 9727
5035 6167
3463 9018
7707 7148
3257 5183
3996 6448
3452 9480
6912 7905
2204 5782
3325 6476
1018 2178
8072 6598
7563 2292
7472 4773
9556 8199
2182 9604
86 7975
3686 6549
2646 9778
4402 8396
859 2578
2131 5604
7954 4505
6257 871
5845 2456
9646 6936
4082 9360
5792 9504
1147 1332
9431 1314
3441 3870
6278 8742
3585 708
6554 1873
708 1822
5340 5852
9758 2466
470 2923
5949 9958
1531 3403
2600 1049
8105 6140
505 4366
5638 5033
7400 934
3981 4482
6999 1210
9489 6348
5074 7593
6668 1045
4397 5720
5626 8132
7306 3597
9272 3918
8868 1150
6091 3149
1244 7045
7177 7788
9850 7958
3315 1204
1505 8258
5582 9749
7302 5509
4747 907
2102 6605
8743 7202
4251 6771
7599 4537
5477 2582
4970 8211
9579 2015
1432 3019
7224 9162
367 910
7873 4885
2005 7277
2216 7595
2187 2159
2227 8794
7094 3542
7786 2986
5417 5472
4278 5111
6130 2819
2244 4585
2569 8899
916 1157
5855 5029
3753 4496
965 8810
3027 4228
2659 6556
7458 2036
7883 1172
4977 9510
3378 7174
1607 9002
4340 4165
4435 9226
5437 8346
3273 9271
4018 6304
9122 2528
3054 2332
7722 3583
1848 2131
6138 9726
3488 819
1156 4266
6882 519
5437 4853
9099 9502
4869 1585
7182 9349
7774 1244
3496 725
8502 2528
8263 7738
2443 8541
2478 1066
3829 6765
9069 680
1538 4455
6688 8740
2874 3276
664 7539
2658 7351
6825 5184
122 4367
4412 2383
9673 38
4721 4253
43 1433
4892 163
1403 9036
4985 7936
2519 647
53 1935
2571 8789
3452 1236
6921 6903
7991 2066
7283 6676
1672 3725
3265 177
7400 9394
6787 3612
7575 84
219 2660
403 306
2177 2656
7943 743
750 7228
5733 823
7507 9109
5633 5928
8881 412
9663 9672
4049 2040
8706 5902
6404 309
6102 4655
1917 5041
5658 6104
5907 6525
9935 112
4875 8678
7636 5740
4060 2527
3530 121
3647 9348
2481 6545
8318 6659
5618 8587
5273 424
8194 9651
4914 8767
5709 242
400 7714
1391 7618
7328 4312
1046 3436
2865 1931
9078 6015
3758 8787
20 7877
8616 3298
9848 6066
1542 6471
5978 1610
2822 2603
1472 2242
9750 7399
55 6539
7216 1380
7102 6942
4173 3935
6023 1695
5435 7094
5618 8487
6715 7840
7511 8143
566 4493
9670 9015
1199 6695
4844 8768
5390 3535
1548 2726
4257 7736
1296 9197
4456 5880
1475 4319
4194 2597
2106 2018
3577 4853
277 6090
848 9004
8759 4003
4593 7338
7480 1444
5373 3414
1756 7676
3688 6807
6458 4849
9425 5799
4756 1396
6036 4471
3093 7892
6305 8646
3089 9743
8849 739
5798 5315
5792 9757
7266 2599
8941 9520
2982 3202
8716 50
8168 4931
9045 1378
7609 2768
508 298
6379 3778
9964 57
7060 4935
1457 283
3831 9344
7234 4069
116 4593
5711 4749
4138 113
4527 3398
9778 64
2371 3563
8263 5429
6331 3042
6333 3421
5228 484
9399 9819
7116 8214
604 832
4975 1879
3 1436
3156 9131
4815 7882
9776 5759
5313 5802
7849 2026
8643 481
9954 3205
2370 2641
5469 5012
3377 6677
7611 8677
7068 8055
4844 2423
5640 3455
1614 8253
4004 9508
1719 2459
117 8247
4273 3353
4105 8959
7839 8786
636 1775
1604 2584
7271 7782
5667 436
5726 6213
8308 394
972 7712
7085 4993
1441 6321
6794 7706
3699 5757
8431 1499
1225 6859
3628 8296
2956 6113
5207 464
7872 8747
2040 1432
4644 7807
3379 3582
9720 487
396 649
7492 9743
4218 8401
3342 5809
9952 175
780 4020
9989 1465
4393 9406
3436 4491
9520 6329
7143 4882
8228 8569
4282 5477
3075 1924
3450 2771
8043 8982
4935 8757
6760 894
2517 739
6465 1627
4402 8511
2952 6891
174 594
4542 2397
2102 281
8941 9116
3301 8554
5512 3214
3635 93
2158 5690
6644 9602
8562 3364
5855 5877
1170 2605
1197 6938
7689 9325
1875 613
6399 5419
8938 6931
3371 7218
290 372
789 8632
485 5045
5720 2201
137 4330
1819 2281
1121 959
5858 67
3974 6662
3414 3099
7214 4776
5215 9582
2492 4589
12 7770
8785 1974
3256 3492
2478 8342
1798 2494
5934 999
6948 2850
843 6453
660 8337
9302 6789
2350 2489
6785 3422
2270 6648
5887 9351
4577 8625
5991 2625
5651 8797
1271 213
2216 1151
3532 6637
3191 356
7281 8263
8259 9981
1019 9954
9918 4326
686 7512
9943 4605
2290 1979
877 7260
8392 2718
1464 3602
8007 5504
2304 5464
3422 2242
4341 3190
4438 4813
3854 9823
3946 5247
7942 4244
2403 3871
8631 399
5014 1768
5837 8688
2829 1940
5572 5279
653 7631
9372 4541
4324 9184
6802 1357
8573 3872
786 7386
6059 6648
1086 3851
2450 6684
6058 6299
2340 6038
1415 7307
3223 747
89 7621
3809 480
2545 9336
8515 9519
3596 7657
4002 1427
7441 1754
2614 4670
3335 1552
2910 4741
9066 6800
95 8504
4838 2328
6207 606
5190 4309
7562 6857
3971 743
3144 8686
9558 6140
4506 2398
7156 885
4831 3360
6552 4176
9349 7712
2144 2903
3936 7495
9776 2202
4630 9975
5676 7850
8700 527
1580 2067
8437 3302
4584 2219
4143 4716
6052 4550
4220 5169
8086 401
3282 4739
8332 8492
2935 53
4349 2388
8336 8761
6724 1419
538 7190
8660 1760
1221 3153
9655 9024
9789 6458
7699 2627
2300 3125
7401 2670
3834 6560
3801 4434
7521 924
5582 6115
1727 9506
7768 4515
6223 1795
8533 7912
675 1211
5494 9495
9581 6540
9421 6883
1577 3276
7576 2115
1780 124
4725 2678
5209 6225
5883 67
8840 3329
1963 5760
5655 9235
9529 3379
1610 1620
7888 4436
889 150
2730 4939
9526 6181
7534 1379
31 6418
8314 7218
6002 8960
5839 6986
4054 6202
3703 4703
2111 4717
1879 2832
3060 7819
8102 3999
226 7992
6352 5494
8464 9891
9187 1746
8180 7293
5261 8319
8429 2396
7526 633
9351 6518
2657 8810
6410 5989
9644 9597
3252 586
9717 3183
1393 1027
8323 3020
9338 9726
604 9465
9938 8961
5892 109
8150 7655
5949 2363
9119 2611
7751 5114
4223 9082
2430 8191
351 4652
8412 5385
8157 4427
6579 7799
6529 3138
8743 1367
2145 4143
5345 9645
5836 1937
5408 7160
6711 4021
1079 5338
1284 8238
5781 5695
9107 5203
8522 6499
9143 1308
2108 817
53 4811
5712 1443
7679 9725
8340 7737
1608 1897
7786 7190
3182 533
6964 6810
8890 7203
825 7948
4677 1962
9443 461
8989 235
3456 2757
2273 4629
989 5308
2115 832
1155 7793
9155 5198
5804 8702
7071 4269
2713 3515
6665 6925
8638 3884
1093 42
6197 7133
3940 6651
692 7239
641 4640
1236 4689
9002 5554
6548 8390
6855 2591
2616 1106
4757 2651
5812 9562
4100 6156
8707 9588
8809 1698
7281 9349
1221 7185
4366 6744
2398 922
8338 1013
1036 4125
4364 154
1556 8529
4642 2970
6167 2402
1148 9655
7594 4457
7411 4721
5341 891
5260 2876
9247 2002
5632 8805
7828 2331
3055 8871
5264 2932
1500 7471
9200 6544
5757 7625
7175 7946
7300 956
661 454
7974 7067
5355 8615
4001 46
7151 4010
8712 6966
3963 5043
8013 9093
1988 5092
1573 5903
8508 134
6954 2060
9472 9715
407 420
1590 8335
7812 979
9676 6113
8228 4527
2883 5594
1191 292
74 5196
6685 7552
7428 581
9664 7743
3981 6939
8573 5294
2477 7643
4892 7032
4292 1796
7841 1955
1585 3211
445 3291
7511 2984
8045 3890
5516 539
2170 1723
6148 3790
9216 8312
4630 4752
8827 2203
8270 5124
9815 3187
3248 2088
3999 1879
3679 3190
7763 6398
9374 169
9190 7241
261 124
7728 8108
9739 6392
6708 234
6641 5983
1275 9498
9880 8848
4741 2879
4803 7779
9016 9857
8784 2490
7222 2228
8850 4617
3294 773
6484 2242
8412 8929
827 8448
2593 4948
903 3219
2864 4690
6361 8190
9771 9179
7637 183
9245 1966
5818 2616
8716 2491
1352 6798
3859 8632
792 2577
8486 9520
5879 8522
5165 4249
7251 2096
4427 8288
6647 2697
6571 3428
853 6979
4110 8164
8904 4167
9876 1402
5280 9444
4435 8188
9167 4289
4915 2154
3719 7809
1983 6873
5361 1306
5806 2363
2555 3495
5889 4421
5269 9848
2777 2302
1133 7028
2433 353
1290 9382
4364 4532
9901 259
6059 9900
6092 7862
1747 1716
2976 2346
8994 9553
707 3730
7029 4692
6287 1774
2332 24
1419 9996
751 2397
9509 9134
144 1488
324 8624
9831 6985
4616 4814
431 4426
5426 7719
8835 9902
7560 3196
6777 1257
6253 4451
9546 8551
6546 3811
906 5177
5361 8859
5713 8890
499 7327
9473 726
4814 4511
9316 4871
2777 2836
9622 6365
3611 5529
6687 8948
9208 7164
7561 7108
9418 3085
1030 4593
9340 192
8144 295
4483 7430
241 1058
9002 831
6111 5288
2259 6964
5382 3447
1687 6386
6546 4289
2503 8548
798 4895
4179 9065
6367 8520
1779 8265
9742 8233
1701 7610
7650 1977
2671 5599
2833 9619
8921 3
5738 6616
6708 1027
2943 7877
6582 5592
6440 735
4443 2578
3177 638
9934 88
1866 5890
1582 1374
8879 5518
7440 6043
5028 9340
9461 9450
6816 1085
7079 8771
4226 3870
4280 3035
7197 4970
2365 4866
6844 3215
8826 5292
9102 8742
252 7829
8524 2988
9644 2312
927 7827
7348 683
5953 6846
9264 418
1217 7250
3023 8648
9479 7052
4010 8666
5700 8226
8240 3590
1861 8969
8924 5842
4897 663
872 2168
3649 2175
1285 2593
36 6383
2431 2466
6758 1767
7171 4876
3402 6337
1200 974
426 8858
340 1398
4972 5001
4103 4397
5251 5597
6475 840
2362 4149
8384 4761
974 9576
1419 8040
8753 6496
6858 2771
3407 4530
8840 9756
5249 1114
1730 5146
2195 368
2045 6355
7800 6356
94 6765
7493 6084
9367 237
2447 4599
9927 3231
7168 2085
8357 6361
3994 7165
8194 6643
7927 1074
4917 1907
5363 7891
8953 3761
7423 1685
3340 4639
7113 476
8435 3695
9843 5
2429 8475
1121 9431
190 8897
1740 6094
4978 8764
5238 99
2708 9089
1265 3661
3709 4188
4852 7605
3161 5356
3434 2682
8533 3204
3387 146
9799 4996
4680 1107
7143 5920
5264 6090
6377 6027
2893 4573
2857 7899
7430 8689
3630 8290
5043 9400
1042 3234
5195 7432
767 1381
4870 7788
82 6672
6434 4739
1747 1076
5128 1678
2146 5178
4234 5262
2419 1364
5300 4069
1189 9243
8804 4036
9713 44
8290 7361
2984 4126
5148 4922
2381 3910
1787 9412
8718 3300
8987 776
5150 9891
5243 225
9789 1796
3737 1558
9353 149
3444 6818
8214 8739
3804 8603
6684 8744
2096 6504
9670 5876
1367 5875
2899 8210
1934 7559
1495 6404
2162 3308
9851 3475
7371 181
4629 3150
9840 3066
1398 1784
9005 6183
1991 4853
3943 5701
6563 5738
5504 3677
8326 8831
2202 3607
5874 9635
1084 8080
1106 9929
7444 8841
7507 4291
9552 9494
1145 8747
2923 9650
7743 6377
1452 955
93 3956
9216 1542
6430 6084
6502 210
6605 7345
1309 4675
2629 6932
8212 9340
1472 5839
2443 113
5915 1204
4477 2767
369 3313
3456 3431
1742 2867
951 4608
1852 5813
530 5869
8473 1565
8486 6734
793 3235
4385 3035
3379 2431
4458 3103
3836 3307
1192 3514
6247 5317
9408 6290
4800 7151
6188 8013
8789 247
185 2258
8616 1089
1091 5823
9679 8421
5893 8341
585 2579
8379 9042
90 6764
8988 645
937 3763
2687 5716
7076 4155
1549 2715
4338 5256
8587 6235
9936 8949
8372 9231
4031 7687
8929 5434
3889 8027
8436 3921
2385 8193
9825 5999
3778 7739
7245 7808
2665 4343
5247 301
5717 923
1772 5980
371 7832
4952 9010
1481 7229
69 6351
3234 679
6822 3967
8362 5745
2436 642
5896 2056
8654 5927
4165 5211
895 3319
4959 8959
4031 3373
518 8878
840 2110
695 3934
1581 5834
5719 6331
8958 3444
6349 4751
8031 5475
7239 7852
6574 1165
6829 2968
7663 507
6197 2698
2837 1773
4895 2267
997 1473
8445 2665
1989 4990
1631 7227
3110 5378
921 7164
567 5645
1811 4739
8356 7394
8239 4523
238 9045
173 3865
355 8939
3668 7735
1390 2400
3993 8710
9700 1853
2512 8166
8590 7322
6184 8395
3132 516
9787 3737
4332 7079
3273 7024
8243 7263
7954 6208
5341 8009
3770 765
6441 52
2233 107
9924 4887
2973 8872
3490 4674
4265 691
7113 7480
7806 4135
5875 6825
4325 1022
467 148
523 7359
1505 8159
9264 1726
252 9961
153 8655
4632 6838
8761 9556
119 5370
1426 1005
1111 1402
716 9453
8684 9023
6212 1214
9507 2504
2262 198
4466 9373
8295 1524
2243 6131
2404 3924
7700 6274
6975 7459
8242 7452
4724 9234
3216 7783
5334 7266
8583 534
1683 2072
3756 9645
4887 9915
9768 9982
1367 6384
7821 8795
3472 7083
2160 9391
8425 9576
2510 5614
5379 524
5598 5989
6073 4250
6539 9751
8161 4768
801 6866
1972 461
8364 4581
4305 5240
8314 3219
9952 4630
3216 9204
7565 8048
832 6646
7705 9988
9531 6162
2376 3737
8980 5074
7127 8125
436 8070
354 2717
1029 6692
6467 1152
7599 6183
1417 663
9578 5680
1791 3398
3836 6578
3935 1726
5007 6399
1448 3821
7567 5372
2626 5731
4473 5259
7918 1193
6474 2293
3415 8074
2436 2597
8374 9281
2772 1274
3389 3952
4766 3180
570 4435
4846 155
7098 9385
9052 3415
4750 6068
50 1974
698 4003
7839 8146
4258 8156
2011 6420
9242 4992
489 4774
3805 1815
4535 3644
6065 7046
1180 8663
475 7244
7832 4297
5819 8070
398 4249
37 4409
9851 6154
8402 6170
4742 7721
4354 6756
4979 5609
6692 9808
2874 7643
6471 3832
2807 8588
9535 7140
2293 2195
2528 5182
6354 1007
7172 6486
7574 5658
8883 6717
9473 2896
6413 5987
1246 1702
9836 3984
6729 1938
8508 6649
5254 6476
8147 5824
4849 9330
1457 6318
6202 9180
7606 1281
4504 937
7992 1795
6243 3733
4167 4711
979 6627
2061 1490
7315 7002
183 1957
7852 401
6830 1792
6817 6516
1433 6349
1618 1198
2271 4643
6059 7208
6278 3631
4761 2675
2577 3717
6343 3080
1457 6537
8756 9456
6773 6963
2094 5424
6038 5203
9436 5091
5048 462
9038 5516
9321 6272
6138 1806
9826 2094
5641 6642
9275 5179
8777 3426
5427 1565
3780 1310
1836 3880
9660 7235
804 4108
3197 7178
5296 3884
5329 4248
7548 1571
5596 779
3164 5404
6694 5012
8318 6644
6219 6688
8881 8291
4232 7667
4702 9458
4820 7728
7597 3511
2121 4490
345 8303
7658 781
1912 9802
7961 4275
3057 2959
6672 8564
6521 1262
9651 1782
9588 2910
7777 2839
9113 2184
109 9734
2893 3745
6083 2888
3437 3948
2603 9434
2165 8492
2385 5981
3970 4921
973 6299
50 6133
5055 1439
9520 7930
7466 7017
6058 9571
6837 6290
67 3940
8568 7608
6633 3805
5464 6529
6980 9810
8174 427
2333 9025
1899 9031
9228 2060
9560 9115
6111 582
4513 9262
625 8641
2248 9380
5415 2804
6422 1982
7509 6147
59 5964
884 448
2711 9592
1483 2132
7298 1013
8971 6376
2002 3744
5101 2930
4207 4033
8141 3189
6892 4186
7363 8455
6885 75
3282 7599
7511 1145
288 475
9318 5935
5338 4662
8255 6954
7868 6629
4874 607
9505 2494
8602 2331
4064 9734
3663 3544
7495 7580
9755 4069
6292 2374
104 8375
240 9327
859 434
813 1007
8539 9826
1810 4485
4641 5539
5602 4800
9948 1665
6747 5380
5352 8878
8685 6991
7138 5960
6925 6864
5349 8849
3017 9359
5878 9503
4718 228
3399 8936
1694 5658
5446 482
4764 3934
2450 119
5486 8430
3204 339
5518 693
2375 999
1906 5603
976 6072
6133 2203
5491 400
8150 8690
9465 1977
5946 250
8648 8740
607 607
3129 7320
3035 4195
4547 8556
6127 400
2625 3277
1396 9593
4773 3300
5377 3312
6936 4118
2858 7550
5610 2804
9702 31
8283 3599
6833 2425
4227 9688
5983 4460
6335 5592
9593 9299
9246 9642
8009 7624
5683 8672
7116 3177
6821 7297
8567 2072
3037 444
7156 6887
4548 8051
8904 1550
9599 9805
7670 4408
2197 9996
6163 2016
2434 4533
4905 8693
651 1064
8768 6843
9187 1431
5980 4049
245 1643
8814 1959
2468 7187
6965 5881
2621 9872
5909 6105
6066 4654
6077 9277
9097 9081
4576 5509
233 3471
4926 1164
2647 1638
6805 6354
7982 7619
6061 3083
4165 5771
5905 4838
327 6038
7659 5502
939 1564
1234 6965
5275 5976
4181 9196
3925 6140
6245 2318
9286 879
8259 9953
9871 3293
5784 9374
7544 8745
7112 9125
2905 865
6241 8424
4241 5174
2034 1697
2993 5712
7949 6185
3138 9920
2868 1285
4307 7626
4387 2425
1703 1127
9075 8343
515 3546
8195 6659
1011 1581
8325 2355
4069 5882
2380 7083
2256 6873
3735 2453
8325 9063
8433 7851
5002 2377
1351 8661
1062 3874
9200 6579
1868 1842
1371 6202
2996 2566
3689 9927
2550 4720
3386 5670
4274 6944
3203 3984
3326 7024
6471 742
4842 3598
74 9924
2178 2874
4375 2714
791 4825
9531 5415
985 3903
2016 9624
4303 8090
9448 9703
9009 9892
3824 4735
8614 4958
4718 1000
5515 9508
2250 7090
5056 3633
5896 8833
2263 4639
7681 7051
5283 4437
8733 2054
3042 832
3396 4547
5803 5659
1514 2954
9566 6214
3316 9891
1624 4950
8819 7306
4915 9855
2409 3114
2580 6262
5966 572
3159 5481
2753 7776
8754 1084
6079 5784
9230 2007
6391 2553
243 2118
4381 4443
2178 6716
1645 9305
3567 4323
7833 3342
8448 1403
6820 6511
9121 5974
7668 3743
338 1126
1301 5084
9874 7216
5864 1119
8609 1852
6477 5193
3341 8154
1581 9909
5058 2956
4168 3930
149 1747
4406 3026
1739 4793
3238 6515
1151 6641
2916 3705
3935 683
7402 2143
8461 9913
9459 2231
7814 5763
7007 6684
3297 9944
2577 6888
6659 965
4886 7962
6052 2563
3516 3058
4519 5084
3801 2386
4147 6012
5976 9586
6821 9398
2713 1404
7936 626
7815 2780
8855 211
8685 2455
1277 5907
4068 2590
8746 5299
2049 6573
3372 1435
881 3520
1132 5093
9029 2647
8716 3909
397 6375
1188 3303
8375 9571
3425 5636
7922 3095
5588 8869
8437 4921
6420 2638
4382 5013
685 1508
893 9861
8435 7677
1003 5409
5309 7558
8496 3600
363 4434
7954 3017
4112 401
8307 5673
5756 9449
472 6052
1838 2229
2439 1599
1121 3898
1829 7712
7790 944
4724 9189
6316 9941
6198 8919
5952 1072
6030 7544
5054 6224
4706 2822
8398 1295
3084 6304
1824 2538
8587 8760
5306 9280
8854 4838
4615 3493
1348 872
2783 5570
5353 1618
820 7900
1963 295
2843 1307
2749 8306
3557 5740
4465 7352
5128 9465
7497 359
1589 4073
1270 3522
294 8511
3676 3109
4966 8487
1810 9381
1463 121
6279 9979
8738 7769
4771 6822
8822 809
8499 6081
2765 9246
9462 7864
175 2587
4815 671
9321 6262
2432 1858
8414 6455
6583 6729
9806 6626
7304 2895
5176 6634
750 9894
8446 512
5590 1186
5035 7268
6527 20
2673 8303
3837 3805
3029 9003
445 200
1403 8823
9432 7348
4000 8787
1314 9561
8155 3962
9059 1003
7260 8570
1605 9298
5832 2703
4479 6081
1016 5355
2729 2667
9130 2873
7097 2980
2936 8412
6669 251
2180 4116
9355 7840
4119 9051
4461 7729
4696 4483
3532 5204
1714 3711
4027 3586
6914 5567
4249 9341
2952 1565
6459 58
2597 2002
4705 5300
3523 7504
2971 106
5142 8855
1782 4108
2938 1200
7668 9606
2149 2744
1515 5975
3405 2585
7271 5314
7417 8153
5066 2986
635 6455
1795 4917
370 3500
8407 3272
2008 7241
7601 1689
9425 6919
4804 5197
4089 6443
414 2530
5372 9018
8207 8293
848 9492
4439 9817
3725 1057
6638 3022
4256 9313
824 1804
4223 2676
5814 8995
9205 5109
8723 6561
8011 3679
223 8079
6165 1851
1937 5886
7180 1291
2233 9654
7828 4135
2391 5348
8312 1402
2079 5716
9574 7934
3924 372
5083 4096
1004 7807
1215 1732
8988 4007
8809 8537
7591 1833
4521 1378
2640 9547
2467 7741
95 5004
3840 4914
166 6478
7031 2565
1969 4489
3219 1285
318 3580
3529 8958
3220 4932
696 6238
1469 2539
432 9472
2203 1592
6177 1279
6412 1982
8882 9915
4901 1864
7394 9161
3519 3713
5857 5405
9847 9832
6224 8868
5023 5279
8141 8709
2742 4988
1376 1701
8550 1547
1300 8817
3947 3520
8813 1861
5940 443
5035 3472
2427 614
5311 5048
4078 970
3545 2874
7489 6717
5132 2840
8419 7855
5137 7580
6137 1366
507 1660
9359 6313
5119 3098
1931 5260
4742 836
7732 2964
6368 432
5088 303
913 2881
7295 9527
1083 1371
8790 2778
1080 6691
5007 8032
6549 229
9315 6285
5197 6850
1062 7607
5352 7860
4663 4023
6953 7258
3071 9684
6455 310
9500 5995
2110 9891
1924 1666
5530 4119
6513 2287
1558 1776
1184 6950
4076 3406
3852 4622
4948 9132
4713 6850
6674 6786
1814 6652
4967 4351
6238 3787
8559 6591
9296 4723
8428 170
7356 6086
692 7215
4647 2227
4997 2115
581 4251
5797 4252
8405 2038
5533 2676
1931 3268
4336 7830
7052 4946
5689 9634
9313 1759
1076 6552
7688 9017
3500 8811
6805 755
1617 6473
1344 3420
4830 9652
9640 9250
123 2899
7093 3734
6311 8726
7327 6958
768 3962
7551 1846
6785 6521
9258 9843
4274 3543
7360 1959
6172 9488
2868 8792
8930 2098
2838 5212
1792 8750
206 430
4037 5845
7599 7769
1191 3620
2756 4045
7869 8164
6438 3032
1459 9278
6725 2494
6382 4860
8845 4103
2587 445
2837 3378
6983 4115
1268 1649
8927 7093
3337 2764
4277 6402
6603 5860
930 883
7144 7175
8506 3898
8434 5203
5528 5716
4585 1285
2454 4686
4542 950
3200 5589
8796 3525
4051 9778
5672 2548
9978 2766
3094 6127
8089 7307
7708 4453
2792 306
2803 1592
7604 2040
2700 7178
5554 9943
346 6898
3233 3767
1516 903
4611 8597
7742 6969
7908 1324
2652 9636
4797 3204
1999 6279
3360 5228
4616 1885
42 9343
7021 3127
4375 1887
9304 1583
7452 5593
3942 7385
8267 4880
5094 4812
3597 2917
3168 1898
3197 920
1658 2951
3639 4910
6765 1233
1258 6969
2875 1485
2285 3441
3148 9347
5473 5196
2768 8942
3041 6690
8850 7540
385 6458
2640 2434
5047 3081
3915 889
9044 9221
4230 7273
8366 3426
8235 7321
8178 8229
4424 8445
9240 367
303 8894
7339 213
2628 5189
1446 4559
2283 8298
8361 7629
9893 4957
3950 4990
6578 2654
8349 8187
351 4673
4692 7828
7462 3786
1708 4958
191 3435
1589 7447
8659 1137
9319 687
5401 4169
941 3419
826 4225
1322 6836
1800 8355
5046 4258
2253 3415
1069 7592
2163 2914
108 7858
6239 6169
3967 1775
5978 1859
2282 7431
4214 8809
7650 4456
4511 5620
6404 8255
1910 6554
131 4346
4809 3483
5024 679
8110 7223
2238 8276
5398 7719
3723 4443
3100 4211
2027 5690
7464 2980
6437 8076
3145 3009
6976 8483
7882 526
4877 9939
8667 3911
5410 232
5124 1712
6869 2457
1436 8100
9453 3488
9134 8938
5332 1042
9378 1042
904 4011
836 290
1860 421
915 4410
1453 7702
8261 7300
8219 3941
5997 8734
2607 5630
4818 7498
5016 2677
2790 6298
1335 1180
3341 9539
9523 5507
4813 8770
3337 861
6669 7535
2628 3967
1 6010
3318 7281
4723 4569
298 6116
668 8881
1988 4861
803 3045
1662 1550
6330 9348
3804 2656
9799 2772
4 7910
2828 1026
2883 6176
7337 9819
8934 7012
7984 1261
9340 313
3844 5586
1027 869
6636 5021
484 5908
415 9522
9798 962
9245 5920
8842 4073
2020 6532
5856 3251
1998 4714
9467 3004
9050 1933
5411 9332
1468 5942
7835 9346
8728 5603
5980 9778
7124 6809
1463 2824
5042 5712
4002 7810
6646 2130
2820 3389
3703 8834
7843 4011
5806 7909
6984 484
8191 8828
3942 366
9443 4122
322 6513
6500 2762
6660 5660
3944 2437
3355 9303
1819 6442
3822 9050
2005 1877
680 9054
6438 7872
4939 1914
6155 6160
3622 3759
2647 7551
3358 2435
9770 4040
9052 3979
7611 4939
8085 4135
3906 101
8460 5670
4058 278
6171 5480
3376 9092
1667 620
1271 4531
8762 9947
5311 2897
3905 3933
4489 4432
3274 9302
2134 5428
4166 5781
7957 7495
5328 2088
3839 3464
6253 4760
7958 1399
5454 7880
1796 7738
5705 7748
181 3082
5387 5202
6504 9672
2413 3496
9974 1600
4649 5717
9137 8756
3325 1206
4450 8069
5808 5413
1934 1419
5868 4715
8864 7620
2145 6308
3142 5179
7919 2675
7023 8555
364 1494
5404 2995
530 7111
6727 2906
4418 9209
628 6729
770 3617
6497 6975
2491 5508
7731 5516
8915 4006
3708 7216
2475 8387
7162 8000
869 2076
140 576
221 6875
7289 2563
1367 4548
9830 5902
4539 1759
5755 5983
4078 6692
9811 3198
6055 4334
8813 2250
6168 1605
4911 4653
4499 3853
8873 9580
597 3519
6243 3142
3140 8343
7074 2131
3740 5590
3946 803
3005 1400
842 1178
9955 4548
7764 4845
7867 9206
3779 4533
7776 2520
6716 2868
4329 7948
4302 2959
6525 6804
1547 1542
1187 4354
4787 5186
1712 6986
3732 4498
6824 9582
625 1733
46 7788
6536 1006
6428 9038
3300 128
4632 9789
3318 6423
5786 7617
4895 3559
4237 2885
7027 8493
8304 7372
4456 2966
963 7450
9744 772
2579 1939
4089 8766
9548 5448
8243 6380
4173 4500
7601 420
6571 9195
4445 4546
4706 4496
4686 9823
1262 7158
5562 2401
9991 7419
717 8858
2058 2656
4369 3525
38 573
7633 1659
2017 4750
8705 6369
402 8990
1624 7461
5898 6535
3670 2044
4430 1133
5715 7308
1606 4365
5558 1709
871 9782
4896 8879
3710 3762
1823 7437
1125 1018
1359 7274
6733 2330
8723 953
1087 8439
4328 9478
9081 1768
5397 9858
477 6064
1903 7503
4974 3629
222 9641
8019 3642
8099 3086
2711 785
6761 7331
4221 5423
6730 1110
9110 8103
5670 6991
8525 2385
104 153
3027 7272
4283 3375
7996 4625
4427 5484
6823 5570
385 8884
5897 1884
9443 5165
5677 4960
7037 4813
6187 8813
1523 3204
6938 9894
4038 6232
9101 2285
2855 3716
6236 1194
6064 7360
8148 5567
3171 7071
3896 7431
8445 4218
4480 8792
302 4922
3885 2512
4825 8550
2394 5346
9239 2025
5732 1066
5820 4424
8136 337
2073 1325
4077 8609
3707 4577
3978 8016
8689 2701
9494 1299
5400 8316
8937 8323
6614 6022
9835 2294
4492 5992
3143 4389
4047 8955
7207 7909
5976 2493
4876 8625
6814 8530
1980 188
397 7644
6538 8074
9120 3181
7282 5284
7313 872
4942 6380
6847 4754
2083 1649
3824 2370
1323 3649
3823 9472
622 3416
5234 2825
6488 8282
464 4863
4328 7729
2154 1215
3244 6622
4396 7226
3551 9302
1281 8958
7681 3805
6626 7042
1530 1807
7571 3511
4236 6936
8928 10000
1155 1261
1427 9258
161 3603
8080 6794
8117 9644
7972 5557
9637 7191
3005 7393
2843 9297
1574 9729
7967 1223
6679 8359
9319 3186
3859 2202
7585 4762
2933 1100
7158 6397
5302 3169
2159 2019
5111 9984
1083 4424
8262 4788
2368 2787
8055 7427
635 6647
2651 5556
559 3646
655 2802
9501 3029
3849 9960
6421 7868
2984 2390
1821 9554
5204 5632
1739 4134
9258 6833
512 9224
381 3280
8281 7627
9145 1234
5404 8139
4951 2720
9400 5433
6493 119
8478 4068
4877 8362
1198 3477
8707 362
8200 1069
8623 6191
3346 9382
240 9545
1547 278
3664 2284
7330 7907
6821 6498
3120 4521
4059 2467
5038 9945
405 6697
9453 4725
8316 681
5471 8032
3206 14
8448 771
7949 6261
4142 966
2045 2848
987 7317
3636 7650
2935 4101
2915 8818
1352 6571
1881 4990
5387 3271
9969 1632
6394 9313
3297 5486
5348 8724
52 2327
6184 3407
8079 438
704 3599
6178 683
6883 8951
3310 2762
374 9622
1729 1828
7196 5977
9982 1442
2826 4061
2974 4278
1090 2739
369 9407
9689 1167
3679 9329
931 8851
775 4301
8036 1659
5808 3569
1869 7648
8158 9330
8786 5615
9841 9690
9304 4388
5184 6381
9753 579
6680 5160
453 3488
8917 2808
9665 6517
6069 2980
7450 1801
2407 2203
2572 6774
3280 6854
7444 5046
9510 413
8979 5030
5839 6770
1728 2272
3103 5348
3606 7629
406 3321
1175 4208
8923 6209
7900 9300
1951 9729
991 516
2825 6119
7984 9667
4580 2589
7705 2789
7767 4528
2939 8460
2601 4919
188 7684
1298 5795
252 374
4800 3289
2462 9130
1426 8598
189 5604
1598 2731
5957 1149
6919 5590
8756 4705
1629 2410
4069 669
7900 2561
9028 3580
8687 8761
9428 4600
9556 6220
8856 8217
8916 925
8517 7534
3563 7208
4611 5918
9801 643
7292 8279
8134 1510
1774 7472
6704 6377
2693 7987
6709 1549
5037 3671
4848 6769
2258 1690
2249 3732
9276 1062
2303 7550
405 3953
9786 1135
9319 2363
5469 9009
3234 4468
6600 5855
2106 4558
7058 2106
347 926
7911 1306
6864 4098
5503 2761
6507 569
8131 1685
3338 3699
4700 4209
8214 1531
3546 9704
9208 1797
3259 9797
8138 5575
3139 2856
3500 9575
8710 9597
1622 9398
6667 4632
9253 3287
986 4980
6151 1742
4164 2116
3855 8565
8178 2190
1992 4021
7039 883
1433 7858
9955 4244
6094 1745
3286 623
8255 2407
3700 8934
6182 701
7958 8566
8456 4511
5611 7219
1091 8312
9176 7867
8121 6565
1220 215
4803 3324
1555 4854
4664 1124
4470 8330
3658 2639
5575 2966
3481 8218
5027 8452
2052 8941
6368 9967
9511 7656
5785 2244
8978 4978
8091 950
7472 2623
6655 5030
5553 8663
4117 9302
2424 310
5646 353
3787 5526
9624 9799
4697 5944
9847 2761
1295 22
6405 1741
8983 9739
4603 5602
1772 6617
6657 8489
5188 5409
8108 6784
9592 7517
2479 7527
7660 2441
3707 7003
1873 3224
6386 6235
5199 2959
6163 9061
2899 4454
8538 9543
1949 4811
2729 7485
8135 9483
5124 8798
3711 9981
4202 8331
4673 5182
7469 9407
9410 1424
2381 6740
2321 7740
8290 470
4644 4576
8546 2298
5691 6429
8554 8927
2756 101
1963 2003
5765 4430
2630 8757
8053 2471
8598 7791
1135 7817
3419 5378
7461 2367
9826 9983
4400 8784
2072 1754
8725 2942
3222 7176
3800 950
5614 5303
6411 9003
818 7746
7725 372
4135 809
2751 2885
833 3033
7757 4554
3013 9147
3878 8362
3487 6263
5340 3710
8759 5038
8267 3834
686 82
3551 8163
844 2337
1811 9415
5861 2859
8662 7026
7437 5282
9985 7505
8684 5464
8573 5149
3639 488
7239 7097
1930 4298
9226 4364
9738 8716
1463 6744
158 5083
8536 4498
6772 327
1239 3460
3730 6463
5432 5969
3174 1243
7256 7485
9248 2495
1854 6310
4680 8986
411 1790
6554 9800
5430 9858
6804 9591
1790 7824
8698 5173
13 5528
821 6962
3310 8076
9707 904
9994 90
8213 857
5811 3744
5350 1411
3101 6406
4156 7856
4822 6384
6509 6015
4399 9652
4840 5318
1891 7862
680 8954
8914 6756
5078 6886
9598 779
6907 8961
1954 268
1823 3795
3701 3657
7279 7215
672 5613
1286 8353
8470 3341
8628 3033
7264 3726
7941 5503
1879 8725
8120 8053
6261 892
8867 8429
4727 5416
422 6639
4452 9475
6939 384
4135 677
1399 1044
5099 5205
7531 7653
8105 8315
7868 5267
4372 1062
6069 6478
3257 8808
8587 8666
4490 4002
6558 6981
7426 5892
2951 316
2250 4983
1879 1224
7670 6142
2585 2645
1380 1799
1003 5302
426 2778
8702 3402
7174 1972
2548 539
9577 2824
4190 1940
8465 9857
8868 6952
2703 1725
9173 1411
6213 5398
2929 5328
5319 3722
6323 5076
5750 3311
6442 6614
6342 6899
9815 8212
8043 1139
2249 2531
3674 7075
8265 7487
9786 1336
7410 5370
2639 1969
3281 4832
141 4997
1493 6309
6484 1513
8237 1466
2500 601
3454 6364
943 4896
4864 8250
4754 97
3477 7763
8844 7412
978 1454
8030 9739
729 3926
786 2245
7604 7004
92 4954
6209 6232
4695 8484
2519 1853
4695 4734
397 7093
6536 3182
2535 2848
9989 8898
3221 7601
8771 6290
8725 893
6085 8842
3341 366
4327 6718
6436 5839
70 5325
2568 7556
1713 5331
1987 208
4552 7256
7686 4119
7520 5226
6753 3083
8504 6463
4036 8761
7863 6185
3017 624
1792 1812
8205 4194
9470 2383
3186 9396
6575 9112
6228 2711
4666 6643
7991 7953
7849 1963
4750 8129
1926 441
5031 3152
2047 8567
2838 8716
2876 4240
5327 6999
4660 5580
4173 9980
6922 7562
2960 9909
5680 5984
2456 8724
2760 6196
1507 7613
1211 8279
9604 7834
5030 1181
5163 5699
2268 2063
9084 53
6452 6280
2145 6829
9789 1443
9717 8621
7374 5438
7242 9730
5521 583
5281 2798
3234 2394
5674 7790
681 1205
4859 1494
5979 1119
771 5433
1695 3599
3002 5059
8177 669
3026 5663
4041 6806
9397 3834
7933 7650
4856 7698
5449 9877
4043 3740
5091 2421
5570 4525
7655 1213
5980 1481
2703 5319
8564 460
4311 5165
7975 6924
9664 3884
3780 7548
6089 7540
6510 8684
8149 9474
7017 7075
2973 6031
3847 364
8651 1447
9007 6567
4106 3515
9477 6179
2551 689
1936 3597
9058 2208
8934 9117
3170 2717
5909 3624
6092 6981
2040 9544
5162 6861
7051 8357
2788 1715
5839 2008
4098 3888
358 6372
7353 8368
2862 6685
847 1472
354 6708
3096 1214
5605 4293
4297 6060
2043 7455
8487 5138
85 5723
1719 5180
3374 1565
6661 1754
8702 4671
578 7652
5865 4719
7279 2052
4383 8295
1320 877
8065 3865
7922 9694
4367 9621
1446 6621
8729 4365
7547 9722
542 4382
546 9257
4050 6039
7794 4945
2800 9808
8188 4259
4119 5627
1391 9946
6068 6496
9584 1574
7928 8307
6049 4232
7816 9445
3171 1975
8677 5306
5652 8350
9577 1035
3300 1848
2925 3299
3404 7820
7922 9926
3670 4733
2204 8765
5288 2278
4663 3079
2272 1893
5079 520
9074 2405
8307 4438
6933 4323
5559 3342
9257 8413
1635 4586
6416 5454
8021 2680
664 440
3765 7299
6751 6184
7411 9507
7848 3291
5762 9739
705 6375
3869 8523
489 6206
6544 1301
1476 5603
9713 1906
9381 9745
9423 3671
3731 7908
5451 4834
1745 6544
4543 7933
8032 7609
1349 1655
7413 2222
3586 9665
4994 1266
355 9087
3490 3090
6179 6755
909 8306
228 9337
4063 826
6507 1315
4414 8295
5030 9570
9364 2904
33 6103
4020 9550
720 4590
3148 8781
2256 7505
2674 7789
9533 2574
2721 7141
5134 46
4003 2455
1184 5855
2458 6689
1081 7735
2697 7808
1937 3828
2210 7410
6914 9200
9753 1989
8698 7972
8829 8573
7909 14
885 5537
4555 3831
3035 459
1399 864
7665 8439
7047 221
126 5784
7803 4991
6323 7861
6243 3992
9282 9225
6813 8183
5645 7190
5735 4918
2555 6597
9203 1749
8466 2753
4003 336
250 6668
8705 1538
4174 9743
8842 8471
8066 4457
3006 5496
8517 8882
4047 8507
1482 1358
6375 7238
4327 6808
7992 915
6697 6028
4280 3877
2474 1667
8328 817
1698 2698
4125 1324
3266 4322
6112 18
3312 5215
272 6739
8201 5618
4930 2688
7663 7403
8023 6590
3208 1602
8852 4832
368 6105
1840 9737
7601 2920
843 5509
3696 6644
7989 2063
6849 6868
5282 566
4448 2641
2217 2679
6786 8699
3910 2484
9822 5675
1417 5359
7752 6668
6628 1387
254 65
9107 8639
4694 9871
600 2559
4185 935
8674 217
1222 5811
468 7979
7575 5896
7139 8924
927 3138
3851 8298
2985 9988
8229 4436
9792 6355
146 37
8729 7104
3169 6754
1172 5620
8290 9409
5854 9285
2305 2588
6669 8707
9628 885
7378 6926
366 993
9921 2910
3234 2188
4419 2224
7895 8818
3754 7728
5323 4440
2951 3247
1395 1204
7203 8580
9136 8578
8591 6628
5613 7400
2025 5450
3739 48
7605 6357
236 3017
8026 6930
2363 3418
2661 143
8193 6694
9021 3917
4735 2153
6313 7689
2421 3042
2300 310
1831 8320
6475 5467
2355 7589
654 6839
4524 4078
7499 87
8822 3069
9452 8487
9809 2124
7971 3655
6101 4405
5451 8493
233 7161
687 354
6727 6980
3153 3811
8624 5596
2579 9624
3196 8136
1622 4971
1901 2288
2082 8446
2416 7690
7244 4880
6490 5165
2429 4099
1519 622
5214 7697
6779 6053
5330 6724
2627 6016
2264 2089
4074 4173
4745 4831
6856 5755
100 1887
9787 8442
5140 5564
9577 7636
5178 3297
6033 8457
2091 3391
1443 7367
5300 4772
3543 2906
4730 2801
6400 8851
2864 3531
2320 6024
7978 6060
7615 7314
9031 4351
8002 3960
2077 3390
3547 6404
7090 8009
8273 6523
2502 8374
2360 3029
476 316
7339 7560
7386 4242
9540 6398
6930 8742
1142 4157
4198 3758
921 4299
3220 2576
1592 6324
7436 8965
1209 6309
2471 9693
3018 3606
2730 6475
6852 7749
8091 6981
6812 7715
221 3926
8392 5920
7988 826
2164 4571
8146 1247
4522 7773
5671 4999
761 9433
2096 8763
6296 7701
2997 1639
9310 9108
9957 5156
2053 3443
6737 6557
3857 4830
2050 2791
977 5331
1721 1836
9529 4837
7649 316
1976 3776
8550 8912
5376 4710
3685 8474
694 4986
7125 3444
469 8842
7328 522
9266 718
7332 6573
9722 2835
1485 772
5112 4592
5282 1592
5371 6571
9590 1056
7740 3022
7754 481
3579 3585
975 3593
2817 1025
5275 6552
3049 6047
2917 4198
5227 8430
9517 3159
4928 862
155 4691
1693 7420
4683 317
9796 3073
9817 9719
7193 7079
6113 6155
9684 9646
4173 9160
2755 9185
3254 1520
8567 8465
8214 6131
5387 8466
9798 5243
7988 2022
1929 4377
463 2120
5765 9469
4582 9067
8819 4552
1109 2056
3989 3090
8538 6839
2643 1501
3832 9525
9962 280
3277 42
3598 2652
314 1964
2005 5333
2868 3712
6090 1319
1535 5870
6188 8742
8198 7912
2432 2852
5270 9750
2572 519
3604 3652
5793 5967
2166 5174
4336 4169
1754 679
8995 9633
1049 4241
7167 1762
8989 6816
6735 8460
969 3605
6604 4188
6205 5246
1099 5814
6964 2118
1164 1253
5644 7637
3553 334
6080 2528
4414 7393
4284 2168
3868 233
738 1314
2581 4757
3337 9657
4840 4113
6631 6307
6058 1662
9040 8426
4514 6443
7360 9857
6673 7219
3358 9601
9569 1820
6704 7243
4528 5805
1790 9179
9240 7906
9728 9242
8727 5464
6038 6632
5128 8157
2929 7295
3359 7376
3680 7803
8526 2221
6174 7356
625 3335
4234 8620
4769 3895
4879 1506
6991 9737
1786 6293
2302 4915
6327 6078
1440 9965
2082 7737
8064 899
5523 7531
7636 9534
3861 6083
7043 989
5970 6671
2830 5785
7924 4464
1503 5281
4118 5889
9133 3878
3952 5506
7309 714
6264 3391
6724 6707
9048 6985
2884 279
7779 1459
7942 6255
1648 9239
4606 8587
3688 2665
7504 7761
6893 9806
9714 3129
6251 755
6275 8789
5122 3230
7978 3300
6497 4780
1687 6903
3638 4706
3144 7195
8773 6290
4959 9321
9456 6158
718 1802
8125 7565
9122 1093
7527 2461
9984 2768
3957 6507
6838 1698
4729 77
16 9011
4812 4302
3746 9395
7543 4646
4214 8987
2821 9788
1320 5950
2044 4197
609 6550
2485 8408
2596 207
2360 4016
2265 7447
4847 1095
1423 4917
2126 1876
8671 857
1979 89
3417 7416
5147 5054
785 1551
2438 4500
2393 7326
4880 9956
330 3760
6428 3234
495 8324
4784 2107
2229 3902
6302 4878
4168 9564
4109 1652
6682 9450
5611 2009
6036 8098
6413 2738
214 6010
1391 7913
5795 7308
3346 7044
4370 5840
5529 2437
883 8735
7091 2287
4463 170
5536 1411
1909 7584
7677 7985
7472 8377
4375 7268
7700 8904
3825 4797
5838 4140
5752 5406
6971 9266
320 9396
3777 3495
1290 6111
3115 6482
2556 1578
8947 8822
3970 8710
3568 1939
7928 8029
5458 2558
2284 2087
34 5041
2549 3685
5038 2545
3085 6298
1932 6890
5922 7914
6441 830
1843 3178
540 816
1187 7287
9710 7934
3789 2149
8819 5579
307 5174
6667 8175
5271 6736
5921 5249
4755 6034
5071 9961
4549 4579
7498 810
2706 903
1986 4233
6780 5769
1223 2510
6257 3144
8861 6537
7916 6776
329 9568
9920 8757
5898 8217
6661 4432
1355 211
1835 1641
9161 4104
1996 8840
1167 1709
5229 5696
6158 6507
4249 7052
4231 5917
6967 3112
8438 9554
797 5461
3152 5753
6690 5857
1712 2017
6005 7915
2682 9003
444 2127
2032 2017
6425 1143
7350 4307
4695 3238
5230 8717
7027 4172
9518 2060
7992 5193
8571 9203
1038 7275
3592 2425
8096 7395
3621 7263
1798 6706
7313 7627
5656 8031
27 1924
3930 9450
7131 4862
241 1255
1071 859
9008 534
9033 4327
978 1617
9591 8420
5442 97
2447 502
3566 9251
2977 7503
377 4655
6195 6801
7691 4527
8309 9856
3519 2674
4910 7708
1283 3110
3419 8947
1351 9555
5286 7420
1124 2960
7596 9534
2767 3430
1734 2502
4447 9979
5278 8011
8877 524
6624 3490
6241 3530
5617 1301
7975 8763
2219 9076
9579 7233
4330 7836
5511 7368
2654 6232
3659 5433
1881 4009
4166 5914
6739 5752
6746 3876
4578 633
6422 4926
5209 672
3623 8141
5540 1709
7624 2441
5315 3382
7528 5839
8968 4897
4470 7167
7332 4897
6645 2808
7891 8241
4841 2580
5224 4919
3218 7560
3579 278
2278 4078
7986 3266
4716 9518
3292 823
1142 4639
5715 1820
3017 3821
8187 995
7895 2777
6750 3214
8467 6774
9545 2594
3702 9756
9493 1052
3658 9104
5322 5011
1522 1800
181 2440
6800 3108
9513 3383
9286 8982
3768 7639
1257 1972
9544 2498
1121 2040
8365 9003
43 7861
4164 9122
7084 4930
840 980
2015 5025
6285 8975
4522 1410
1844 4403
8875 1441
9857 5542
5017 494
5743 4303
4424 2019
5905 817
8358 3312
8991 2086
6328 3606
