10000 10000 10000
6792 5827
2321 367
4145 8524
6700 1980
7886 9381
1374 2795
3110 4580
1111 8325
35 6062
6824 6771
7449 2240
8540 9455
7014 5372
4231 5103
2102 9482
571 3818
8309 9313
2658 2452
4080 3309
5261 5396
4302 3365
1636 8576
854 9653
5863 8381
9700 5655
127 1519
9148 3177
294 9385
8394 9479
7569 6471
2463 6197
9593 5199
8622 4353
5310 5659
7051 1568
111 8291
3702 4885
2174 2395
3830 5664
9520 5417
1715 5946
8345 4185
6790 9090
3057 1756
1500 731
4347 4661
1715 4301
7539 8432
8542 8981
2332 8632
1622 6021
1453 1435
767 2978
1641 5992
666 7293
9065 161
2804 4492
5010 4256
7196 1308
755 7953
7610 9338
4919 8957
4677 140
1029 1346
5793 8967
1664 7433
6201 211
4186 4827
9092 7397
8549 5947
8953 3317
6386 165
9555 2979
5056 2780
1855 4562
1153 4186
6256 607
7934 732
2638 9571
7765 7552
1569 4888
9997 7879
658 4242
8180 8406
9 8294
1916 3885
5776 6280
5894 7211
3418 4086
9765 1617
756 8584
4285 2425
8705 4940
6094 1525
8630 8112
4340 8337
7420 7522
7089 310
4996 5834
4937 6277
5327 4261
6391 2344
6293 8599
5777 1092
2060 9436
455 9696
1341 7434
139 6270
7630 5941
9018 8096
8740 4998
9981 416
7407 7541
2299 6015
9117 2619
9861 7425
5769 4214
1649 2801
9003 7608
239 1024
577 8210
2151 2865
375 6875
4371 429
7663 7629
3302 2403
4579 7640
736 5166
9930 538
302 9699
5237 9966
3575 2449
1387 3253
6858 3345
8369 8957
5998 6768
200 4358
7059 3880
3333 8253
591 4497
3482 3017
9755 4479
7344 3579
6612 9267
354 15
4033 6058
443 624
4067 5713
5572 4239
1442 6153
1208 8478
6428 7334
4073 6897
3946 4525
9968 1772
2972 7934
2566 222
9945 9144
2457 1676
4422 8369
2709 9302
4572 7394
1678 1277
9354 9545
4085 8629
2491 7886
4450 6535
4921 3716
2872 636
9546 4686
6250 5873
1523 6577
1534 2340
9330 1675
9785 9001
5815 8687
8436 2481
54 5556
5831 4610
3196 5664
2744 1457
4580 8555
4043 1773
6622 4895
6132 9389
3597 1545
2724 9484
3692 9704
5854 1211
6994 7500
23 7245
6083 8052
2218 7456
8737 1594
1505 6435
8928 687
3650 7917
4366 4383
1040 7384
118 8393
9228 853
7551 8479
6227 6955
7404 2638
5891 4400
2321 996
6761 9539
167 8269
6482 6413
4271 9438
6156 8354
6738 7316
1544 9235
3201 9928
1314 9543
7396 3577
3284 612
4879 754
9146 7297
6449 4862
2679 4559
7030 8544
3952 9822
2249 4280
9738 5789
1293 8355
8352 2672
263 5495
7980 1523
7244 9704
4505 1598
5627 8637
769 6333
7319 8850
337 3174
5405 2595
7777 4745
536 2567
326 8144
6393 7668
3909 1925
5038 9600
8646 5029
4145 3786
1741 3293
9330 19
2726 1959
7646 2631
9978 9132
8033 3093
4208 7080
2097 6624
5747 8816
5774 1083
9699 3970
5370 5249
3859 3066
5815 1274
6983 4725
1922 9267
1264 9095
9619 8240
5921 9365
1513 9341
1697 9966
1268 236
2296 3681
2660 8236
3733 3663
211 5372
6815 3773
5702 2754
1871 1261
6662 7740
2808 9525
7070 2093
7793 6857
361 6838
3316 8206
75 6415
30 1435
5522 8351
3297 6499
8338 3872
698 485
9308 4585
4283 1640
101 2655
8432 9524
2319 1338
2100 8685
6427 2919
9636 4533
3428 7918
8260 8419
314 7546
7866 1753
7647 2150
7278 2887
9743 7179
5559 4673
7180 3047
8498 2855
5242 6611
172 5994
7805 3916
5330 5137
8958 801
6729 6205
8062 8403
3420 8073
8008 4472
9398 2349
8609 8635
5769 1713
5141 1945
7986 4833
3752 5310
844 8536
4417 9735
3473 7367
1051 5074
8827 4249
9298 2187
694 6034
6607 4319
1076 9005
5862 2009
7174 470
4431 1394
2328 7223
8187 5260
9133 9676
8987 9540
6848 4610
7283 4746
5049 9031
757 2736
8770 1061
2071 5835
316 3293
5856 2067
1377 8116
5998 9467
4428 6876
1625 972
2273 7350
1055 8250
1398 7023
726 6308
8469 7113
9987 8215
1427 2302
1053 9798
8008 6723
3035 3135
2866 8037
8301 8397
1470 3938
8439 2222
3594 5620
6851 7026
8916 6623
5072 9086
8969 4231
4170 6742
4487 3448
5535 5494
9248 2829
9234 7308
3602 2802
6391 9313
1714 8980
2522 4226
2753 2637
2398 119
1946 7742
2801 5679
1683 7778
3072 9783
6984 3371
836 2865
7973 4578
6334 2014
3995 5810
7508 2252
2672 3614
3470 3231
4863 2662
550 1989
3730 5244
318 4693
6068 3810
4694 9117
8793 5812
8831 5418
1995 2094
9956 3770
9703 99
8973 683
1645 4968
3256 55
5870 661
7611 1096
509 4853
9974 501
338 9696
8095 703
1222 2429
8809 2877
1052 2082
5968 971
9070 3292
7149 1424
7096 3149
4201 1280
8576 2604
8894 4766
5369 1311
2729 516
4456 3545
303 5443
2439 2587
1497 4765
278 159
9200 1820
8124 8608
8115 5353
5633 526
217 3333
7262 1998
2490 5181
482 4642
2968 6952
2295 4646
7385 9331
5247 8953
8528 7174
7260 7251
8637 8868
474 5150
6322 883
4012 1729
1878 765
3619 1643
4706 638
4339 8066
3023 4796
3145 3289
8398 787
2403 156
9926 4107
3341 8393
918 6363
3270 935
7712 2491
2027 3026
2654 9184
2679 2039
2963 8851
8246 701
2624 771
4194 4888
3786 9113
9509 2587
2302 9921
3813 287
4456 5782
9083 8216
6249 3951
3394 8699
8920 5695
2653 3294
2755 2637
7877 6045
1115 7737
1013 8254
7641 4055
3746 7268
3268 7445
7595 3577
6657 3267
8191 9569
7489 5853
5960 2114
2662 7337
1625 9072
3918 3516
9958 8212
2361 3851
7140 6208
3427 5833
6167 9337
3170 1587
7628 2390
9877 9408
5702 2800
5448 4965
2772 6272
9585 1935
2754 7282
647 3420
5877 2523
1715 1940
2253 1829
7741 2992
670 3062
4070 8708
8971 5449
7561 595
4678 5542
7752 6511
8572 408
1484 3175
5365 5110
3936 8961
2510 8874
9630 9858
5290 3402
9232 5748
4602 4114
2258 942
2580 9761
6220 5772
9482 1502
3170 9769
6759 4203
3081 145
8809 6472
4250 5041
3464 9696
9873 7468
2817 8465
329 796
7755 5780
7651 1222
6534 7526
5105 3964
70 956
5479 5648
7392 6984
5050 7510
5480 9991
5565 5941
8904 9233
5087 8929
9559 7802
1010 6035
3913 8825
9852 8118
5976 1165
9320 9990
6923 8583
5121 3517
6450 6068
1118 2213
7824 6696
3723 9358
2921 3942
3979 3166
5856 9261
8315 2007
6798 2224
6529 5650
1824 4731
3510 1596
962 1373
2171 2192
8990 5354
3285 8421
1786 7054
7783 5370
1399 1504
540 7689
1340 9145
9951 7888
1845 8948
6953 7915
715 3404
4022 807
1576 6680
4465 6321
9781 2019
9505 7727
9499 9182
394 5188
4768 8661
67 6913
4480 110
665 1101
4598 9232
9376 8155
9983 5324
7136 4188
1806 3395
5018 9867
2956 4793
2757 6768
1715 4160
5660 6316
6002 2370
1207 4095
2108 1236
501 6622
7429 3427
11 243
8897 9167
3068 6550
6178 4910
1828 6747
9198 1060
1788 3153
1799 2105
9476 6237
6749 5632
3590 1589
1100 3502
8207 3215
934 7101
1011 4642
9535 7321
5445 86
5312 4712
4249 1371
9151 980
1472 1112
7523 4182
1168 4045
1921 2415
4922 2261
920 1838
5976 3221
8080 5186
1097 1011
4508 9856
367 9080
5265 2355
6698 3122
4291 9138
8167 8096
9261 8500
9578 1679
1054 2464
1786 59
3037 3587
3380 3704
8019 4288
4254 8782
2015 6574
9494 2029
2490 8320
6034 1324
7143 1509
7969 896
756 8523
269 4874
7288 227
2402 33
3098 9165
9433 7258
8101 9802
6681 4760
2232 8796
6938 1135
7819 7359
9968 5111
8446 4901
7467 7157
7275 4340
7655 7742
8734 8737
6557 6248
7585 946
3700 6969
9387 6375
378 5123
489 7958
4914 732
4939 9317
2043 8573
1874 3531
8278 7718
8720 4516
7623 9453
5453 8957
5813 4012
8211 8598
1596 2584
3040 9043
2965 8981
3556 7132
5839 1992
346 8008
9691 6908
8050 4506
9027 5819
9555 9735
4324 554
4916 5408
621 4748
1050 3475
7477 4993
8591 7875
9291 2387
4905 7716
7188 3459
2307 5560
8969 6597
9413 7110
3157 8767
7952 2068
6686 2439
9279 3522
4776 1273
8551 9064
9843 3889
2083 2496
9452 9690
4254 997
8915 5233
9941 7363
5734 853
8170 8155
1928 9971
9393 1953
79 8951
2455 7975
9734 2266
1960 3446
4614 4681
566 3499
7582 9207
2286 4874
1857 9400
123 2032
6932 2234
277 5640
2680 378
2211 8443
49 9470
7864 7402
4519 382
526 849
6711 5403
1464 8229
7715 3741
1538 6069
2535 6623
2584 6469
3528 8096
5616 4213
4730 5664
658 6688
1554 1000
5314 7380
5309 950
730 7699
621 4662
1089 4913
4842 8363
3524 6574
1830 4520
7345 1343
2254 3249
6063 3592
3092 9270
3480 6350
7461 171
6114 2414
3372 1437
1536 9721
1424 9476
6620 6872
7672 6595
6674 9471
4008 7822
5440 4415
6224 9527
4983 4252
1272 6595
3145 305
5958 8319
6196 9468
134 6676
228 737
3293 562
2214 1032
4891 4079
3795 1555
1282 8734
367 384
8195 8777
4500 7577
2480 2419
5654 881
3780 1282
9341 3678
9062 7155
3317 2631
4596 8988
3624 3240
7405 7147
5460 9953
9337 9518
423 2004
1958 1615
3048 5840
8356 9442
4095 4434
4691 909
2311 2093
8448 6677
1157 4705
541 1092
6915 7583
8110 3602
9705 56
5967 7248
4529 6277
7302 4549
4336 7924
8275 4816
2297 6812
9421 8963
1151 6223
2685 8099
5515 9245
3679 7626
5750 9241
4563 5566
2805 9969
5493 4054
652 6464
6451 9606
5288 1132
8995 9683
4305 8769
5683 8430
5766 7065
3681 604
4098 372
7981 5216
8827 4938
1456 8917
6248 3683
4722 6769
6862 8096
7655 7577
2119 5004
4277 6071
2918 3628
8333 2838
6581 9213
4984 8141
8870 5090
1287 980
9670 2560
2553 9753
2342 2548
8628 4309
8256 2861
2207 1435
3589 3952
8246 7336
3617 8213
4876 4343
401 6947
8626 4235
1129 120
800 7114
782 1967
8699 3294
5548 4836
8527 6696
2420 4307
1250 4278
8341 8416
8656 9880
9298 1168
7499 3015
5022 2524
3379 8828
9214 9547
8027 1896
925 1859
8543 1721
9935 8540
6404 9534
5755 1325
7628 3987
5990 6359
60 3087
4916 3268
9386 7650
6931 9456
4094 1111
3749 1685
5291 7273
5555 1647
1885 2950
6029 6611
261 1085
6801 525
8584 7094
6774 6413
800 3343
7316 8319
6074 2353
6542 220
3222 3993
4548 3620
8856 1815
2194 4044
8264 5698
8727 1131
4340 9605
8797 7683
7480 4744
8896 7861
1779 6084
606 3316
3865 800
5733 3742
1765 7305
9522 5283
9365 1731
4741 5068
5619 491
7630 1445
9171 6789
525 7679
6581 9202
6321 9455
862 6649
7128 8474
9219 5322
9122 1046
5361 5899
4717 4526
4911 3750
914 3268
7093 3730
1632 9670
1166 4049
4460 1284
9281 2056
3463 1645
6659 9604
7654 9348
9138 1669
1631 7970
9032 5787
3465 9662
3308 9445
4650 5142
9186 5233
319 7936
360 2929
3646 1137
9269 8872
6697 8181
6603 3125
5065 8912
2067 7441
5075 4546
4036 7423
4724 3063
8187 9428
6819 1239
1584 1025
1685 7250
432 2489
9121 7292
859 7190
5977 5926
8537 5398
9313 8776
3702 3896
2440 5490
8538 4728
7715 7167
3085 6859
7311 9576
842 1202
7960 7402
2481 3399
8794 4142
3217 1342
7240 8560
1919 5737
906 5075
6636 8253
5310 6255
3303 9062
4893 2132
8424 8096
4684 2339
8425 2182
9738 7429
6236 967
7686 5687
5931 2141
654 1636
448 1093
9090 8084
7858 3196
224 320
2656 708
7563 385
3845 668
9500 6280
4738 1429
7154 7693
2480 8958
4215 5515
9618 9915
5320 673
9176 6366
6347 4974
6368 7615
8618 4884
8899 152
2173 6335
8240 5323
2900 9074
39 3453
4436 3820
1180 7029
3094 7245
4809 1457
3062 5123
6744 7563
9144 4421
8428 1918
9003 6370
9875 6330
8014 7664
971 6154
9615 4389
4425 8705
4939 9101
3703 5285
5811 9239
7756 1357
1846 4942
7195 9552
8723 9520
2242 3067
7701 9602
5889 6812
2892 3736
4321 6415
6815 1686
8802 7170
7880 3376
7617 6
1313 9424
845 5252
8636 734
430 5474
1207 7605
4748 236
7815 5453
2757 7099
7768 7622
9108 8699
1860 7051
2931 5885
6035 6849
4615 6114
7047 4211
3375 223
4183 6106
718 1033
588 7570
6958 4007
3295 6479
4290 6689
509 7490
8560 7728
1909 2383
4989 1554
7849 5445
8930 503
3009 6485
5924 1338
4072 9370
2892 1724
7282 3777
225 4197
805 5583
1796 1958
9417 4806
7966 827
1323 7371
3645 1717
5904 9547
7174 552
6087 7712
4923 5390
4462 2383
2690 7168
9757 4577
9984 4326
1785 2014
318 3289
1404 6990
7021 7017
8926 6613
5313 1979
8319 4822
9200 541
2075 2646
4175 5148
6934 8256
7220 1787
3727 4112
8532 6812
8996 7855
9835 5531
5 653
4110 6109
641 1348
8691 357
4237 4160
6909 8673
5307 451
7626 3402
509 4513
6206 8364
7688 1058
1900 1499
5882 1608
9333 1399
3160 6133
534 1119
3588 8363
2603 2990
9140 9371
1814 3527
9232 3189
5415 9555
2788 2062
1573 714
5162 7656
2153 4405
1044 8682
7349 6904
3695 1495
1031 386
9440 9842
8331 2523
5982 7608
7175 2129
4843 3779
9370 1474
3477 4876
6722 1028
4060 7173
4127 8585
6225 945
908 4320
2939 4293
5131 8076
5086 5818
8212 7968
418 3716
1186 1004
8492 7160
4077 1500
5929 5675
7910 6019
6700 4802
1385 6237
612 6347
2252 1911
2002 9197
3253 3093
2840 2945
8868 95
3502 3182
368 6689
5722 5480
6736 7771
9163 1168
4015 4301
9379 3954
2559 6517
5296 946
1821 9346
7020 8219
4918 5197
9308 9199
6975 6527
7095 951
7231 2065
3517 893
3348 9231
1414 6826
6141 6762
4737 1473
2163 4416
7534 1614
5537 3642
3040 7094
1123 3105
6476 5218
4656 7120
644 7456
5647 4767
9941 4296
6410 7233
8823 8539
7001 2481
4278 8796
2382 4677
7210 8534
6707 2388
2385 4827
4620 4595
9089 9740
1128 2269
2622 690
3330 4379
3850 9747
8917 3554
5168 6446
9494 5934
525 1023
596 3409
7058 4572
5815 3629
4567 6571
1860 1135
7559 9519
4972 5634
7476 3499
2650 7640
60 2797
7514 1890
6152 1914
1288 7743
627 2251
2712 7445
7244 4609
6906 2304
812 9192
1525 6756
2245 8392
1716 5083
6098 4292
1568 1699
9031 1408
4907 9254
5162 6746
5877 7067
2169 4358
647 8930
6772 1904
1308 9854
6260 8979
7675 9588
6676 2226
6186 7025
3805 4942
7173 7546
3443 4987
9402 7793
5156 9532
1354 8369
1804 3284
8942 9048
4394 9901
4212 8214
9599 5108
7095 7366
2374 1431
2367 4459
3098 4864
7107 1137
4251 5770
1188 2468
9887 6138
3179 5583
399 1983
3165 9640
3239 4652
4765 4549
9530 3829
7005 1502
6574 6577
1142 8008
5524 7010
9134 7653
207 2717
797 6689
287 7394
3164 6886
2886 2193
8325 8272
6541 5240
985 8047
7900 2513
732 5373
6070 1012
4365 5322
7711 3981
418 6235
236 8985
717 8762
6849 3664
3179 1301
858 8480
210 8824
372 307
1408 4099
718 9215
2817 6402
5602 3597
8158 4379
7210 589
5715 4394
8567 6875
3944 7969
408 2447
1510 9241
7969 8594
4087 7845
2182 7770
4196 3982
3215 9088
4532 8171
590 867
5816 5562
9296 6262
7127 3733
8890 3555
3665 8551
1095 388
7397 3269
5526 6436
594 7830
2504 5975
901 5289
7561 5579
9083 807
822 4859
2456 2555
8614 2026
7339 1800
6650 5823
184 3691
2657 5320
6101 972
24 5139
309 3163
9387 7185
7747 6566
9461 4649
6202 7388
3960 3301
1537 3334
6453 6742
8869 4740
7797 1331
7260 2643
2987 6364
1982 4398
5515 2354
8321 1315
6863 4238
4312 6690
7253 355
2268 1231
6639 794
4050 914
9240 9318
1657 5037
5040 6955
955 7811
1664 2718
7513 8242
4246 9123
6930 562
6006 6433
511 8886
7094 1253
5835 2606
9931 486
1975 7945
4113 867
9807 9915
1307 6179
4167 3719
7255 2012
6737 3291
2644 461
8854 7189
8177 360
2187 147
2972 8014
7740 1102
9407 7139
4081 9162
557 7693
732 8728
5640 3242
8417 7671
6065 1230
120 7854
8147 8374
1773 5303
3509 4442
581 9499
4961 398
2481 1117
6455 1405
1029 5157
602 7755
7416 7406
5108 7868
1369 8260
2811 2409
9428 187
8576 5160
7202 1483
197 9233
4998 7593
4837 8497
1882 1589
1764 9982
3875 3424
4464 4757
1603 8523
1828 2116
745 9634
4223 4490
1237 796
6427 542
3650 5454
5252 2481
6450 5006
5110 7806
9532 4138
1920 6210
7409 2507
4135 6840
6068 8600
8855 4526
8434 9933
9355 5748
1528 5343
1216 2954
4910 8811
7563 9531
4294 1301
5561 4804
5356 3889
5177 9947
2225 6502
3194 8416
3970 3498
2875 1514
7509 6669
8640 7062
5264 1409
3290 3496
9348 1658
2156 3347
7299 361
6223 6398
1039 3151
7241 2729
3866 2944
8195 1725
9139 2787
9807 123
9329 6335
8708 8338
5797 2128
4405 1893
5344 8129
330 3784
5938 7114
5408 9202
7718 9343
8267 8874
9169 6155
8560 4546
1938 145
5230 1735
3202 6912
2435 9697
4352 9280
3071 5736
1858 8515
2641 7024
2086 3197
7447 8483
130 5609
562 5419
7048 234
1906 8709
4210 6884
283 7780
1074 9684
2258 1872
2615 7654
5489 4440
6825 9006
6993 8845
1288 756
5986 6643
5862 8282
7195 3209
3986 9336
6637 1066
4799 8542
488 5696
5817 6049
1337 8860
1720 8020
3647 1426
4793 6161
887 1241
3648 179
9872 8614
8677 3842
57 9915
2547 7042
5514 2880
5580 8087
2618 4855
1814 3104
3611 77
9082 8653
2972 914
2853 8062
2773 8673
6332 7522
2438 4270
6464 8640
5441 2362
8986 12
2284 3826
1583 3503
9179 5411
1637 3515
4363 1029
5156 900
1088 4174
3330 4734
1461 7102
6798 101
1834 542
7498 248
1840 9038
3648 6647
2254 7512
5004 3900
7155 8562
4308 8984
6877 5963
9933 8938
3838 1472
616 8572
8938 1155
1031 9461
2407 4841
3036 9207
9701 6991
1379 7757
255 2701
7346 6442
6411 9279
9002 8331
3113 4475
9699 8764
8850 1735
4386 1795
5071 8213
4824 7754
8601 1379
5771 5363
1936 7735
9869 88
4956 1649
4017 332
6995 4207
9549 5755
5345 8455
9546 2702
6357 5818
9637 3999
431 284
1795 9886
5510 6958
8757 5911
6197 1567
4534 9927
7407 9819
4353 1635
2169 9230
8885 9103
5911 2156
1475 5119
8783 6118
3657 3261
844 8107
9601 6331
4363 2083
7379 346
6300 4308
3271 8149
2463 4424
3014 7183
3467 5405
7733 1187
3647 8047
3509 7018
3596 7582
7102 7974
6348 2036
2785 5921
3562 5670
9413 9741
2829 6788
2530 2497
7833 5695
2159 850
2417 6922
1158 7804
4168 2365
3032 2990
6244 8549
6285 1250
7474 9051
6965 7194
1841 7286
6957 4069
4913 1055
4889 156
6525 9905
2452 6926
802 2260
8580 6203
9920 6121
4928 704
2973 4135
8506 8993
5697 4192
9107 4424
3445 378
8840 1499
2771 8339
4160 3889
7151 1345
5017 7039
1938 1565
8698 3656
5375 6869
3316 9325
2338 135
3056 9980
4749 8567
4366 3182
3186 51
7085 6729
442 3026
8316 6194
9069 3501
6702 8682
7508 7567
9204 880
5493 6976
7339 1388
3652 4240
5819 8971
9464 3362
8655 3966
1995 4387
8631 6291
8899 3052
3321 6720
7908 5291
4095 1316
9436 6074
9424 604
4275 8969
2959 3380
4877 7149
9925 7873
7530 4261
3777 7885
2957 7654
6700 3798
9598 231
4377 7116
2744 153
4483 3204
7541 6339
5744 7232
884 7431
9493 1261
6698 7997
1452 3030
2079 9566
7560 1276
6585 9120
4540 3731
3940 5710
5093 8874
8460 5568
1038 6809
8132 6029
9143 7142
1270 7110
1667 7584
4704 5390
6614 4291
188 7687
4807 693
7220 8628
4024 1144
1085 7454
5444 4709
1033 6296
3416 5422
3147 1180
3954 891
8592 239
4343 612
9635 4531
5805 1577
5689 7186
1161 9059
2066 8613
4814 3544
8077 8725
5163 4199
3753 6227
7967 5450
8379 5463
7946 6550
3815 2382
3721 8386
2410 568
2797 5073
9846 8810
8157 4171
3245 8778
3210 7553
9545 2004
8562 1413
3850 1246
9450 9547
320 3460
2614 1363
9967 7048
8171 6551
885 7331
5295 3120
3427 2143
3387 8524
2749 4887
5964 7572
2741 1809
1923 4977
9618 4957
7401 408
5146 56
3295 4942
6913 1404
2429 1510
6299 8783
733 3732
2417 5262
9469 6996
923 5849
8333 259
3322 4473
3341 7270
8355 564
9810 9437
9335 4747
3071 6120
1497 4561
5463 5074
5536 4534
8231 1219
4207 5672
6077 8946
2510 6918
1785 5924
1357 9462
8006 1955
3136 5122
994 4302
4474 1920
7786 8664
7260 5875
4970 5029
8634 5849
8080 2884
6994 2580
697 5891
9558 2071
7730 7638
2667 384
8013 313
2605 5989
315 1898
3229 7999
4062 5446
754 7314
4601 9823
7518 1254
8322 8528
4079 7962
2443 8053
3392 5947
8995 7423
5259 4582
2390 3478
3666 1789
6298 5616
3887 1121
6140 8352
7928 3335
8394 3022
8197 9863
4711 3197
4424 6714
8004 3800
8610 8218
446 6983
3571 7999
3778 1967
4976 5263
7874 766
6147 5721
6160 2391
792 5870
9881 8666
9521 1766
4036 1623
8266 1401
8048 1139
5996 1048
2730 3277
6751 3814
1998 2786
5495 1168
987 1245
6028 1742
1162 973
6090 5664
8163 5045
4438 4247
7689 657
639 9064
967 7229
9304 3772
4554 6678
9469 2166
3985 8895
2420 1208
9229 9642
41 7843
5365 4352
3097 4189
1923 996
9558 9021
6723 1963
112 5601
7739 5558
299 5137
7527 6682
6666 4624
1735 9979
5132 1186
5970 996
9023 1772
8190 891
3433 4150
8218 7933
4405 3471
4526 136
1505 7864
7173 9907
1807 5659
5359 4836
5279 9749
2521 4731
2940 5768
706 9826
9928 6036
2900 9647
3971 7406
4558 8119
3931 9684
8251 6079
5318 1359
4101 4585
5225 7480
2913 5533
5134 2564
4236 2231
7605 968
9031 9749
5244 3075
2291 6076
983 8342
3384 3483
9516 7264
9432 8268
1407 9244
2633 7489
99 9924
4574 2607
5906 2156
1173 6863
8035 7143
3620 4503
997 8167
9089 4209
2569 631
131 5403
536 4382
3195 5101
1721 5047
4005 3070
5998 7686
9594 6977
6026 2008
7196 1248
1319 5792
6872 2094
9486 284
3041 7548
7292 6828
7127 5399
4116 8363
1168 5394
5239 3351
4780 3407
5287 460
9747 69
3239 3923
7052 2572
3078 8830
6897 3083
8112 3301
4580 3508
3101 4545
8325 9884
7860 4632
5830 2430
4490 5856
8186 6224
1722 1891
8935 2519
5717 1233
8027 8309
7626 7149
6495 5067
7189 1425
6212 4374
9877 586
8015 846
2870 4124
5898 9485
1724 9683
2564 8258
2022 1478
3682 2518
8467 2369
8910 6564
4347 5378
5823 120
7847 8467
902 2866
6406 7508
6545 9997
9479 4196
4634 2870
7798 9224
2164 7517
1848 3124
2707 8376
331 1902
2259 943
6966 2828
5897 579
2999 17
8201 1524
3515 9149
636 8036
6110 6898
1835 6456
2977 6751
7683 1622
6187 2194
9170 786
4717 1609
161 2670
9582 989
3758 2920
9430 8311
9703 496
1570 275
2759 6128
3698 9178
7380 6480
7766 1081
4912 4610
22 7805
9204 5613
7342 4217
9652 3926
4431 3559
1302 1475
7507 6943
2907 9463
7175 2652
8272 9856
504 2064
7119 9855
5443 6063
3452 2164
6444 6079
3361 2278
5513 3265
9545 5748
6247 6554
6503 7618
6174 1393
3921 6934
5365 2418
1257 5612
2328 3256
4700 8272
9517 7015
3937 668
1015 9734
4672 8004
8735 1465
7820 9464
2303 8370
4426 652
7818 2665
8649 8216
4447 7302
7320 5506
8430 8748
397 9099
3634 2405
461 4704
7073 2735
3403 1735
5251 3319
7045 1327
8497 778
4637 7944
3696 9032
6107 8785
7455 8899
8821 1410
2373 9344
6256 3947
743 9997
952 10000
991 5154
9118 275
8161 3780
2510 7403
6270 7003
3767 7277
2026 6240
1565 3976
1622 6004
9419 3662
1803 911
8982 5546
7762 480
9849 2388
1381 7555
1218 8205
3362 6281
3190 3062
3734 2008
4988 7022
2805 6980
1609 3583
4346 8638
5370 1105
106 4215
3678 991
3952 9183
3255 4392
3705 1416
738 1005
8838 6998
5540 9289
1839 5292
3483 9280
5632 2724
1017 1297
8486 2737
413 658
6088 9808
2110 7272
5303 9464
5196 2570
9908 9714
8760 8349
6426 2820
7531 2440
7484 1596
7695 9893
4133 4486
7155 6508
8701 4338
9934 1057
6476 9549
56 3975
586 9836
7141 3982
1788 6953
8226 2355
6032 738
2083 2324
8373 2563
211 2319
8458 5429
8234 3223
580 5314
9987 8435
7065 1983
3669 4056
2530 469
5858 9889
1293 2617
3782 5899
2365 5870
5233 8369
9828 7795
1009 5537
4819 8983
1496 7694
3243 8666
6148 7736
8481 7215
4262 8713
8638 3937
4708 5888
8182 6553
6444 5169
908 3061
4750 8271
7106 9646
3772 8159
1216 4759
625 1800
8220 1187
5302 7053
6540 9615
3613 7223
9723 1140
1578 8607
450 5068
6714 6231
7923 2300
123 5784
2168 656
9636 5554
1098 1907
8696 8173
6581 218
2811 931
6569 6661
1637 9705
547 2289
4590 8595
7239 1066
7366 5078
8830 6296
4447 5077
9512 4057
6886 1305
473 317
4138 3453
5763 7310
108 9778
386 6928
6003 5846
94 3015
6368 4410
4263 8254
9988 6128
2575 5230
8529 1618
135 3746
6902 4356
2197 3973
4392 1756
2163 9757
4418 4251
5674 6026
3542 3115
8892 2518
5507 9139
6946 8971
548 6342
3438 1211
8334 1198
7645 4560
7570 7567
3590 4958
3308 9503
6263 1589
5550 5872
6731 3193
5247 1775
4317 6782
6713 4698
783 2102
6455 4342
6428 5878
2915 7315
1535 1061
1248 6024
5522 3801
3504 5239
857 4727
5295 2731
7701 50
3061 6612
7870 1376
6859 7385
6556 7317
6036 697
2599 3259
7195 5967
949 1862
9732 4956
2496 9423
82 8086
4344 5751
662 9975
4574 3857
5573 3014
8544 3235
9699 2228
873 4253
1161 6646
444 2235
5195 717
4497 1535
748 9294
5775 3918
7070 371
499 1599
3313 7162
6991 1213
660 8304
9205 1577
7090 1947
3398 1040
4713 4760
2385 6869
7305 2157
2482 2832
4353 1001
29 2565
9798 6333
3079 13
1486 3001
3833 2271
2955 1784
499 1280
8453 1112
1208 5598
4539 552
8358 5408
8040 6417
7333 5713
5818 8426
8462 7519
8337 1747
2306 6902
1978 813
4369 6530
7333 6985
7985 1304
6545 6471
5786 8272
8971 6371
3715 823
7076 8731
7856 6557
909 6204
2589 9048
9940 491
5858 2551
5132 8807
4896 7242
1265 9768
3935 3363
6216 3736
9777 4289
4652 8144
6244 8041
2319 6573
2829 5538
2489 2268
4332 7618
1547 5702
6840 7390
7472 4704
2580 1443
9592 8464
885 9216
2009 6148
7112 3238
7821 6333
1633 8855
5607 9172
6302 5788
7684 1016
956 8293
1713 5656
908 186
4184 6092
2943 1273
4855 9439
3761 9753
8533 6364
7351 5155
1799 591
2407 489
3645 8758
7877 1489
3177 6592
8857 1085
3464 9580
4807 6230
8248 2014
3948 9947
1786 531
7790 5097
5650 4255
4384 4598
9138 5013
1614 6900
766 3218
4119 5008
925 8269
261 9680
1405 3119
1977 3635
8244 7762
2593 6070
6278 774
5156 5355
4023 1145
3341 2897
3815 533
83 9609
5517 888
4736 7818
8948 4113
7076 6534
9442 8085
1207 7527
9701 7163
4929 813
494 1258
5009 2593
370 4411
8876 1246
1326 7451
3016 7552
5739 8850
7838 3815
7714 6263
499 6678
8264 4664
8383 1807
7943 8592
585 3673
3562 3341
8537 2433
8579 5324
3901 2648
9440 5654
5924 234
3069 4824
7673 2680
3722 8984
5880 1212
6462 6239
8535 8878
8901 8499
8343 5041
262 7769
1064 9167
2820 9747
2269 5861
7492 5443
7336 6703
8851 7411
6637 4956
8667 4831
5876 867
4850 98
1570 2199
760 7790
8313 683
2396 708
3248 2282
7443 7996
3813 8364
5826 8484
770 5511
1028 5976
4143 2855
7454 8275
8280 8968
4020 9039
8529 2847
2215 805
4716 7217
9615 1435
8905 9351
554 9764
8181 907
2045 32
3699 7631
6912 7954
1101 74
1066 7176
8500 9032
4151 4237
3877 882
1440 9198
6495 107
7966 7737
9582 6133
5669 3320
6186 9572
3850 5370
1655 10000
9868 7287
5081 2472
1805 8464
8017 4736
4256 7852
3111 9832
3935 1038
4156 7738
9290 3089
8769 3767
5768 1959
3179 3821
7454 579
1799 227
1963 377
5005 2844
9490 8663
1493 8831
1012 3748
188 7975
5593 7260
8963 2180
5102 9746
670 752
8521 8416
4548 6329
4388 6100
3996 4919
8979 9683
6015 1569
769 3927
254 7948
3148 1491
6314 5957
4247 7979
8834 4182
7778 2104
8429 7612
7689 6987
5272 3068
4001 2466
5081 3718
3182 3921
7296 9826
8317 1569
8304 2293
3422 285
565 3463
615 1231
7054 1374
2996 2249
9747 8068
6706 7511
1519 7352
5434 9984
7340 6914
2078 1
9444 5717
3019 5433
2742 7179
5839 7159
843 8649
8498 2273
4783 143
3682 2343
7868 8267
8728 3650
9903 3620
1868 3099
1640 5338
6731 2325
9500 4725
2609 5362
7829 1361
3680 4377
8541 5675
5125 2174
6872 3252
7824 1467
8043 3209
5961 7479
8550 3049
2905 8515
8124 909
9314 6364
592 6138
7895 8443
6498 9293
6572 5303
4666 6406
2127 1720
5461 9849
5710 7310
8531 7420
3755 8714
216 5414
7481 4613
5418 6068
2290 7793
6767 5227
205 1480
2334 1511
3817 2692
7286 7172
1524 9616
9153 836
9822 1895
2620 1767
6008 7910
1201 781
8701 9050
632 7104
708 1799
8753 4006
1261 4217
5725 3056
1933 6425
9442 854
3381 479
8827 8871
7004 5746
3303 7034
8354 1148
3585 2162
4224 1354
2143 8158
8462 2240
8922 3174
8131 8034
1373 5053
6317 6508
3106 8122
3606 7346
4386 3976
6844 2838
28 8042
1281 2296
1142 5083
6251 6415
6610 9389
6715 8667
4942 298
7912 253
5498 8802
721 2135
1148 8376
5158 3105
5678 4686
1932 3492
5050 1361
3277 7252
6259 8256
9853 1545
3959 4749
1062 9939
9403 5483
680 4558
1820 5041
3882 221
4697 9824
5219 8253
3992 7349
3559 4495
8263 646
8008 7374
7472 1274
1059 4197
2674 3008
1740 9773
614 3487
760 9836
4310 668
2035 8495
3160 7210
7614 2676
1778 4531
6944 1951
7775 4432
9770 7557
1099 9100
8969 2638
3714 2697
7605 7965
1056 5603
3149 8259
5694 9458
9660 2246
7941 3890
1642 5389
9077 3033
9810 2416
9844 1567
8275 268
5218 5783
5794 1986
8428 3347
5105 1776
9525 7214
8510 6550
351 4049
644 8945
6744 3441
5459 2623
7652 308
7408 3288
3243 2617
6482 2809
3633 1809
3877 2840
1832 5861
1705 3881
7155 4815
2622 7846
8604 320
2332 8269
6337 6592
829 3536
2063 2655
582 5827
3426 8651
8744 8263
9662 8783
4414 4310
3479 18
3036 9672
5653 1570
1564 323
4389 7387
4524 3182
6936 8883
5367 1155
6796 9505
4725 7634
4205 2964
2950 7108
4962 6822
6495 22
8320 3835
8447 5235
6160 7778
6618 7614
965 9293
6566 7604
7246 1011
781 6226
6288 9137
5048 2681
1814 8443
2220 5605
9336 9801
7649 3779
4534 1338
2174 765
3974 5899
6976 6579
5388 7221
3781 3494
4074 5369
9755 9320
289 2305
4571 3626
5673 3916
807 7790
1868 6505
538 5116
2349 2686
5984 5446
9014 5085
3522 4832
7290 8194
1945 6995
7344 2164
2553 8845
4115 9707
6238 6369
9253 7891
2867 8320
524 4604
5200 8984
7801 3128
8426 1606
2557 8990
2816 6749
9515 1194
6416 5240
8729 5760
4145 9175
2242 5002
6978 5910
622 4680
2961 4561
8771 3911
7970 8478
5345 3330
5331 490
1157 4590
4801 7668
8102 1563
127 6240
4580 6788
9300 1951
5853 3189
7783 8755
5521 3425
6547 2096
9790 2062
2485 7870
4803 5965
6273 7802
3194 3307
1020 2618
4461 6862
9837 2007
5318 8599
5074 4866
3828 3034
5096 8576
8176 1968
2999 2088
3331 8465
4257 5497
7244 7376
3266 1248
5774 3544
7819 5509
353 1542
4764 7161
8929 3965
8800 9110
2612 1063
1429 9322
9295 774
1336 9460
6461 7742
7333 8374
6878 5797
4503 4424
4095 5694
501 5429
584 3260
5188 6310
71 1928
5304 15
8991 562
7069 9662
3176 9389
6722 9822
75 5575
2152 9613
8638 5977
4546 8826
8154 9733
7076 9088
1101 278
2349 1479
5885 4036
1641 258
7893 6923
2226 2325
4191 8305
7803 4221
8572 9429
7301 3343
665 1221
7379 5287
416 412
661 5724
7497 2469
1419 6905
7538 911
3593 4375
7983 2913
9777 9687
6761 9185
5538 4976
8935 1036
484 3047
625 9211
914 4825
1884 6961
8641 1852
3097 1877
2295 8019
4295 7933
3345 5503
1288 890
4650 3801
6156 4545
3759 9252
3783 8192
4332 3657
1615 6108
5273 1633
2674 1465
4588 6561
2377 4594
3853 5694
1325 6416
6447 633
4365 5724
4701 2549
9878 7402
5629 1560
7770 491
6350 1961
6421 6033
1151 3631
6109 1504
6710 7239
4416 3756
1305 752
4171 7048
3778 897
87 9416
9946 3105
8753 9566
5012 4753
7796 2175
174 879
520 1216
9638 847
9041 3665
9661 7743
4081 6578
6816 4870
6189 6416
2674 7058
7923 7490
384 6340
1303 1113
9477 2079
8867 9000
6338 2997
9969 5240
9409 2186
6921 7595
716 9432
290 9332
2103 6026
6417 9354
7949 7984
8114 6910
8223 1206
5123 8798
9086 4207
1477 1844
7651 899
5597 9525
8954 7814
9786 942
3818 5854
3650 7481
5584 8461
7928 6990
876 5997
843 6369
2084 3216
5256 2580
9007 717
9435 1743
2588 4781
6859 6093
2361 6910
313 3000
3811 4264
3075 4491
1627 1088
6109 8783
9385 9211
1685 6680
96 7249
3218 2804
9166 2446
6614 672
4847 5654
941 6003
4351 2919
3220 6433
9539 76
6632 6136
9002 740
8220 208
9521 373
3000 785
4292 6090
6005 3530
8906 1002
5540 389
8421 156
2538 9707
8927 8871
9158 5629
6062 3663
6943 312
3501 440
1154 3581
8307 6214
6803 9253
5055 4007
4130 4012
4056 4960
1218 5901
9287 3758
3519 14
3778 9020
4851 9012
9099 468
9005 9770
8504 3114
2703 792
1706 8781
4591 6105
7725 1651
6101 5183
3680 4779
2832 4801
1981 3760
3280 9376
5452 9266
3302 1113
6846 6304
3424 8145
9839 2492
3822 357
1557 3189
8667 6174
7072 3215
7160 7751
7089 6951
8244 3967
721 7104
101 3048
1576 6494
1504 3415
809 5300
7307 1973
9809 1258
6722 2486
8034 4689
3401 6144
6676 7921
8007 6753
667 3134
7807 2367
6734 2018
5201 3601
6797 7720
8729 1525
2851 3582
3484 6023
5090 2123
615 6862
4465 9858
6087 9251
8099 9431
833 8582
3104 892
1553 3440
2422 5890
6403 9439
4334 3236
9107 2358
2159 6736
5447 9378
184 4192
3534 4729
3193 8047
6073 9518
3134 9882
7942 2148
6731 9443
6904 3431
5440 5174
1606 3984
3224 7097
5868 2405
2070 7592
7229 6462
1326 2488
7427 1667
9893 4543
3093 2647
556 1963
5412 8127
9357 195
8161 6896
5264 4066
1653 1908
8923 5746
1328 4683
7191 1010
3716 6435
1206 6009
9638 5203
4991 3943
7703 892
5004 1343
4085 4566
5374 3878
1062 8513
3293 7984
129 535
5157 8114
9383 2187
8345 7069
8610 57
9912 9424
6949 5944
8809 5875
6169 4056
3590 6888
7525 3710
5308 1003
5116 4252
1344 5057
7962 4885
7631 5708
9872 1477
8284 9137
3790 4381
6328 2070
6441 5527
2699 2428
4286 3782
7127 8420
1956 3163
4611 8750
4201 6553
1217 4675
1294 8145
3487 1004
6940 6041
6978 7416
707 1875
5581 2773
6458 6661
4299 8036
592 2288
9456 8202
780 6812
1405 3041
1158 6484
1890 9223
8581 2374
6273 1176
2940 7294
3106 5141
2441 7993
2532 5012
2299 9482
750 8887
7290 4914
4372 3130
5903 2410
8622 5596
2207 7610
7324 7482
467 162
8371 6899
3012 1926
4252 1046
1830 1866
3710 7864
3753 3357
798 7050
4152 2481
8962 886
3894 2060
7866 7354
9264 6498
9384 5240
2539 563
2137 4600
7526 1514
5514 1164
1562 255
2680 1826
3179 1268
9037 8401
4159 1262
9279 8935
1997 9644
9199 6917
382 6539
1132 1355
3039 9576
1833 6353
3291 2285
6180 9374
4372 2038
6175 682
8830 5968
1935 6974
6296 9752
877 470
6423 6736
3030 3481
7829 7322
825 3263
7926 5966
9257 7538
5840 6384
6097 882
8663 7824
2782 5444
6823 7318
3472 3652
2514 3962
8907 26
1491 1461
9613 2810
9016 6319
8290 8759
7232 9110
9360 4804
8729 6347
2967 8733
9132 4749
5239 3371
895 6051
7804 647
3589 8441
5220 3876
4713 7935
9297 4841
3211 3524
9850 9055
2935 6280
8970 4828
9386 1857
9217 4905
2306 4312
5857 6382
1444 6573
3150 4742
3436 5878
4299 1314
326 4642
1605 6174
8737 8216
5989 2716
853 5078
1267 2790
7191 9810
5725 7878
3348 8295
8416 5214
4953 801
4377 4726
9156 1934
2325 4179
9743 7356
4166 7868
4103 2464
6981 2374
3809 5579
3042 6117
2810 1674
9126 4648
2543 4334
9940 4220
1066 6561
3416 2683
8460 8113
4916 6401
4983 9210
6629 2975
8565 2230
8564 2546
2187 4027
744 9178
1322 3407
4222 6666
4232 9664
6084 2734
9002 3152
4115 3546
3859 8255
6985 156
1073 7246
9720 7202
9786 7514
8560 6869
1561 1478
4772 8327
1651 3231
364 9644
3299 9434
7152 9672
2556 5510
135 5028
5101 3721
4232 8502
4980 869
7822 3131
3754 6842
8255 546
2754 1925
1136 935
9808 2459
3054 6274
5396 9729
4006 3392
8127 5016
9450 7190
4319 1442
8769 8041
3383 5320
515 821
1438 1830
9760 9554
1806 618
6481 2513
9625 2604
2682 6025
199 8851
5640 2974
6572 8873
2727 6920
2995 4842
1696 2978
7660 8768
5281 9108
2488 6191
333 7909
6670 9587
1558 6632
395 6731
8827 6113
4344 9530
6025 1454
2946 9343
9511 6535
383 8280
5331 2844
2735 519
8337 750
7864 2304
8915 5103
4105 7843
4400 6147
3201 3075
2040 6961
4548 2687
6814 5564
67 1268
4329 3546
7168 8400
8468 9053
8028 2903
7101 1194
46 4531
20 1536
7018 5420
1877 2482
3056 3315
8132 9542
7198 6226
5011 5945
7651 1915
9625 4108
8956 4339
7547 6228
4054 4828
8261 8343
9518 6107
4691 5936
5229 2715
4003 7847
9053 142
5358 3553
8615 7947
9101 5036
3561 5850
9544 3296
5986 9626
2832 5649
6009 4834
4864 3480
3118 3057
6771 3540
5586 1286
7525 9901
591 9849
9702 1657
7639 9780
7580 8684
7389 9267
2535 7193
8546 9601
3060 5931
8083 3424
3979 6197
626 6823
1939 8902
6301 6189
3677 9659
1859 995
7816 4920
5407 33
2478 7355
8557 7661
8739 6173
7434 6578
5741 6036
8199 5221
307 8263
7538 7802
876 5823
2037 6278
6396 2165
1162 1291
1331 7205
7059 1895
5269 5782
8452 9174
5091 5110
8478 605
3836 5054
4215 8250
2725 1426
4232 3500
3476 8658
9215 7605
9178 4135
452 5232
212 1987
5684 6323
8395 8190
1067 8477
7321 9173
7669 7192
2195 7205
5121 9637
5424 6110
8211 9514
6531 5582
5744 1194
3897 9600
6199 1115
7173 3742
7107 3977
1353 3637
5221 2520
3558 2051
4863 2365
6314 3028
1459 7256
8813 924
7079 4802
7690 4346
644 1013
7669 3502
9012 3994
534 541
3867 6974
1497 1302
5502 3358
3597 6101
7271 8441
2881 175
4159 9920
3893 3035
4608 3141
6962 1031
3249 2005
8443 1085
4275 7005
7818 5398
7698 9372
8481 2052
5118 5543
2339 893
962 8784
59 1469
5744 1487
2003 8240
1256 3994
6369 2823
294 9917
1291 4570
6410 8007
9572 800
7948 1579
1873 2355
3781 2864
5097 4339
6756 4373
1415 6649
8647 4292
482 6237
81 1084
338 1434
6137 6971
9039 2975
1915 6543
2642 7505
550 5858
9592 2164
2614 7977
3036 9772
6411 6758
754 3947
7079 8701
32 7360
4353 4315
8015 9968
2429 6282
58 989
1851 4620
181 7976
5407 3331
9233 8722
6611 3881
2218 4309
4495 111
5699 7371
1548 6506
556 5339
7509 4103
8415 6677
2212 2354
7108 9075
9955 2506
9339 3203
8219 5318
6892 7440
2029 1140
4366 8172
1077 3709
9890 6139
1024 1850
1224 7600
7463 4568
6277 5106
9900 1452
6765 3545
6500 2378
6389 2586
6215 4126
2190 3232
7346 6709
2509 4631
763 3025
2057 8072
175 1298
1668 326
1021 1673
8881 9213
5407 2552
4087 6675
9615 5079
2621 2932
9951 5709
815 5853
3189 5044
8780 7351
2880 4805
3435 870
3882 3776
9099 2000
7287 7019
6446 9935
6747 759
8289 8768
8010 7190
7755 3548
4008 842
382 4858
3253 2121
7451 2035
9737 2428
901 1898
1119 9409
7146 6860
9336 6962
3246 3737
6400 8899
4265 751
78 8378
7077 8944
5714 3419
364 4012
7035 9416
5496 3129
1713 8449
9311 2682
8729 9422
4038 351
3068 2609
6750 3130
297 415
4753 391
8273 8794
8037 9675
8885 5273
3812 9024
2095 6663
956 8980
1393 9748
9289 2609
8976 1497
5580 2833
6619 90
80 3661
7098 7370
2819 5657
2096 6707
5541 5297
3421 4231
668 6168
1520 4067
1723 6476
754 6872
6547 486
4283 6377
2859 7042
1170 7982
1039 1826
3111 6860
6324 3652
3533 3353
2107 8720
7382 8916
9473 9222
9933 8831
408 6233
9253 8350
9132 5356
1580 9094
5250 6426
5612 9222
7650 2079
4701 1257
7917 8626
9638 9096
1680 7784
5863 3296
7393 3742
7766 792
461 5701
131 6622
7150 1568
1278 1907
7818 8920
9270 1144
4641 2370
6904 4173
2383 8878
9533 3263
9801 6173
8197 388
4121 2398
4226 2756
4779 1272
990 5398
1668 8588
8829 4234
3032 6060
4838 9945
2105 1404
2236 1548
1988 1399
966 5404
3775 185
8545 7585
7528 5507
2794 379
4145 3932
2293 6097
4650 9961
6996 4600
2059 6077
8258 4882
8 854
8543 4051
9365 1771
9813 8642
8066 2782
6670 2183
4869 2035
4624 1614
3656 3784
6402 1237
2167 128
3577 9146
74 6703
5659 8176
6200 4
3478 1805
6788 9331
6125 1660
9925 2975
3259 5144
398 2779
9787 2935
7516 3160
3611 8126
3256 9940
4375 4023
9737 505
5468 2678
197 4625
2762 8672
9552 3974
3147 9913
2259 2133
1450 3637
9504 532
6140 3540
8665 5375
8426 4407
2229 7492
6831 4480
7255 2074
9119 8945
2554 9946
2684 7733
4353 5479
3504 7107
4617 7458
8353 6887
4901 3366
3726 8993
1785 7676
5127 4873
1218 4960
2939 453
9368 5353
2551 6031
3904 7822
8058 260
2104 7015
6047 9412
4941 8338
9141 5434
9404 8933
5729 5757
711 3613
392 4963
4511 2428
6567 4174
8913 9385
7652 9266
8308 5362
9512 3668
1048 5343
3855 2989
4985 5275
3606 3057
8310 6923
3611 5720
737 2305
4903 6823
5955 92
5173 4527
4847 1707
8304 7321
9907 5277
3135 8138
8429 6824
6414 5632
8514 8530
1506 3842
1912 1155
9366 3179
5423 9141
5803 5132
7720 3914
1952 9206
1620 502
9846 5829
8946 8323
8163 7583
2659 4845
6704 5397
8283 1261
8855 3403
904 6304
951 8857
5467 4559
1383 9917
1567 5206
1090 9046
9912 2310
7123 8296
5969 5126
3083 9519
7512 4882
8922 1990
5911 1463
4149 6372
3517 1882
745 5016
1128 6336
6826 5462
2635 2286
7845 4749
7822 755
3070 8734
8510 3576
7144 8671
7787 8832
9916 1652
7340 458
8211 8938
1416 4355
9521 7422
55 9989
8643 1820
2721 1040
7647 5185
2979 169
7200 3574
1502 5804
7367 5405
3278 7322
403 8349
2495 2110
4783 1479
5641 8951
3458 4159
6803 2333
2244 4294
9481 7441
3460 5710
7882 8799
1466 425
8277 2649
8250 3044
9474 1925
3113 7237
6888 5181
3171 9005
8709 3715
4432 9983
9866 793
5791 2223
5565 3332
3068 7622
7949 6654
44 8522
6165 1630
9080 6008
4243 9764
6988 1648
2485 3933
1899 1860
7060 7318
6875 2206
4427 9986
5447 8803
9145 2426
3256 1388
5404 3997
9577 7148
7072 3738
6656 9688
6130 4588
2018 3969
4659 6350
6818 7
5760 5874
6210 1972
190 9931
4356 7927
5643 1117
2255 1526
4182 1179
8315 5924
1539 5762
7523 3733
2497 4557
9632 42
1348 9287
2595 9570
1391 4127
8285 6483
8200 6627
2680 9785
6725 2028
3175 7983
9579 827
784 5300
7497 4583
2181 4660
9660 2453
4349 7514
2930 7430
666 6978
5384 8768
904 1045
6198 3237
9395 5109
5534 7744
6149 956
3854 1534
6500 4763
5370 753
302 7377
6479 1228
4861 1278
3896 6628
3334 1826
5023 1706
4573 6108
2703 2567
1361 2206
6908 6416
9768 8514
9418 6410
5428 9938
7945 4676
815 2459
347 9224
1320 2251
4861 2699
2711 994
9057 7583
8342 7637
1867 5155
9447 8902
5342 7852
5906 7592
5120 8098
7854 2662
9198 4097
468 178
4045 7719
5649 3284
1096 354
3941 471
940 9593
362 8407
5203 9803
4236 708
1663 8123
1397 1004
1597 5845
2007 948
1234 8090
5498 210
5351 5426
6343 4218
910 8020
2802 4797
6733 9934
3307 8036
4125 8839
8973 9378
5412 260
7287 2463
5874 501
2210 3073
8642 384
2943 9192
895 9392
3429 6893
9923 594
686 5404
9890 1585
257 3744
6719 3549
2545 9431
7121 2362
3943 5741
9111 7426
2094 9058
7789 434
4355 9646
4656 7085
2286 3343
1688 6307
1311 2199
4733 2920
5156 5161
8970 3692
2474 748
9235 681
698 3629
6079 719
4687 4161
5244 8949
9056 6047
8758 4053
5779 1064
8984 9236
8470 4771
5504 8289
7462 5960
5881 9456
1720 5666
7945 8060
4518 5088
7218 5887
3539 6587
5201 5583
3677 1719
9154 845
9380 7702
6228 7399
7587 6950
3160 3195
6196 2092
1008 410
5569 593
6006 1947
4299 5413
8113 3974
1648 9559
2815 4209
8886 3111
3975 3633
8352 616
2013 6093
4915 9540
667 7782
3493 9825
6445 1669
333 4279
1003 6553
8487 62
2435 9514
4011 3079
5270 3343
4553 1421
3551 9031
6924 894
7571 3631
967 2907
6197 3453
4177 1236
95 4560
448 8348
8124 4233
7038 9324
8925 664
2997 5995
8694 2104
2329 5019
620 9774
8261 7769
1850 7783
3479 3494
6412 4997
431 1306
6789 4697
9452 4245
5645 3842
8491 6641
9962 5579
7882 8547
9581 53
4534 1838
1119 6792
6248 3344
1405 2149
1498 2939
5916 1252
7588 4442
9693 9882
2204 8253
8252 6595
8783 9095
6179 2786
2736 5487
592 8800
9240 1699
4086 5862
9651 2314
1861 5105
7902 3534
1794 8107
4746 5884
3035 9867
4275 7558
5849 7353
3885 9752
1278 9092
1760 9610
1647 786
7661 4432
7703 9321
2215 3040
6649 9913
6410 5333
3576 3217
3400 1592
3245 4141
1749 4305
9222 4131
6855 2202
7562 3091
833 8009
2847 6095
6754 3996
2766 3607
9412 6668
1536 2772
7968 4596
9790 2203
6108 5030
7787 7904
7866 7241
2738 7849
8758 7133
5314 1386
4876 1513
18 1639
277 7783
496 5306
3936 5345
9746 5174
4061 1500
2210 5359
1570 4454
6938 4064
9112 7981
7532 672
2185 845
5561 9488
4676 5347
6576 6675
281 6083
3572 7136
1993 4993
4755 3695
8032 1572
3261 9565
8398 1173
8320 5821
1679 2170
2049 636
4421 6269
7644 8817
3558 1971
7799 4753
9150 224
6476 6069
7946 6107
7542 6739
8722 3841
2026 1096
9397 2400
7305 6094
2133 275
8712 9466
932 5708
8666 9491
8157 6456
5989 2116
3321 5284
722 7079
398 7815
6399 8470
9204 8507
2975 1608
7680 4016
8318 1757
3349 8615
1120 6924
5750 626
4722 5830
9624 8146
5037 80
520 5440
6577 3179
6939 3994
190 9575
8359 4440
1998 3357
7309 570
7607 7764
1095 9667
6750 7595
7342 8098
5210 9822
575 9352
3586 6897
4209 5942
819 6294
9612 9584
1509 6401
7822 9084
4873 9303
2222 7074
7713 3052
4140 88
9050 6870
5045 1373
2687 8106
4974 9891
8798 7996
4198 6826
5391 182
5222 839
9354 9283
6865 3654
7484 59
8004 5007
5493 4172
4424 4303
7227 2048
3809 3071
6946 264
5712 9713
8380 8357
6071 9536
2717 308
1056 6010
8150 7082
7294 1472
1560 754
2005 3171
6589 9471
4889 3278
9064 7449
7251 4753
7866 3709
4689 2103
3268 9872
9673 8359
4568 7976
3186 9765
7541 2369
671 2894
1659 48
4487 5299
1357 5729
915 9994
4620 7642
5573 6406
971 608
8599 6530
6455 9307
5078 5046
2479 166
7565 1579
4479 6340
2978 5868
7871 8293
6327 9429
7750 6426
6045 1964
4949 4620
8640 7400
1770 9521
2837 1399
4566 9880
7217 2730
747 497
6978 8018
7293 7143
8835 5403
4634 4407
3015 7232
8200 1176
9123 6733
9412 9364
2393 4667
17 8321
2704 2160
1350 3862
5075 4647
908 8689
2431 2602
5354 4583
9345 134
7410 917
4881 153
2345 6945
7811 692
3766 1451
3857 4390
2369 9659
4572 3778
950 8446
473 2060
1668 6588
6948 4547
5715 9612
49 8780
9324 481
934 2229
1656 4065
8328 1298
7833 9473
7868 8196
6368 9505
8160 5184
9426 7730
2627 8594
3336 2762
5134 1658
4648 4097
7854 8801
6451 6989
9294 8444
540 5430
2483 6504
3032 3833
9676 7483
2972 9541
223 1398
2999 7634
6909 7362
8603 9670
9517 3255
1790 7066
8928 8491
8831 5428
2724 8430
1562 717
8493 4975
3573 883
3521 1990
3927 9478
2658 7458
2350 3246
6062 3499
442 5149
8646 8732
1119 8011
6455 6300
1758 9588
96 2256
6281 222
6231 2669
640 8310
4292 4206
9360 6400
8568 2547
4827 1093
5530 70
1552 504
6716 806
7341 2991
2509 3393
5764 4033
5194 4657
1417 7645
1800 1461
4357 7484
7840 4778
7405 9515
7668 8132
1754 4114
7799 9670
7222 8866
7731 2371
8641 5863
4496 4363
1112 4516
9487 8562
3866 890
7797 7232
6928 4039
2774 9450
8967 598
8656 8065
5189 1250
4282 8619
8838 9812
6419 8003
5843 4356
7506 6381
8173 2638
8290 9299
5986 7208
6711 4766
1686 8533
4323 4153
4928 5132
5017 1609
7546 2721
1299 2016
8919 255
1401 7529
2301 3893
8949 3140
9258 9013
8839 3815
4866 8571
1257 2504
2514 8509
4129 9704
4802 9404
4345 3978
9869 4228
3610 1444
928 7342
3304 5063
8954 2435
5960 2215
8437 863
6864 6383
7829 8144
5003 2616
2304 818
6154 4128
5803 893
1403 8874
7429 8973
927 81
8669 2896
4162 8657
1820 4776
8057 5783
8169 1972
2487 5763
3285 3263
2793 5670
1566 1484
428 4896
5965 6571
1278 4232
5381 9018
6104 485
5866 9952
7090 6471
538 7086
4445 3212
4356 7133
8488 5079
3919 8086
1579 5762
2317 8806
7686 7118
5933 9188
8888 3489
4886 5227
8337 9944
7105 4980
2950 5183
2806 7377
1967 1418
1400 4627
5708 9881
8736 6669
1765 5678
992 256
7750 1912
5778 102
6485 5643
8476 8171
4736 3832
9510 3246
9816 6495
5932 7452
8540 3292
1354 2062
1264 2074
677 6626
998 5235
3660 4485
3755 3338
4081 2423
2856 3289
5459 8399
9406 2813
7067 1846
2598 4923
8265 2436
6738 761
9266 6142
5248 2681
1132 3781
7902 3322
2383 9384
4952 3941
65 4290
4853 324
4584 6238
2247 3242
6349 266
9966 1922
5106 3680
1963 2328
6700 1533
8019 2022
1025 5138
9882 9352
8104 3184
9556 417
2762 7422
4419 9455
6366 9023
1899 3339
2007 8898
5910 822
4218 2081
5462 4786
9296 5651
1955 1185
5148 5409
7602 2673
9926 4200
2524 6199
5378 6866
3480 8118
6561 9193
1577 9539
6935 6474
45 6849
9772 8508
2421 1740
9337 7692
2959 8294
5930 4385
4215 6934
5222 8390
1608 7940
8989 26
7505 1910
3073 2360
5411 1901
4492 1549
2913 6207
4592 9752
6185 3931
4139 2934
2073 4836
4445 7528
4200 3898
8417 7397
280 9463
8199 3774
6905 5908
1660 9038
37 5228
7419 7039
4887 309
2733 4632
7660 6939
9659 2944
8416 310
397 6510
5923 1265
7196 1312
1942 1736
2029 390
3164 8249
4391 8442
9099 1936
802 6279
2886 6417
8549 4866
2052 1516
5672 119
1936 4361
2262 1836
7905 7207
4920 1781
7380 589
8629 2770
8406 4759
8893 5616
5947 3506
9130 5921
1815 2091
2964 890
4772 8976
6931 4080
8734 2117
6419 4806
4060 6926
6355 6574
8676 4903
5238 1039
3622 3410
4462 8592
9031 7173
1144 519
288 1095
2993 1162
2683 2363
4560 4282
9766 5084
7883 3774
7088 5067
2923 6138
9380 2555
1252 6743
2484 4558
2506 5223
2881 2851
6686 381
3922 1059
7383 9110
7132 1837
1732 5020
4036 7610
8416 1517
5843 4764
3694 9004
6942 3515
3610 3789
639 5475
555 9290
6423 7484
6083 8839
6070 7156
8745 82
8925 2713
2571 9626
2125 1931
1945 9973
4471 9558
2807 1534
1997 1343
7552 9130
1371 5361
4694 3501
6437 2200
3003 3100
5980 7082
7404 366
3655 2844
9483 4033
6518 4793
4378 4380
77 1899
5104 9608
359 2573
1655 9866
998 2867
7386 1333
2644 1466
7123 539
8776 9333
3786 1314
1980 8258
3176 1647
7183 1006
7763 4823
7519 131
8484 4543
3105 3842
9167 3738
1745 7484
117 1797
9994 4571
1492 866
2032 6355
8016 478
7476 714
2178 493
6445 5194
9810 2915
6144 6615
3229 9348
1180 8479
9303 6667
5979 9772
8182 2078
7296 3890
6965 3259
641 7094
3706 1833
8495 432
1971 4574
830 6105
3665 9989
8157 8064
3387 4580
3900 4248
8114 8841
2743 756
2723 9014
2378 8915
9652 7002
9134 5633
5444 9250
1885 3299
5930 9309
4115 6089
1745 6741
6571 6516
4558 3087
1287 5266
8931 6072
4365 3517
4212 8021
9241 1515
5562 7811
3910 1059
4195 1214
9215 8562
7346 1665
354 4707
710 5596
3188 3639
5365 3586
2127 6796
5140 8154
3544 5203
7700 5303
4752 5322
9088 8115
4379 7377
5906 8072
8309 7057
5580 505
8276 6363
8926 6732
8026 5490
9322 5740
8061 9794
429 4702
9083 4888
6967 6488
7452 7569
7219 54
2705 5061
1850 8429
3916 229
2438 5785
6688 5238
2416 1600
7279 2596
6172 2445
895 3605
8305 9006
6606 5619
516 3267
4779 3560
6580 9765
7032 1060
7712 8431
7361 7701
420 6940
2292 8772
6665 6361
3245 1340
1432 6386
9815 8017
7301 8835
4834 6677
5946 1333
2525 7396
4845 6983
28 617
5778 6273
4447 5822
7088 2759
3896 6229
5754 781
4017 171
4636 9654
8179 8826
7272 8605
5739 6168
1786 1099
1064 8225
1241 7798
3533 470
7825 5535
6745 9015
5809 8437
2045 4374
9881 5863
5503 4112
9444 8352
2581 3848
5296 9112
6445 8760
5745 153
8152 4322
2701 1680
6975 1298
405 2098
4822 9742
8031 4861
6978 3081
817 9566
462 9704
6775 4069
3527 6519
1367 3267
913 9009
1860 9771
7489 615
2435 6329
4068 8761
3767 943
4548 3927
6076 8454
6553 2284
7682 9954
7608 2531
748 5641
1243 8361
7230 1358
3115 4043
8829 8882
2661 6498
5922 8216
3370 9922
2309 1636
6315 1264
5650 1673
4256 658
914 1170
7056 6619
469 2858
8285 4307
4693 496
8642 902
7083 2111
992 7126
2307 8182
2313 5042
2339 2971
7030 3919
2275 5432
8876 4264
1611 3648
9142 7211
1772 9865
2896 3217
9157 2208
2519 611
3244 8414
1430 4429
5402 8346
1553 5046
7299 3759
6168 1780
5865 7861
2818 5881
7216 8180
9674 4389
3388 2322
4641 8263
8629 4837
1700 119
3308 8652
9153 8537
1529 7716
2029 8980
4837 356
5020 4120
3343 4795
1924 8959
5595 7707
4845 170
5664 278
9989 3107
6910 7006
1136 1928
2784 5872
4338 2642
5143 3734
9296 5415
1787 9002
1301 5656
8274 6490
6489 238
7842 6683
7291 4814
2377 1476
2449 2982
8934 8714
442 4795
9733 4475
2404 1844
7174 5127
555 9601
4838 954
4319 4225
8621 9838
3658 481
4972 5962
6019 324
9035 4008
1742 8871
1036 217
2814 8606
3730 6848
2130 3480
4986 828
9949 548
2952 1276
4515 7624
2674 904
8632 3273
7007 2451
151 2589
8074 2493
7270 6061
3947 1266
187 362
6728 4699
3477 4071
795 5971
5154 2434
4678 304
4317 2167
6405 9427
2320 5802
3757 7109
1176 420
403 9267
7652 7838
2977 4275
858 8260
2577 204
179 6647
2857 224
7638 2354
9737 6300
3320 6069
4983 6293
9489 5805
4943 3313
8364 1759
6419 1604
8978 8448
5577 8806
7941 7895
7922 5114
5092 2178
9629 1506
4506 5564
1598 1331
3828 1993
3582 1003
2024 4444
3085 6410
9530 8209
6782 3501
5681 8562
2584 557
2374 2167
9699 3828
8418 723
6883 6029
2071 1921
6654 2842
4486 2317
3999 6183
1774 5031
574 5897
3481 6845
103 3127
9814 3729
6820 1505
677 1077
3046 3750
4664 8994
3990 580
4213 536
6648 9191
1413 5632
2193 5889
7309 247
6928 7876
9128 9532
814 3290
3886 2044
3839 3346
6857 9834
2465 4621
9039 6478
5215 261
3925 162
2607 2468
3627 3378
2097 9067
8404 706
974 6992
6545 8682
4173 5156
1438 5538
5119 537
8868 2562
3340 2621
3233 8962
5005 570
5773 6012
896 745
2836 2730
639 3051
9883 3174
9945 7669
9120 3734
8935 2025
6257 7356
1906 5838
7086 9047
8184 9934
4061 3991
8901 3533
4641 4848
625 4633
7611 386
2792 4257
1141 305
1751 93
9697 2520
5742 9321
6023 308
7391 6232
9632 4516
9191 2299
4778 2358
9194 5044
2885 191
9967 1711
6382 5340
3309 5124
8188 1714
1115 6765
9320 5124
7924 3754
4082 2137
6158 2741
8568 2662
9650 7520
7424 4271
9597 7133
6508 3780
2423 7942
4181 6904
6628 9229
4075 3423
6027 4265
6526 4691
5921 1390
4080 3211
5407 5710
7582 2629
4960 5756
6452 9109
6471 8632
4611 9118
1497 9311
8381 4782
3672 6077
5807 1814
3267 2503
3098 4899
4040 2563
3204 5533
1244 2980
7363 6114
955 4991
7247 230
7076 2934
7046 9740
1362 6087
6686 1969
6461 3904
9060 7560
8559 3126
2057 9022
8790 5656
9787 9624
401 8417
3680 7719
1684 6666
4343 756
9479 1409
9939 3371
8737 3619
7125 2375
1655 3666
3880 1825
2062 6306
5418 5656
3646 5487
3846 1368
586 3808
931 4290
9678 7918
2043 5472
935 6859
1543 3952
2282 1476
998 1412
4181 1997
7753 7696
594 7339
8059 3092
939 8050
8816 4021
4143 9927
4691 3075
6556 6687
7710 8090
2699 7290
4590 2455
6683 713
8856 9298
6580 4490
561 9198
8987 4128
2969 1350
349 9129
5372 3170
2086 3903
4966 6643
2423 1871
5047 9155
9655 3433
1851 995
9774 9841
8057 3551
3243 3786
653 6105
7911 8762
5395 9695
7549 4024
613 4303
1492 8235
3505 2393
5589 4955
2958 2020
1737 6530
5048 8532
2054 4699
277 5756
5848 7668
2126 2450
8942 307
7518 9120
9458 2737
8224 9805
6527 5647
6208 4922
8096 4110
5353 4288
3019 2545
9624 6142
16 6290
6498 4868
3300 2530
8268 617
2744 2937
3989 5094
873 3894
8358 2281
5266 2964
7367 7491
4696 2877
175 2031
4571 70
1246 1917
5505 8966
2197 8586
6167 5577
5731 550
5790 6094
3271 1587
5794 2751
3171 9156
6828 5240
5718 2838
1726 1768
4184 586
2095 8642
1154 9557
8235 337
9677 2783
6669 8233
4551 622
5836 6435
4707 6344
51 8518
7916 855
9437 3907
3388 8321
1063 8794
3975 8240
8157 6180
8047 2367
212 5653
1662 630
403 6562
7577 6549
7787 604
1110 4274
6222 4832
5681 2364
4434 6723
3580 7192
8240 475
4987 7159
8717 7238
9310 1795
8317 6150
176 2592
9233 703
3018 3145
7998 9777
6994 8462
1049 1888
9914 8592
6660 1282
9606 1443
9540 4354
6390 6518
7469 6427
9580 6523
3291 42
8444 490
9726 1937
1996 4521
8227 6796
9075 1706
2310 3708
9372 5221
1344 4922
248 1241
3533 5656
2907 3415
1753 8452
2578 74
994 9480
6715 5731
2666 7845
2414 5590
8614 1474
4124 1709
4154 5758
6670 7970
5964 4379
4853 736
7112 6783
370 1823
6320 9559
888 5374
7780 4477
6962 2111
2599 1954
9302 1320
3974 2290
3177 6029
3759 6290
9559 2392
9146 8138
2017 1735
9440 8417
2729 5154
4190 7396
7906 3214
8068 2662
3870 1315
4624 5473
6051 7607
7247 583
8464 3029
9530 6371
6552 5450
5440 4948
9516 8676
2065 7132
4059 6309
3465 7631
8978 933
7435 8645
3239 7661
8557 4339
5222 4916
9865 8105
9488 7931
1303 1232
2572 1490
2171 3048
579 6791
9667 6264
6846 8526
9577 3337
7394 8368
3180 1679
4467 8461
9653 4750
8567 8422
9020 9473
2215 5278
7331 7207
2585 9771
7877 4219
4616 1684
6891 7203
4324 43
6661 1911
3865 3370
4858 2271
8853 5910
9842 1777
5511 1429
2597 4211
6958 2967
119 1549
4769 7882
1845 9772
8544 130
4865 9194
8070 9128
1956 3937
3942 1587
8132 4395
8052 1582
8779 6944
9738 2059
5331 1329
4577 417
146 4501
7608 4499
5573 7695
7521 9871
6981 6326
6591 4024
2340 8025
8512 6152
9147 9095
3090 5197
8839 8637
2166 5362
4376 4921
2775 5592
7000 8381
2057 519
7887 4309
5910 5989
2395 3811
2187 2762
7211 233
2978 1450
5791 8191
714 1754
1025 5928
1918 8034
5597 1576
1016 7049
8371 914
9456 4028
8544 9446
7278 4209
3613 1588
1107 6194
1465 838
8457 9761
1519 7230
5740 2572
9826 6244
5920 4461
3291 1413
2021 7452
8078 5021
8879 6065
8159 7722
903 4534
1366 535
7581 3168
7395 7972
4890 5604
2768 5854
1758 8394
1564 3814
5465 9547
5476 4115
7780 6630
4566 7292
2729 2423
9872 3494
6545 1544
706 6927
6408 9352
9257 7642
9803 4913
7929 176
1452 2504
7225 2951
588 8229
2555 167
1627 3549
2039 623
8166 6209
444 9454
5333 9569
658 2678
9716 5241
2413 7585
7628 7626
8675 1507
6488 5637
6803 8825
9751 7396
3615 8004
3682 1952
5003 6485
7021 2296
8710 5239
4220 2127
8669 9509
2047 5178
9680 8991
2776 9455
6830 6760
6400 5896
5560 306
4713 7153
6087 8151
6268 3794
2860 9307
6430 9765
7403 3460
1930 8912
6841 3619
705 1285
3783 1277
9114 2348
558 3959
9471 2949
246 676
5762 6015
7859 506
6756 1707
7576 6940
4404 5013
3646 4651
9046 6341
4006 522
9306 5073
8874 2080
72 2519
3120 7040
7802 8836
3728 914
1085 1120
622 3913
4530 6148
7268 5383
8364 7690
64 5357
3134 5663
7678 2337
6534 6555
1450 9787
2157 2085
512 9466
1720 3061
8237 2351
2609 934
7293 1751
9430 7333
1476 3209
9404 5759
9112 1493
8732 1670
9322 1041
4737 4919
7947 2206
7677 4607
3009 1840
9460 8679
9175 8458
1076 7577
498 8678
9646 3614
6616 1320
1710 2501
6446 9834
8290 7180
5036 1721
5763 2860
6969 7846
1485 558
3630 5096
507 6409
8288 9209
1106 393
8376 4956
466 3101
5703 400
8757 1639
5537 4077
7034 9347
3078 4601
1294 9380
9810 6510
8501 4060
6908 7742
8119 4402
8818 2403
5314 3875
304 5278
9820 3970
5344 2607
6441 752
3829 5364
577 8306
4594 7948
2457 1002
6648 7060
7288 8799
1508 9180
775 7648
1127 5605
5480 3800
970 9036
9920 8889
2668 5738
3329 1642
8645 5488
7103 3077
8850 6284
8944 3459
8182 9691
8883 7373
879 4208
350 1747
3022 7469
3073 1058
5579 5307
128 786
7611 9115
9055 746
2300 6844
3506 4348
8528 5708
5065 9874
457 1516
297 5246
2777 7103
3550 820
5504 4850
2605 8241
3717 9084
712 9424
489 4456
9592 5043
6764 6903
6344 2514
1737 856
2912 8177
9395 5408
2569 330
8474 193
7190 3137
83 6970
4113 8273
6845 2894
928 2735
1034 3132
5677 3011
4597 4919
1142 8443
4446 4002
1246 7111
4106 550
130 8058
4130 1117
1001 6660
35 3735
2337 5104
3940 8044
4083 9627
4214 5924
6163 1858
4226 6451
3453 7176
7392 3719
5791 2861
4279 1267
8763 9253
3772 7319
1862 6578
8501 7665
8842 8144
4806 2312
7036 6677
8780 2379
7891 518
9512 4300
3363 3811
257 168
5371 1682
6525 7123
1868 3930
798 8189
4291 3054
9245 1526
4582 7174
5868 6639
8356 1414
8664 7496
5039 7530
7733 877
3480 8529
7635 8035
4446 9757
5253 1551
1066 1192
555 2963
6464 1430
5267 8923
2587 7822
208 5140
7416 1318
7642 2628
4887 1139
5210 1035
3650 8573
1121 7661
7649 280
1339 5214
3019 7774
5751 2071
3275 6078
6366 2862
5927 8930
5281 7106
4777 9841
1859 7572
1585 1889
8449 675
6223 6560
216 8955
7206 5893
3531 8119
3086 7125
3013 6173
6393 4635
4723 9268
8413 6238
1599 7475
5780 7642
2717 3968
3719 3450
2140 383
4035 6076
6677 8759
7522 6422
6539 4277
3614 7980
4030 4836
9391 7182
4259 6413
8932 9755
4184 3401
9860 7177
69 1420
9723 6364
4051 4203
9484 7675
5299 8387
9279 2541
9357 7871
8467 1966
9204 4922
9136 5381
8836 2979
7318 4764
1091 9549
3995 6535
734 2567
2156 440
4269 2988
2997 6590
654 2854
6572 3290
7120 4383
1278 817
1674 3916
619 1539
6067 8291
5597 3599
7151 572
6773 4087
9402 7710
5739 5395
4613 7593
16 6470
6361 1496
2343 911
4250 5918
8047 1266
4826 4479
3852 4327
5534 48
106 7982
7629 1126
7275 2168
9870 2546
4441 8067
9137 6181
5122 4156
5130 2556
7072 8052
6367 7374
7565 1517
3978 8053
4224 7684
5017 9051
723 7145
113 7439
2942 8235
4668 9300
1501 6018
1229 3896
6541 1515
8146 4399
6476 7425
299 124
6705 8899
318 9956
1718 3648
2746 4750
1825 9899
5886 7895
8544 1652
6533 8434
2837 7313
8234 7676
5944 9250
5218 7032
2967 6069
3931 3916
5633 7667
3694 1754
9784 6036
2686 4320
1386 6375
272 2702
6687 8442
2732 9442
4276 3232
5912 851
404 6416
3301 774
7008 345
6905 6868
1815 6912
370 5613
2518 8966
182 6828
3054 2729
6681 96
3354 7318
3486 6554
5846 2550
8874 860
9710 6172
5993 9531
8945 8104
8466 5665
4991 4781
3519 6479
7503 1931
9894 4119
5319 8550
9640 3061
6691 560
2067 9679
1910 1884
2145 7496
3742 8726
4920 2294
5837 4253
8922 411
7533 9824
9898 3008
313 9939
9606 1159
9564 6038
5432 7425
9173 3096
8046 2762
828 1529
8439 5236
2132 263
5312 7787
4009 2062
8506 7059
3867 8476
12 3842
6526 4268
6258 2771
3733 125
806 271
4439 605
4522 6974
521 6652
9390 4075
5863 7231
549 509
9387 9677
7600 1358
4983 4983
8681 4244
3757 6085
7740 9060
1205 8426
8996 6034
8622 4925
8361 8260
948 9199
1549 5181
7041 4802
4128 1086
9208 7085
1148 6584
7884 2343
494 5939
195 7420
1283 9752
6570 9455
7470 2381
2755 4879
1638 6376
5674 5766
9319 3959
9545 311
3034 9149
7319 6652
8200 7817
1200 7560
6861 8710
2652 1404
8883 538
5795 9253
3614 4783
9708 8424
3169 5213
5286 9909
3059 7383
9445 384
3203 6753
4473 4178
7109 5370
3098 1075
32 6986
1763 167
1863 6882
5391 9633
890 295
8741 9800
6135 9018
5314 1850
9083 3367
8432 5665
3786 1601
2515 474
322 5117
1591 7615
6438 3309
9428 3448
344 5706
3051 9068
6619 8716
4605 5240
6308 339
7977 1975
7289 2516
440 1577
1833 9557
1355 4423
1996 6162
8679 7877
4462 9236
8872 9555
6492 9228
737 4065
790 3804
1300 2822
7716 6246
3088 4083
8689 6338
879 3720
4314 7004
6456 323
7392 5741
8704 4690
249 1868
1409 7237
5620 4009
5818 220
3379 4236
4643 3431
5037 3430
437 2863
5406 4020
7032 3263
7534 5502
1351 6185
9296 915
1330 8677
9867 6458
2928 7339
6753 1500
5318 9140
8385 2553
6713 7167
1861 6299
5129 5908
9784 1650
4388 1044
6699 1276
9 4867
1407 831
2508 6832
8782 3909
808 1609
8532 3301
8599 411
5943 3664
2101 4343
8653 7978
5874 8231
4290 1268
8307 2039
6135 2461
8740 6381
4556 633
1278 2867
2852 7441
8357 9731
4161 447
3874 2009
528 7444
3691 301
6572 7606
2259 4130
7667 186
9944 1373
7266 9275
7007 203
8455 3153
4174 6742
737 4945
4818 809
3347 7563
7262 3745
7105 8370
653 7998
2569 7603
7307 190
8691 3742
6911 5049
1897 9898
7898 6389
3013 1817
6033 9124
3668 8047
7423 1720
9722 8677
12 3241
2688 7417
9484 8290
1266 2514
2624 8603
1067 9968
1236 954
7149 293
9707 1771
9374 5682
5696 7706
6781 6963
4559 8399
8565 4114
6406 3461
7401 7065
3637 2204
4373 1867
4559 9733
6142 3448
8611 2678
6564 9678
4562 6522
6890 5420
5124 9888
1859 8620
4030 4108
1398 3575
5753 9886
9395 5285
9053 2269
4448 2820
1662 8123
7165 6288
1446 7716
654 5555
3894 5074
1356 3595
1219 9054
9902 7941
932 1434
9157 5641
4469 9798
3703 7880
3496 7236
6014 7963
3045 9250
5241 861
3252 6972
6367 9363
5025 8661
863 6322
5844 1913
7091 5440
6891 5784
1878 4655
1642 242
6943 1547
5115 693
9450 3039
3275 9853
1178 3203
9981 6551
8334 9691
5535 686
5887 795
5142 9682
7557 2587
4023 7547
7731 9620
6086 5920
3727 745
1894 4442
14 5133
9427 2450
3886 4165
7475 9460
5163 5619
1601 2019
9853 3644
4193 5878
9672 2066
2176 8784
5903 6673
7362 4934
1563 124
8443 1194
4904 6392
9273 6007
5984 746
5290 572
5181 4570
9727 7770
2759 7157
6386 2199
5891 3090
7212 459
9871 7705
3438 2704
8223 3864
9480 8295
5878 6143
6504 9905
3283 7557
4793 6392
1923 6174
5076 6682
8854 304
4882 3275
400 9375
461 9297
8624 6941
7571 4430
3781 7557
2184 1210
3839 2074
110 5831
7468 3764
835 8024
6264 2873
4648 6031
4257 6340
4177 181
9062 3087
3954 2384
474 2054
5558 7118
7744 8358
7292 9875
4328 691
3763 9223
9478 4698
7577 7556
9579 2062
8741 9660
9168 1580
8758 7062
4020 7940
4976 3309
5822 4235
7791 4152
4103 5209
5391 2032
9237 3721
1416 7430
4887 5920
5235 4314
9938 807
3042 7800
3875 6340
4228 175
8333 1458
7382 7887
6960 2129
5738 3251
7693 9754
1718 4231
3265 1209
1644 955
7982 2427
7651 3982
471 6804
1607 8234
3166 6386
4595 6827
241 5350
8474 8211
5068 4522
7302 32
7317 6683
9593 4574
5606 3993
4278 8059
7910 2753
6064 9190
4304 201
8565 2080
3419 1156
29 2120
3040 2185
5988 4539
3 280
7310 3549
9531 9569
6685 328
409 5817
3563 2422
6753 2975
1201 2988
3859 9972
5439 2780
9974 9416
3995 9465
281 7543
5921 3149
922 8116
6339 2380
722 1365
2223 7481
2844 7910
5694 3945
9006 6169
7803 303
1791 9901
2226 8325
982 5459
6537 4456
2539 8921
9738 4206
7056 2726
6042 2637
4150 5960
1168 5674
3029 1705
423 1648
8525 7546
6137 6062
8477 753
8166 8702
5925 5042
8001 5593
8199 6946
9809 4286
5514 5652
3582 1194
3203 9279
1687 6387
8993 1055
1199 4374
6647 722
9913 3845
6838 9779
3912 5180
9270 1185
8790 1270
1704 7478
1674 8651
3171 1128
730 7564
7171 689
4666 4547
6678 7594
9654 5952
7539 611
1632 7532
4984 588
2686 9632
1845 7289
2540 3148
3918 7387
9603 1280
9470 2705
7502 2255
7951 901
3697 492
7204 4754
5967 1663
4993 3454
5090 8088
2974 2012
3732 5663
9813 2317
9799 8106
3292 3096
7112 9141
158 3051
31 6158
8282 6183
5139 46
1112 7516
7874 4264
4831 6774
4821 398
1212 2929
938 597
9959 288
1328 6400
9048 9701
5887 790
4028 9011
9829 178
5559 2281
8544 8420
6008 3599
5392 6125
264 4064
2494 3218
8767 5368
4339 5986
5004 2746
3847 2049
6223 9892
1996 8757
4545 1112
376 9910
2909 441
3527 3496
3748 2076
109 151
6122 650
8762 3079
4930 3048
4871 7151
938 4081
3074 9345
169 767
1896 9313
7311 8838
5719 2081
2458 8657
4437 4162
2454 2542
2171 8700
3306 8968
3086 5923
4593 9171
3028 3663
2731 1869
4478 5245
625 8810
9671 1485
9678 7234
1436 9511
4267 2692
6284 5484
8673 8885
6086 2784
8266 9504
1805 9969
4145 597
357 1608
1491 4621
3357 5845
160 7882
1562 2955
4962 467
6150 4600
3988 5874
4358 1671
836 2678
2747 2572
9603 5502
7469 3694
9970 5548
7299 2765
4398 1982
8822 954
6295 3848
8505 4650
9575 1974
1311 2177
6180 3750
574 1116
1503 77
9453 6333
1014 3843
9303 329
4995 2273
7969 288
8525 330
551 421
7246 8729
4231 5149
7946 7466
3835 6125
95 4189
9198 4915
4865 3171
3041 171
6792 9688
6665 2618
180 8209
4228 5547
9082 8737
563 2352
5247 7193
1817 1277
8966 2334
2152 6591
7737 9049
5485 2637
7033 5549
7729 9373
6126 3966
6632 9254
8909 7579
2889 6095
5320 8940
8793 8074
9302 9772
7873 6356
8413 4645
8266 3345
1837 939
7795 8054
4880 6622
8569 5849
4668 1251
1117 2891
631 3629
7784 8775
599 7049
3097 4211
8446 8000
1879 7588
5820 5439
9149 9169
2215 5027
2473 5970
9865 7815
4471 7289
5562 6282
5488 6690
9060 4595
3160 7986
5615 1724
5869 7509
3414 5047
52 799
327 2109
7302 9824
9982 4568
884 4867
4621 936
6986 2575
119 4634
2659 8487
5216 1502
8448 5229
2095 7922
5053 5828
2081 6514
1559 2168
3060 8199
4936 1407
6335 2668
586 3211
4044 8362
271 5121
3657 7768
3426 3244
3087 4907
7182 4525
1926 8297
7793 7894
2638 3636
3149 1610
3093 8371
2015 9355
5759 5827
574 2807
3895 1361
2610 6227
1862 859
4969 4518
4549 4579
7206 4368
8193 8608
3249 3969
2517 1534
7288 3078
7621 6862
9108 649
618 2924
1863 3491
189 1526
9863 3283
9879 210
8927 5370
3574 5487
6313 2690
4066 7457
5607 8688
9396 5583
8410 4342
33 8158
4189 1858
8462 9499
6184 8057
504 8881
2812 8257
4132 4169
5409 9886
5764 7104
4274 6770
9010 7510
4808 8145
7430 7773
945 8800
2573 6674
4182 6125
7305 2601
1246 4314
1989 1799
92 8459
9672 7762
4964 8397
5880 8220
4332 2710
6629 3214
1031 4480
2053 6167
8924 6017
3559 1916
6690 8762
8085 5334
382 403
3352 4883
3847 3752
1991 747
7246 2213
6892 8383
7143 8854
6829 6698
8581 571
3421 9017
1166 5870
9038 3126
6083 9791
2170 9259
1669 7243
8650 8411
7392 1865
786 4431
1 7811
5972 8024
2625 7733
2339 458
1455 5208
7991 3686
2598 2546
6431 1686
9980 8172
6783 709
6713 553
1784 5762
5061 9693
938 4785
5280 9622
658 844
3506 2940
7913 2399
8441 29
312 9813
3111 1126
9235 6639
3241 8927
271 887
7840 416
3825 6729
2116 2488
5251 502
8157 5112
7538 4608
4363 7379
6007 4761
8442 2301
694 883
2138 7940
8374 8452
69 6624
8018 7439
7468 9716
9434 23
2357 2845
7705 4915
6154 9934
7648 3761
4652 8025
4319 1400
6631 7964
8296 6643
6661 2757
2270 559
526 5654
1580 2240
2501 5252
8430 1309
471 7476
3609 2121
6308 986
2548 9704
4739 7597
7474 8902
9155 9497
3508 8996
6428 9095
3292 6658
2444 880
5539 4416
2292 2947
904 6092
2353 3994
9097 6190
2163 1912
2851 7756
6212 6636
1923 8378
2119 331
9524 9431
4714 4088
9116 2037
8264 3083
8869 9111
2178 9533
9501 4665
5587 992
7769 9690
6550 8995
6757 6943
1332 8838
3568 7984
46 6196
1778 7517
2207 5178
5283 5161
4995 3849
1539 9474
3521 5773
6259 5536
7624 8554
8942 9469
931 7476
5864 748
3143 5312
1740 254
3096 8699
6134 8361
2316 3158
9337 5109
3623 9183
7924 3047
878 8451
9494 7876
1082 4646
7159 7324
2625 3435
5810 8579
7479 1621
394 2819
9376 240
2677 4162
7393 3677
4518 6729
4185 9102
5058 5778
4496 641
4769 2512
1080 5718
3571 217
5038 8218
1246 6696
7813 5424
2532 8109
7656 8268
8560 2920
6234 6098
8516 7119
207 3108
2986 3234
8304 20
2562 4214
9581 8993
5963 482
549 8352
9245 8968
3510 3607
934 7293
1848 6423
8145 7330
5820 8569
8234 3979
1981 549
4152 3379
647 4155
176 7168
7816 9137
6930 6388
9140 883
358 8858
3543 6266
7977 1706
9333 6554
6363 4235
15 6489
6189 2396
4184 5404
4491 3230
6370 2078
5491 9321
2347 7034
2299 9239
4639 1960
4955 8858
3985 31
4873 2860
2755 1940
1424 2123
3485 5183
425 4447
6499 8594
3465 3296
1712 8628
6586 530
9129 6641
80 3378
7920 9347
9332 9758
2903 9987
5802 167
6608 6800
6634 5237
6149 9017
6993 6144
7305 9607
1986 8818
4067 1254
8438 84
6567 4589
6916 1665
8055 5644
9427 6310
9980 3367
1631 3205
3691 8268
8582 3524
7938 1051
642 7916
9748 94
1697 2256
8670 9993
509 8701
4006 2679
1671 4087
667 4460
7852 6355
2286 3124
5554 8362
3705 3578
1550 4765
5598 4494
9997 6875
70 8322
6412 8224
3827 5383
3078 2658
8449 7348
8513 8256
5906 7729
7682 2917
8640 2023
2266 100
7945 8176
1929 508
7069 3078
6318 2395
435 4478
1078 2218
8632 4768
838 9694
3053 2507
8702 1710
3573 4055
6121 4818
6571 1022
3040 3717
7478 5273
6055 9800
9186 4089
8025 6361
6937 4191
3215 5963
4654 137
222 2069
5041 8718
8658 6554
7176 2082
9144 9500
5209 5489
9050 4561
8435 4101
4902 9059
9861 3740
6294 6360
7287 1372
3236 5214
913 3219
8504 6370
8828 8298
2990 2726
1484 1367
3110 3949
8871 9530
2543 3254
1796 6121
603 3589
9311 2214
5594 5149
7755 1206
3297 7613
3178 625
8237 1878
6701 331
488 9436
2157 8450
2939 1179
9169 1558
3889 984
2663 9137
8189 7283
9013 8544
7884 2002
5980 494
3106 2315
4055 1091
5745 7713
6385 2010
4216 5813
3257 5431
5039 3884
6940 8991
6049 8670
1529 7103
4537 2033
8016 1845
9686 8162
4717 6785
81 3476
1398 3416
124 6605
4549 5277
4874 6
4055 7824
2211 3033
5929 9386
6837 9380
8032 4736
1232 6158
1399 1216
5095 8216
5775 9240
8376 7616
8441 3017
2567 2567
1543 5104
8641 1257
5399 9014
6397 2346
9620 2859
209 5003
180 2982
6766 6047
2849 137
5114 4232
217 7358
3178 1487
7640 3496
7523 9201
2868 6799
7729 6997
6698 4770
4878 8676
4949 762
2087 7276
2945 3927
5621 4521
1661 7177
6868 2670
7659 5376
9143 6686
6435 2217
6047 952
2967 5809
708 9778
4352 4461
3832 4783
3624 6729
6913 6856
861 925
1268 2249
9457 5524
1090 5236
4960 3011
9529 6632
655 2269
3126 9971
900 3596
9122 9105
6604 5093
2634 9485
6375 9087
2992 1758
5429 3917
5854 8891
4781 1624
4681 8831
8061 1681
603 7342
12 1936
8497 3001
423 8831
7156 9381
6559 8542
4436 5227
351 5893
8073 635
6013 3791
2615 4786
6411 9313
7688 8206
6049 1837
3174 9332
3970 830
1162 9182
385 8035
2466 6037
9139 8794
3098 7424
2801 2333
2674 5850
9592 1389
4494 4278
9893 4230
4187 7586
4670 6503
6081 3264
3185 4854
3612 5205
3734 307
9867 5810
9600 4821
6656 3463
5136 9092
3890 96
4303 5636
8357 7469
137 3021
8712 2467
8868 8449
6045 9552
1876 8748
3701 1895
2848 2270
1074 9646
7513 269
7848 887
2726 1294
1246 6301
5839 7943
2947 3894
3719 6998
2253 8705
2012 2341
8060 5630
8913 5906
7767 2336
9958 9495
114 5050
2255 4975
7745 624
2653 2319
2542 1497
4870 4316
5960 8944
3280 1525
4530 3577
1324 1291
2231 1528
7581 1946
8145 4280
3548 8353
7950 4480
8437 974
5282 6103
3102 8377
2011 2918
101 6065
1009 3962
1642 6766
2313 7172
3602 6420
2695 1840
2618 3831
6472 571
7963 7521
9682 9878
6500 7266
7888 2266
8933 3076
3910 3775
7835 7507
705 3583
1063 3989
8937 8418
6861 601
2823 8941
606 3383
3282 1041
7466 1775
9327 3189
2811 7484
7395 7184
4288 1707
9705 5218
5366 4824
8460 6115
3467 448
5949 9534
3517 507
5622 1518
4529 3372
6574 894
3540 3290
4284 628
9997 6895
7415 7408
9796 8194
8307 1679
5639 3419
9990 6855
2732 8231
5900 7469
8989 4544
790 3686
6217 2355
4294 62
5434 4849
4144 1655
8199 6595
1447 6345
4778 3190
9191 8856
1458 2635
1594 8387
2528 8801
1290 6251
6692 9937
3259 1277
9872 6307
397 822
2724 309
2503 7696
4634 8054
6951 1762
3500 835
4330 7498
9282 9615
1669 4236
6595 1413
5942 480
1955 6497
9188 5250
6307 2148
4548 7541
6152 9858
295 4916
4988 2338
1787 7856
7701 5350
5314 2278
3036 4960
422 4115
9655 746
769 3189
8341 3037
1047 6572
1597 4691
5225 4882
7746 8546
8693 1092
9335 999
3850 2211
2418 1372
2491 1267
2569 7349
2926 8756
4775 5189
2664 8166
821 4805
6056 5915
8613 4640
7934 7894
1864 4646
176 1811
3405 4769
2335 7121
4803 529
8939 5682
82 1359
2579 4868
7198 5582
5617 8674
3447 4144
9081 8936
9541 7444
8612 8734
6149 3059
2048 3169
142 2969
8846 7482
7788 4425
5592 9806
5528 9963
6725 9183
1492 7953
6518 5487
2575 5120
9152 6416
6929 6511
552 4004
9917 6570
5366 2219
697 9451
3995 225
6095 7046
4297 8537
653 6449
4068 3634
7122 3329
8659 2047
8421 2920
2785 1689
1192 4125
2194 9416
412 401
6317 4815
3293 8629
6394 4009
8524 3581
2776 2891
4002 5806
2379 1745
1086 7269
8884 3543
2930 6831
9198 4136
4119 1732
9337 7213
7988 5886
8240 9509
6127 9430
1564 9890
1495 3815
262 4764
8370 7627
7469 7397
7857 8526
7263 8124
7515 1103
525 9922
415 9062
741 5057
6671 3169
3873 5947
3846 6881
5210 849
2557 8153
9295 7803
865 386
688 7067
828 4201
799 5485
7323 8456
7370 5255
3959 5711
4184 9315
6729 3004
7845 7478
305 6075
8177 4803
277 4382
1618 275
5746 5181
5850 1328
546 2697
4402 7061
8205 4865
1047 4584
5629 5320
4953 9174
7931 6979
8849 9061
8989 4136
1931 800
7035 9220
8035 5755
9119 7261
9372 1121
7140 3785
9108 8085
953 4190
6120 5722
3357 3939
5095 1406
3471 988
7804 6495
2910 3634
9475 2818
290 6014
8348 2267
3028 3094
2249 1392
5870 4912
839 4968
8036 8469
6671 4289
4645 6073
8389 1047
4543 8595
1343 8862
2364 3589
5179 6006
3508 3428
8464 3491
722 2451
4254 3230
3988 1939
1809 5246
4574 6430
3741 5670
3261 3779
9517 1183
9535 5700
3481 8936
7105 1854
8026 2141
2285 5055
1005 9626
6173 2340
9728 2279
9858 5754
3259 3510
1914 1979
8814 8890
9042 3476
7372 7015
5560 1937
5580 7252
2193 5127
4045 8517
3998 8602
967 262
4139 2757
9541 1405
5477 6738
3909 6492
6994 4256
6605 9700
5971 9766
5792 9648
6467 7791
2175 1106
8888 5058
8183 1601
9519 2566
4979 3078
566 590
5573 5342
2642 4397
8678 8819
6048 3065
1777 5758
6872 3771
3291 5504
8746 9268
2682 2708
7740 6491
5309 3039
1888 5585
3472 7664
6016 4897
985 5866
9197 399
9742 7201
2913 6603
8055 9576
2095 9958
2854 2261
5406 879
261 2471
1878 1334
2326 5452
1280 3458
1694 5628
4545 5706
5910 8970
1475 409
2945 1191
2100 6440
114 6015
297 7079
5209 2131
7346 9854
5802 922
1375 5362
6912 9140
1779 9788
175 5989
7977 8813
8476 5641
5131 5428
7021 4559
382 2714
9175 9008
6488 5549
7300 9837
7307 4813
5944 4306
8651 4709
8785 417
1890 9163
4039 4720
3316 9892
4508 2242
4728 299
211 4448
689 883
1126 1343
781 430
8674 5344
8121 8955
1314 794
954 3064
8401 24
9371 4914
2205 9863
3113 4155
8146 6479
7437 5246
9334 1143
3484 1451
4422 7324
5084 4288
1198 2976
7147 8800
9331 7909
7064 1869
5546 3035
3569 3616
8663 8134
5880 3737
9275 4091
193 8064
8168 2642
5479 4331
3872 6404
4554 8134
3661 9665
1392 9321
2816 7087
2653 5235
3826 5107
5089 6679
9506 9104
5804 9979
6208 1709
5748 8265
7144 7923
9556 3319
3736 2685
4214 488
8797 482
9532 417
2808 3338
9505 3470
6008 2795
3605 8945
4538 2516
3696 5174
8946 9797
2467 4216
5041 181
8211 3897
7746 6134
5508 5043
5762 1500
6913 4654
2328 4334
3718 6420
5159 2358
2953 3939
2001 8401
4205 3905
3704 5776
8429 6473
3934 8254
2060 9112
3976 6938
6779 3978
3652 6286
4876 4175
1947 9195
3082 7483
9178 7369
3112 4806
652 4014
5323 6208
9425 9535
9036 2880
6362 1356
4093 2809
7277 858
9360 3826
110 3793
8535 3462
5197 8611
9408 1565
9916 1563
4462 3630
7251 4830
6502 2973
6495 4746
9468 5691
3907 5248
5791 5435
8789 6066
4072 7692
4181 636
1177 9996
6724 1755
9301 7208
1746 2873
8323 5946
1657 6713
8057 9754
3277 5623
3997 4827
6712 9616
378 1922
8333 2363
5806 118
6671 9541
7586 3317
6036 1667
7261 3456
9426 2687
2597 8277
2107 3937
5300 1725
7236 9401
3263 2034
4360 5682
2897 1944
8560 8476
1942 8437
3743 4663
9131 68
356 7538
8537 9268
5975 7219
4085 1192
6496 6504
9122 5189
17 4610
5294 8216
497 5618
1675 4632
6185 2871
7364 5617
6432 8647
9764 1122
2742 1630
3112 35
1949 5344
9593 3976
8176 2398
7260 2101
2838 1948
7286 5084
5152 765
2909 8222
5507 1184
9891 875
8356 2661
343 2010
1860 2133
7026 1876
281 6791
6143 4398
4928 6747
3443 5587
3598 117
9360 3471
6082 3068
5523 7987
3936 5343
6140 1727
8024 8588
8798 5968
5125 2686
8209 8407
815 101
2769 8491
5568 9486
9925 9126
2388 2118
943 6284
520 3255
7830 5722
9487 1333
260 1663
3656 3886
5063 585
9779 1339
3491 3141
2944 9090
8056 5768
6984 6148
3275 5774
1661 9566
5373 525
5556 2224
9485 9407
1759 9552
9658 3707
5123 6588
368 8031
8371 8751
4098 1597
7489 5050
5536 5753
9304 3459
9680 8306
9723 5903
3605 8469
4232 8421
9197 4333
6541 11
190 2074
3771 1157
5401 4604
706 4268
7142 2636
2659 6054
3777 1245
6120 5097
6073 8505
5407 9645
5475 4986
3809 6842
8341 5027
3237 1911
4169 33
7113 9300
5004 9380
169 7568
5976 4526
8158 7086
3548 6553
5895 148
7969 6703
8013 4618
6510 3425
5725 8672
6249 4189
7268 3608
6090 3950
4975 8399
6981 728
3808 4361
2045 3347
7833 8526
4271 1191
6691 8705
1310 1116
9455 1930
967 4132
4353 1443
5332 3223
5862 3598
813 1671
5938 283
9381 6234
911 7974
7172 3003
6948 625
1937 1796
1946 7931
6532 261
2679 2419
8292 7247
3167 7431
7325 8213
1230 9255
9036 7317
2794 91
7551 4498
893 8640
1920 4738
7458 8127
5305 1757
1529 2405
4765 4249
4023 5940
4690 8153
57 7470
9030 9766
3431 3972
584 1621
9444 5379
6449 4470
319 8395
7198 9646
6044 5582
2026 4264
9592 543
315 8638
8892 6670
6347 8515
4252 8025
6160 5054
7489 6332
5039 7674
5181 7508
6731 1605
2864 3665
2117 2227
1792 4168
625 9210
2560 331
6135 8579
2572 3162
4934 7627
5744 3360
6174 4227
2189 4972
319 925
9721 6828
5612 9873
4196 3837
505 3278
5458 460
2223 8652
2136 3575
7803 5331
8458 6081
268 8604
5340 9943
254 4795
6209 6399
8996 9193
8673 3584
3618 6702
3776 2496
5087 1209
9890 8973
7075 8558
1725 8066
6358 1850
2729 4208
699 1125
6395 1220
1070 4611
6282 7453
3702 2992
22 6146
1019 4112
6132 2797
1932 4007
3892 9807
357 8623
4351 6347
1142 9831
6746 3894
6675 4216
2676 5988
7285 2933
1572 8841
9859 1271
6242 8614
3306 8546
771 519
6795 6604
8098 4078
8937 9261
2453 5141
8268 2872
6731 1892
6280 6438
5579 7200
4394 1843
9097 4224
5634 1246
4289 6748
5500 3417
3808 8617
8448 6194
4714 6398
9899 7950
3216 3380
8362 3286
3714 1558
8709 4146
6633 5307
4168 1809
1244 4340
9150 6489
7167 7566
3549 4529
9941 9179
3763 7516
6086 8178
4322 5485
4544 3059
4818 8762
8471 3863
9883 5632
7181 8471
4486 4042
5160 7175
8557 1399
5187 5848
3060 4691
3641 9900
3296 3345
3045 4122
4152 4452
6734 5145
3340 7445
7351 1234
605 8291
829 7767
6425 7303
5629 3350
2291 5444
8482 3369
3482 3051
6809 3946
6561 8010
3130 4217
9591 8078
5647 1351
1931 6017
3733 4936
6550 4398
8623 3475
3282 5275
9963 5020
3714 4772
875 1
9268 5920
1755 214
8842 4366
5657 5350
5675 8053
6467 5190
6169 5891
8786 2552
4613 1053
9326 1022
4932 8334
9578 5877
659 889
9705 3656
5094 5619
4493 1932
6641 1823
3305 6837
4583 8823
5205 5764
7684 9339
5433 9612
1595 757
3400 1544
8375 8709
2563 9914
7067 7657
2490 837
6424 7560
5872 5086
8753 9905
1233 4895
1167 7637
9148 3577
5341 1188
7358 8003
8550 8341
5437 4590
5620 9044
2295 2811
7541 6245
701 1957
7406 224
5167 4896
6492 840
9366 8821
6275 8190
8154 1085
503 1437
7150 3597
6536 2022
4749 8121
6504 9521
7093 7207
8909 4640
5451 9108
9405 3509
289 3812
3628 1230
9101 5968
1014 4178
6533 7825
5835 8855
891 3590
1211 3200
6906 8323
5548 1613
5255 2957
9420 726
1221 7744
3717 4691
913 1254
1730 3621
4168 1872
4200 3420
1064 8425
6213 9138
403 839
9831 5078
161 9217
7135 6878
3837 74
8585 193
6220 2834
4119 6216
5203 1344
5286 2128
2751 7337
3238 243
5666 1461
3808 6601
6621 8810
4108 7964
1134 696
5727 1866
3223 7417
6119 9885
7975 8738
5701 8161
7476 9412
1051 7245
6681 8604
9819 3587
2374 2205
8663 6627
6138 4771
7054 511
2606 2463
7297 2192
351 9088
3967 5914
3678 1183
6558 5328
9525 7237
5734 7458
7669 8346
5980 1647
4036 2851
9760 694
3233 2128
6038 5189
258 8492
6523 681
2221 1861
2267 882
6944 7009
5199 2844
9578 924
5131 7529
4888 4082
8320 1954
6491 5092
6376 7764
2408 2726
2473 2388
6893 369
5775 114
3916 4777
5308 5480
3247 3259
9248 9292
2145 5613
7587 9372
4015 5557
7637 3156
2568 2843
1013 2376
5245 3880
3008 2498
1540 6122
8814 6308
1584 8969
3885 9828
6407 7030
7344 1677
5040 3431
1431 3199
6742 8448
7516 4734
9323 4671
8530 2363
3520 8707
8797 9802
4995 8235
1863 9395
3457 510
5300 6423
5298 533
8295 5115
2286 9028
6909 7622
8412 8328
9993 5230
4619 772
7335 892
4640 2810
670 1100
8098 6741
5308 3260
2922 6697
8364 2714
4018 9252
7032 335
7918 7308
7420 4245
4886 3226
8052 2967
7128 3887
7942 4825
2789 6014
570 4194
9491 9777
6260 5131
1359 4041
1194 6734
3023 164
9924 5626
9064 5236
4338 824
7282 3442
974 7390
6929 4445
4790 9146
8150 1479
4298 7136
7798 2050
8152 8666
9826 5326
7032 2186
6850 4785
4159 2154
9591 6732
9791 9953
2590 6074
1227 8878
3198 906
9622 540
6072 4461
5606 8890
2949 5436
2193 6678
3741 8227
7490 8723
4010 7268
9071 6454
9483 8077
232 6635
5291 2271
3809 4969
8051 5221
3002 8931
6275 3346
4004 3192
3418 4925
8233 3181
9981 3710
7104 4043
8224 3398
5909 4588
8525 233
4084 8718
4691 7502
1553 9150
5189 1675
1537 150
1331 3689
2226 2126
2561 5981
2133 6849
4692 6098
7735 481
4458 1567
4223 8459
1614 5496
6775 940
6331 8682
4322 5286
6231 7961
9333 9593
6948 2489
9227 3075
9445 1031
6190 8257
1594 3687
8820 7632
3058 1720
385 2532
5174 4853
2318 1592
6496 685
7295 7909
5880 1156
6918 2453
731 5069
8187 4798
8972 4112
7577 5755
1028 9461
5381 9915
1668 8662
6208 1264
7990 756
284 5889
1555 9599
8407 2258
1793 460
5440 1136
7795 8396
3615 7292
2343 485
9952 936
2724 9692
5888 3268
20 7556
4101 5269
1191 2249
9676 9114
292 3700
2322 805
1521 8879
8797 4143
5872 6978
3092 4571
2263 1792
9063 6659
3206 8653
1345 3275
2656 2977
650 2972
5169 9197
8548 8894
3290 9099
645 4410
2467 2080
5222 3027
211 5681
9474 3734
4954 9253
3049 7014
1535 1393
8220 8733
1567 848
2519 4665
2581 6293
1701 9399
9308 2858
5854 1397
2334 2271
1295 3943
1816 9649
1369 6118
7361 8707
8788 2067
5812 3154
1147 5405
6395 6738
5030 549
1822 3882
7213 3491
8762 6339
3005 1996
6033 481
2403 3364
6264 2837
3484 4490
9934 4847
4722 4423
6885 7384
5518 1410
879 5081
479 8429
1248 8034
1002 6389
7246 784
5924 8154
8671 5401
4915 2090
1404 5426
8318 8623
7823 648
5531 2462
4623 3798
1155 9705
3839 365
4619 898
5976 4255
2880 209
2237 5877
7892 3246
4287 9411
5346 7970
3277 7937
7140 269
7860 111
104 7793
7528 6458
4711 637
6745 7141
1866 7626
9797 9389
747 9107
6883 5696
5888 9325
9861 5186
1836 6271
2220 3374
4873 5579
2912 4309
7327 4967
8983 7547
6854 8285
5357 3988
1995 8477
6373 4652
9201 8618
1549 2122
2692 9436
4102 6544
6558 4021
1002 1810
4618 3563
4840 8587
4795 2503
6481 5218
8064 7197
7987 9472
1273 9162
7853 7974
7609 6164
6101 2839
8305 3590
9965 6660
6164 2896
300 1398
2212 6550
7881 5237
6059 4288
8853 9406
8819 4645
4506 9514
1512 1171
1128 9735
5830 6106
806 5551
9094 1727
9668 1455
3183 3620
3755 4709
1893 7077
1150 2711
5798 7041
6511 6171
5132 6254
8084 9636
160 5307
9091 5532
2246 4004
2122 6726
1882 873
2708 348
3995 8990
661 9697
4584 7438
1369 4657
8280 9713
8078 4671
2907 4703
5290 6156
4354 7714
122 8538
5116 4730
5295 2802
750 3974
8007 5138
6891 5582
1241 4167
3234 6960
1994 763
7824 6298
1231 6692
669 807
2013 2292
2135 3786
5962 1672
6185 8902
6833 7991
1509 4126
6091 4718
4187 8137
4171 7806
4653 8735
5895 6161
1742 2961
1079 9581
7943 1677
876 9847
4622 3964
4763 1449
9712 2732
3293 389
6659 9959
7003 6675
5950 8033
1096 4590
2214 861
6674 9094
5195 8342
3421 3521
4782 4167
5723 9433
1895 1200
1696 1411
693 7236
931 6454
7210 4613
6229 7061
4316 9147
1124 8061
8748 8712
1400 704
8745 2162
6972 2153
9763 1163
1249 9705
8505 5602
134 8998
9274 5676
4183 9118
671 8955
6246 8175
7871 4703
263 1035
5962 8395
9355 7679
7804 5653
6086 1266
2401 7101
7678 1006
963 7370
6466 6344
4097 4873
4833 2078
8610 7326
8852 4154
5162 9898
9233 1090
9314 4124
9568 4558
7908 7114
4685 8079
3273 4340
6699 9728
2451 7403
3231 4581
3304 4675
5522 6534
7717 8872
9189 2047
5059 7290
1231 9969
9346 8067
2216 7824
7703 8389
785 5709
4920 902
4235 9273
5687 7401
6283 9654
1093 907
6719 8826
3931 6702
8487 9568
6990 3865
9769 3220
2403 5076
4342 7016
8800 5093
9356 2644
3835 705
1754 2078
7093 2671
1783 5020
2863 9222
7527 5341
512 8196
7054 5857
6535 3208
3185 9736
3930 9842
1000 6250
7659 7417
8060 4214
9541 4790
5952 7481
9911 7127
8676 6076
1971 4670
7129 6832
2741 2675
3357 2075
5650 5843
214 439
6715 9571
7130 700
7915 2071
8991 2534
2206 5235
8449 4812
525 2050
6681 3566
6405 1490
5134 2635
261 796
2662 3685
1241 6782
8933 138
4950 2899
1028 1378
2303 7318
1407 3189
7360 3621
16 4889
8928 7297
5966 21
2326 8897
8438 3488
9492 4528
7109 5268
4403 842
2545 8379
103 8388
5813 6982
4030 4194
2504 9558
4839 9245
4505 2767
9752 2382
2041 6472
2786 4562
5970 9440
126 5169
7667 7328
5163 803
3789 7631
9881 8540
771 416
2573 4858
9225 4892
4283 4682
1137 7157
1286 8671
4232 1317
2664 2386
1218 9693
482 8683
5200 1759
9985 486
1154 3773
8304 216
1447 3000
7740 3895
4537 5451
841 1076
4059 4577
5627 5164
5407 1922
4082 2598
3668 5989
7333 6716
2526 3239
2650 5758
3501 7103
1748 8610
3906 7216
9019 6219
8113 6797
4794 3666
8381 684
7570 4090
9479 2900
9809 4731
8391 4405
4463 6447
2829 4372
3106 7644
7645 8867
7472 8988
6851 4527
9748 3077
3908 1899
8103 3649
4291 1257
2409 1585
3580 1619
6111 4353
8844 5972
7192 3081
6529 2173
2379 8267
193 6768
1127 5358
1506 8461
3933 3281
4395 7719
1004 5389
8481 4868
9734 3879
5360 5231
1701 7544
7564 3526
1520 625
2410 205
1846 7297
9506 7537
1649 5516
4765 9847
1335 6023
6098 9450
6354 9883
4769 8528
5680 3291
692 4423
4946 2052
3388 8878
5640 6324
801 5705
2199 8621
5674 6284
5675 2889
3105 5058
9953 463
5359 4414
592 5438
9213 4898
3081 1081
7017 2811
9642 5409
5714 3499
278 1710
9652 5689
9563 7987
4972 2890
2753 3158
7686 5164
8020 6424
3741 5751
234 8710
9934 2832
1876 974
6406 1250
4185 5279
3080 1900
3717 1183
4596 4179
744 7417
3637 2876
7419 8710
416 5686
7071 9173
4110 7600
5746 1635
2067 7873
1404 6191
1890 3256
5619 5835
981 6986
8837 4552
3582 7124
7284 2372
7275 4864
1886 6423
2823 9434
699 7180
3140 9729
3027 1274
2782 2288
3507 2119
1255 5812
739 6914
967 4707
4319 3344
2402 5786
56 8389
5455 1959
8038 6095
7411 8784
6843 8062
4748 5826
1005 2876
1298 1539
5719 3246
3306 2838
9281 6987
3541 1191
4172 4544
4724 689
2242 1839
4928 7596
9655 4522
6045 654
8995 4719
2467 2918
7865 4612
6886 1021
1567 5370
2587 3491
3805 7904
8076 7877
8901 9605
1208 708
9039 4364
6971 1403
4594 1383
6088 5772
5590 2445
8584 7086
9268 1555
1917 5898
285 3231
1997 8497
7756 122
7456 86
5920 9413
9203 4691
5893 1648
7562 1467
510 1454
2033 5449
2532 9982
4167 5736
8949 7293
7999 9324
7283 4403
4868 2691
3270 4235
6797 1442
7957 2019
7842 4913
5607 1293
540 199
7939 2667
6821 887
8556 5392
7508 7383
4607 290
9860 9239
3760 5422
3851 8473
6572 3651
5551 9834
2362 2161
8409 8036
1649 1815
9879 3325
4288 4289
7069 8983
6604 3383
9874 8964
4792 2103
7019 8919
4815 6526
8138 4683
1299 3266
4435 2006
7586 5896
4956 9694
2334 5651
8286 8019
5302 496
7098 2215
3204 6763
432 1380
6861 5476
4837 4267
3316 6523
838 7404
8141 2281
5781 3635
2679 2975
1869 7479
4333 3249
4474 2691
136 5742
2810 9816
3748 2540
2943 8513
9275 5083
2192 2576
1866 8397
6042 479
9356 3503
5717 5818
5414 5344
883 6681
1694 7652
7027 9465
8754 1582
8004 7324
8280 2227
496 6164
6401 6969
1715 7440
8116 9997
8021 386
26 7921
4028 1739
2422 9007
2009 5177
9380 2044
2147 7206
3630 1756
9367 8424
461 7421
7940 3146
9476 9629
6377 6245
3302 3202
6827 8414
313 8459
5014 9071
9578 6313
8355 4229
666 5666
5013 9151
9253 2818
5463 9240
4104 1805
931 7295
6423 4376
5769 8958
8812 9829
9236 4843
7682 7272
5243 1622
4208 7518
7006 1998
4771 4556
1329 9677
840 6668
8483 1267
9170 2012
1400 6461
3412 3449
5142 196
4522 3154
967 8694
8687 4585
6871 9686
741 3155
1682 451
6296 1861
8400 4052
3158 5123
2740 2282
5528 4947
2717 1141
2681 8300
2965 5807
1704 3401
2427 3024
3714 6060
4665 4230
5207 5294
160 4083
9785 3554
188 4713
6082 1994
1918 444
2218 8435
1196 3426
4544 7029
7856 3895
6198 6741
5863 4628
9566 6804
694 6169
102 9793
9971 4051
4640 9217
8543 6487
3263 7476
1032 7422
1429 1136
7824 5033
8259 5573
7099 2742
7055 6938
7774 6688
9355 2865
8970 3686
863 8872
2125 2962
1433 4963
861 2974
8718 9863
6038 231
3417 2129
3381 5488
6987 9280
966 2197
3478 3634
7567 8605
2869 9127
4073 7002
8803 2579
1296 9129
8776 3745
3352 4843
9452 7520
1434 9654
3647 5912
840 1560
8394 4529
4907 7972
8417 6127
4009 4949
5797 3182
7648 7884
4318 5365
9411 7503
118 7493
2039 5058
9884 8575
8505 56
5047 7882
8776 6691
8615 4602
1684 5829
486 3177
7841 9331
2122 4319
484 7630
316 4575
3980 8536
6024 619
1593 5860
8824 955
3622 739
4542 9073
2135 6906
4918 4245
5448 7843
2269 5530
3964 2292
6777 9450
9882 8845
1597 2151
7324 8885
3239 7489
2260 6510
6497 1094
9780 9599
2982 9657
5588 9990
9123 3618
7548 5038
8334 2176
4209 7826
3428 3869
5007 8818
5218 3554
9679 692
2035 1598
9515 3071
5513 1146
2987 3130
593 2324
3168 9938
5967 5542
3386 798
6894 1353
5382 6961
8725 6966
9780 4477
9796 8674
7941 4052
4805 5904
2177 9961
5447 1831
8440 1721
3248 5227
1485 6102
6504 6947
9737 1055
6942 9083
10 8189
6708 6284
5161 5014
9394 4138
9944 2159
5013 3594
6455 1993
4309 2514
118 6126
3424 4675
3116 9695
6280 3388
4070 5373
7354 2886
9966 3556
5953 4944
5827 5598
9829 538
2664 1806
416 1518
7090 2623
2208 4603
6738 9152
6930 1464
1516 4710
37 6992
8182 7995
341 5786
2753 4577
267 3486
40 9695
9435 6077
4571 4998
2384 3659
3490 5514
7516 3964
6058 1581
4070 9680
6758 3781
3236 3494
3346 5117
3183 8998
6780 3206
2161 7268
8412 7245
2969 9293
9002 5917
9282 6395
604 4708
6638 3162
4567 417
9887 4000
5587 7130
4520 4632
5847 2110
2662 458
6367 3403
1573 9125
9283 5569
6280 171
3516 6772
6426 4260
4655 103
1225 3284
2077 6947
9603 6140
8316 758
332 6461
933 4586
987 2334
1566 5660
9348 6733
1981 1426
2454 9524
8329 5363
3913 8859
1407 4907
8641 7089
2379 5700
8042 5855
8815 4309
7548 2036
6817 7241
5573 1926
5895 8427
6775 7444
4614 7231
1928 9030
6716 2010
9874 9196
4147 3770
2534 9402
8878 5666
6047 1157
8957 9668
7824 7977
4738 7858
6735 1300
3488 6952
7116 7153
3238 4349
8632 9944
244 4823
4659 5309
5489 359
219 5807
9432 2432
8168 5244
1458 7040
7801 4028
2946 8814
4353 3353
3641 1119
1721 269
2387 4051
4988 4662
5238 2886
8685 7434
8467 1938
6722 5363
1705 572
6109 929
9892 1753
6976 4028
8116 1604
6529 1133
4340 517
1064 7774
5063 2545
1890 2371
1155 5716
6889 6695
3007 4507
6391 7234
1414 8143
2685 7949
3317 5270
6669 9691
8115 2304
7852 7
6352 3096
2856 9824
7135 3098
6585 7565
7890 1459
6826 8732
9258 9943
2737 4318
3517 8182
6798 641
2322 3750
3839 5160
6853 2637
471 1322
1459 9541
268 9635
327 156
2173 7408
3590 6105
5176 5508
585 4761
8568 9839
3697 573
5940 4100
4375 9743
7755 98
1011 8773
3817 917
5128 8160
8111 3721
3728 2123
852 8637
6829 829
8233 2279
3479 1781
8035 8048
4726 3209
4204 996
3926 301
5692 2707
7316 9806
813 1143
5839 1586
5619 9739
2191 9533
2580 7028
9997 7634
6265 911
227 1832
5505 1681
2248 7920
5602 915
3308 6889
974 5097
7596 3010
9422 144
7340 3390
7653 539
4688 4119
8819 4433
5479 717
1589 3773
4895 5747
3406 6667
570 9941
1477 4474
1640 2805
6328 8935
4909 961
1816 8384
571 7377
6373 1073
6802 7867
7843 794
3636 6291
3538 4473
7580 7647
2871 8809
6513 3769
2932 2530
2205 4364
9088 5880
1459 5391
98 6146
1648 9777
2527 663
1122 4627
5623 3787
3903 4225
9658 8418
4977 8816
3670 5455
1457 2539
168 9373
3983 1694
7506 135
6333 7103
7166 9810
9327 6272
9938 4665
9661 5377
3108 3820
1452 9399
3697 3069
244 8724
2042 8607
3510 716
9308 1192
5287 1499
4021 1837
3535 7132
768 9965
3075 1125
9924 6484
7313 9583
5283 1939
3694 1667
5106 9537
1090 8576
3221 5572
6283 7763
9131 5991
4149 9414
2699 2704
1140 4106
4225 1237
6663 9874
7407 8881
4845 9895
3594 3121
4161 9877
237 3252
9653 3973
3703 1894
7725 6599
9917 8820
4827 1440
7302 2513
9798 1025
7672 7762
4337 7553
9646 4756
7566 8853
9537 8594
5441 9134
3649 6907
387 6183
8559 1735
8381 3638
1437 8100
2450 2835
3679 9053
517 8212
6185 314
5754 7333
9496 9911
1058 2255
8292 7848
10 5431
4814 2807
5374 2199
8840 7184
1713 5257
6287 5436
1418 2542
748 3153
7422 796
5771 6622
3676 9053
4036 3460
3456 3308
234 9790
9137 4063
2719 3344
8502 1432
6797 1767
9576 9338
9759 5711
1512 9308
465 6099
1428 2188
3728 3343
8725 2853
5530 2344
8142 8716
4478 3817
9796 438
4926 2564
9401 3203
2985 1709
4022 3582
1883 4656
7607 6979
501 777
6624 3260
455 4253
6926 9335
6704 7972
8307 6628
3830 9269
7358 9872
9746 858
8214 7917
6293 4875
2329 9480
1603 6109
5356 2801
6723 6973
4668 4642
195 7134
2320 3428
9923 8182
2510 7635
7816 6724
2831 5059
7945 6337
1578 9729
9181 6533
4615 6464
966 3140
5009 291
7221 8698
2890 2308
8491 2502
2326 4545
5443 9358
3740 7299
6817 4532
3916 1001
8187 7538
6158 4615
1194 1069
5698 1377
3041 253
6554 7837
4341 1546
9893 5743
4948 1859
5829 2105
6293 6893
5137 2185
9002 1309
9988 5276
4216 8935
5719 8538
4309 8122
5925 3511
9751 6910
8671 9416
7884 5930
2572 8551
4377 7246
8514 7112
5236 9310
8164 3377
9574 9153
2084 8619
5644 4190
2104 1354
2928 2927
3439 614
4328 6185
5447 6756
2551 5968
7181 4601
1838 3743
4233 6774
6400 4953
2442 1215
8193 5611
3312 5012
979 6847
1917 7334
6588 400
8877 4332
3224 7817
7553 5138
6429 5737
9467 1953
4430 1307
6598 2805
2420 6709
6728 2923
3027 8320
2473 9029
558 1345
8216 3172
8449 5343
9469 935
7702 9536
1387 732
2253 7697
8860 9979
4193 2144
972 7756
6144 818
7597 205
2099 2431
1254 4251
8565 4584
1375 9545
5884 678
3355 2627
1531 7814
7900 3482
462 9835
5426 1573
2383 4117
717 5675
4405 6160
1137 9960
1286 4498
2143 5534
243 671
2157 6009
4751 1000
2842 4771
5730 1356
2420 5885
5440 9241
1065 2890
2846 6974
2155 2246
5810 8723
2623 5896
775 5218
4918 3250
4188 643
9968 6558
3444 6871
9216 8854
8713 3676
7422 9687
9526 4094
8710 7503
2537 4500
8030 4372
7291 9775
6710 1531
8908 6757
7480 3581
4051 503
7720 4713
8855 5463
6621 1060
7429 6769
5814 9560
6208 3754
5462 9748
1359 1329
4608 5686
1605 6697
3686 4841
4942 1604
2612 8179
182 5210
5617 7859
5208 8757
1580 9628
1941 4113
4079 3092
6914 6126
2209 4695
2588 737
1214 4235
486 8939
3784 7952
4889 7703
7369 4339
1841 6510
1120 9143
7461 968
1177 1446
4545 2782
5301 404
5502 5507
5252 6208
6661 7492
3921 543
9216 6406
3064 4758
938 2287
977 2778
7148 8403
4481 5842
7327 7977
2671 5332
29 8631
2292 3403
3631 5819
4731 140
6880 6981
3152 1557
8860 781
8052 9768
552 3875
4490 2424
9317 5431
6837 2278
464 7781
8432 6797
5222 5173
40 4056
9690 9786
7910 8650
6802 7625
2354 3707
1864 2784
3527 290
9861 1076
401 3196
5764 620
7894 7251
2405 4685
7481 3927
2581 2342
8994 7559
8092 7811
6469 7638
6690 2257
231 5630
7086 97
5057 6613
3436 96
7937 340
8993 7224
5507 4045
5823 3131
4864 1391
9073 2866
8213 1766
4784 6782
8571 5099
1622 5728
9888 9323
8777 8114
7564 1941
7343 7117
636 9907
9799 4490
160 2284
8263 5260
4134 211
9739 2903
4179 291
2353 9780
8993 1111
6374 7159
1541 1018
3804 656
7211 7200
9189 604
7648 1240
1004 5693
704 8786
5107 6314
1738 9153
6311 9831
673 3175
3483 9580
7375 3834
8189 8374
2681 8673
5807 786
5020 5790
9746 7555
9001 2983
858 6316
9732 2962
6027 9515
1197 2846
9524 7252
6272 8577
5012 9139
3212 2846
7386 5005
5662 7740
5652 6747
1793 6555
5926 8563
3198 918
9621 8572
8528 3253
3282 5733
6222 631
7078 7776
3321 185
840 7796
8589 4950
5121 1041
7642 2265
8901 9866
7821 9698
4225 119
4508 9496
1754 2088
8707 8551
6911 179
6588 8179
3143 3314
1243 4916
3189 5717
1689 9394
8854 135
4871 7739
7333 9036
9415 2112
7961 2576
4789 1023
2525 2024
4654 358
5602 7418
8233 4956
5776 2189
3909 451
9725 7425
516 8841
7889 3604
4985 2400
3509 3762
7677 3658
5412 4994
145 1190
8469 734
9764 8376
6790 6545
8644 1416
5112 244
245 2592
6098 1329
9380 8816
3835 3183
1827 7601
6241 9446
9440 9739
6037 7339
235 4642
3866 1630
7543 7444
2698 1326
8536 2196
9422 2363
2502 9763
8434 7524
3382 7704
7190 6843
6130 2460
1264 2406
5414 7278
6243 6399
8092 3634
9614 1545
2377 2946
4932 4297
6778 8943
3244 543
5950 9843
3811 7287
8754 8426
1133 4065
1921 9427
5854 617
3183 3375
7260 1435
4440 1752
222 6503
2662 45
7602 3656
3823 2726
3157 5010
5606 9118
8652 2425
885 7692
9565 2785
5474 2373
3291 8948
9109 3141
4072 4957
2886 8893
7329 7332
1844 5672
5569 9986
1285 468
4737 8040
144 2463
2033 243
7844 9159
6803 9737
7864 6406
216 825
5101 8779
3411 3682
701 473
9914 4003
8906 1985
6002 706
9833 3649
6205 603
8469 1142
8902 8136
3671 8687
2027 397
8553 2991
453 4770
9862 3036
9243 7371
9371 5941
2391 4226
5388 8700
8304 1049
7828 7761
6791 1269
3652 2718
4295 6956
1304 4641
9676 6106
4482 5180
253 2345
2970 9065
5340 6412
989 1885
1921 8004
4440 3270
7862 1881
6885 7833
5991 1569
6634 5072
7318 964
3315 2645
4391 1164
9643 5648
6512 6200
7291 6885
560 8593
1790 5518
4202 116
2032 5455
6111 4308
7403 9610
3835 3662
6192 758
5350 296
2069 2597
8646 6490
4528 6156
4914 2744
6770 8933
4513 4434
9491 3806
3597 8331
9915 8287
2696 8293
3071 4213
4911 3003
9308 4988
7233 875
7316 7916
8782 9280
9877 6311
8693 6147
9051 2451
7315 8345
93 6794
9105 400
2348 35
3617 2528
3232 2417
9794 39
8921 5509
647 9209
3536 767
21 1763
8537 6201
7463 1998
271 8969
9328 1611
4201 7187
7323 4641
5100 9850
5629 192
9761 2670
7825 4268
5432 862
8596 5711
5943 6698
5643 475
9448 8565
8289 9242
7853 1624
2930 6475
5479 5824
2511 5925
782 4422
311 9869
1572 4835
9893 4261
8690 3421
4478 2684
9934 382
6392 7249
5280 6300
2918 5349
952 701
6962 8589
3548 9974
4608 7981
7515 3338
7373 3782
8608 4594
2600 2365
2828 7099
4377 1792
401 2301
773 2253
7699 4896
8880 427
1461 5363
1314 314
7144 3930
9452 2148
3837 3915
3784 5599
4461 9257
1874 7178
4703 97
6619 6508
4174 4337
8861 6180
3635 9
2614 1605
2452 6766
544 6714
2835 3965
3572 5918
3613 4074
3090 1522
6699 6846
3489 2738
5663 9321
9797 507
9196 8435
7646 3215
7310 3731
3893 9826
3133 6255
7825 5265
4846 8748
6970 7273
6428 1635
2763 5331
2137 3174
664 2972
8726 9473
4569 2741
2025 4055
3446 7863
6090 299
4347 1627
1042 5216
502 4557
116 2130
5118 449
9062 2489
8534 5085
6200 9826
1011 6085
8955 6461
2190 8683
5046 3340
8386 10
994 9010
5552 501
5828 5001
833 1594
8736 5595
5423 5933
7793 3335
5763 2680
2193 2635
2135 5848
2517 7505
8285 9488
3504 649
5711 2097
8557 2384
8775 7427
3104 5064
5901 9553
8110 8118
2506 9766
2687 7638
3346 8251
1518 8925
2049 3963
9116 6742
2640 6137
6054 3495
4563 3624
6377 8350
7348 4328
9938 5508
2307 3490
4848 9142
5581 941
2235 2897
399 6751
4134 9201
4404 6697
9484 2679
8026 5916
5455 3065
6686 9020
4791 8421
4789 4668
6623 3106
6452 1719
8357 429
3269 8312
7752 6109
1732 6061
3397 4415
2356 9810
5653 2707
5420 4392
1527 2862
7516 9870
8900 6056
1106 3505
9300 5390
3352 6984
7169 7460
468 2716
3023 3140
9454 2156
8987 1688
9382 3650
9462 6688
6942 4520
9714 3050
182 8526
4045 93
1026 907
9515 2807
4137 3930
8199 5466
640 1953
8316 6885
7118 8053
3427 7364
3098 7167
7215 4212
9133 7652
5110 8822
3102 2454
2128 6266
7452 6759
8816 1681
5096 7228
5171 13
5932 7985
781 3142
284 8003
7636 8007
4938 2316
1592 8369
5546 5349
9740 7723
5730 9416
5217 3096
855 7910
8069 9929
7034 9463
8944 8015
6132 1557
1429 4245
1339 6371
8920 8407
3267 4616
4936 7046
9491 3297
3395 9275
1027 8100
6462 2316
2356 707
856 7401
1780 8161
5615 5036
770 9891
5996 42
2700 2180
6837 9665
5884 3172
5835 7213
1644 7033
9635 8715
3105 919
6826 5177
5453 5038
4554 4185
7776 3528
632 279
5168 5884
8436 1557
5908 3343
3435 8610
2226 7528
7404 9919
5420 1492
6889 1029
5433 3210
7862 1759
7242 9206
6323 2267
517 8030
4209 3098
4098 8382
2710 9395
6322 4714
7370 7008
4277 7991
6731 1851
6402 5166
4181 6590
1907 5616
4381 5462
318 3940
3000 5002
3511 579
9600 3839
2310 2962
6322 7471
874 9196
7152 8659
4832 7860
9897 7811
2204 10000
818 507
5546 8672
9371 6447
1933 1849
298 2905
5808 5664
9976 5463
8215 6685
2003 4863
7010 2119
2380 6623
4206 6100
1681 8688
6119 5896
4177 976
9523 4127
1202 5425
5226 4591
2459 8269
8740 3871
9723 612
3261 4638
4217 2532
5976 1617
8350 8092
936 7533
6598 6410
6521 2109
5541 1140
5579 8943
4094 9887
4484 9950
4895 2760
3426 1928
8797 1712
1320 4263
9243 8365
3883 7321
5133 748
1413 8800
1441 4841
4555 1241
7808 1371
9475 8690
3739 6242
4361 1948
3472 5460
9744 3895
8523 2402
8206 9132
2945 1491
8839 7488
3586 6550
7291 3791
7545 8350
9862 1176
3682 4164
3571 4251
149 5286
8624 7916
6502 6508
9315 7257
5900 6850
4201 496
7955 6120
4306 4392
8814 9793
8802 5999
2173 1798
2803 1049
7364 815
2276 5798
8674 8106
4991 3785
4879 7594
1284 5335
2449 7647
8890 305
2946 4170
5134 8154
4588 3137
1460 9735
497 2722
7271 7941
7891 1321
6986 5738
5449 7855
2577 7092
8619 3095
3501 9120
6508 8481
6248 3496
8360 7270
2793 7980
5617 7878
8194 1710
1549 9593
336 1749
6904 620
3002 9993
8930 9410
2973 2667
9574 6782
1865 7282
2350 1165
8290 9527
5847 7400
612 2913
1006 3968
9710 2566
3530 9754
6894 1511
6613 1928
4645 9152
7952 5690
3943 4457
923 5277
1409 2619
9893 3037
2110 2382
6278 6329
8467 1412
2030 7686
8407 3623
6917 2665
3093 2319
6710 6123
8958 3894
5517 6157
5701 3105
7373 6406
9283 7813
5279 3580
8464 7707
3957 3992
5037 8148
4458 888
4576 592
7486 4079
9728 5671
8720 3376
1499 8707
7616 4720
3287 3205
3523 606
787 6398
4545 1392
8719 5630
2663 7324
2792 5968
7784 3058
9906 1519
3057 1526
3321 8467
4751 4841
9623 9962
2180 9150
2370 5377
2155 7576
7400 1841
1217 651
7641 1458
8031 8563
9472 6290
8512 2973
6907 1034
9487 7474
4054 3693
9031 2511
2517 5413
2970 4552
5202 6796
8984 4594
7173 1304
6940 6248
794 2615
6987 9199
1797 6402
1290 9911
4498 204
9177 5724
3127 9359
4859 1059
1898 8179
1502 1091
8340 8064
1148 2471
1031 1831
174 6556
3636 9718
7872 6849
7153 1357
8756 1952
2642 3075
693 8490
4571 8283
577 4396
9808 5409
1241 152
7284 7047
6658 9485
1717 5792
8103 6837
7305 3769
9012 4797
2277 2851
2462 1910
7214 2135
658 9522
529 7487
2297 7656
2145 3834
9587 9976
8834 1733
8531 3743
1654 5967
3847 3740
