10000 10000 10000
3504 9358
8253 5401
4788 7906
4215 8941
3410 7047
3371 4036
6666 38
1841 7591
1355 7495
6664 6357
4832 8528
8494 8446
7197 194
6280 8294
4230 2513
8460 7765
3402 5773
858 7867
2742 4735
2918 5841
1375 3385
2967 9655
6361 5970
2269 986
5346 8438
1591 8244
5402 8271
8862 1137
9201 595
2552 5716
8768 3732
1771 9410
7826 6023
503 6452
3596 6926
1536 5398
5288 2904
8944 6750
6655 5099
7901 8245
8706 7846
4885 1463
5370 3641
9155 3994
7733 2280
8219 4387
8566 6002
344 4896
1217 4609
3390 7285
3516 2017
2667 3463
5610 3427
7474 1404
2 5209
4356 2099
9197 8025
5482 7698
2585 8018
8427 5650
3573 4215
3241 9789
5727 6292
5101 2006
1448 3235
5338 8630
6997 9525
8127 5810
6953 5450
8346 6140
6587 6858
820 2335
8892 1900
2853 4854
7177 1624
2255 9706
3809 5753
6745 8930
674 7721
4649 111
8328 6824
8892 3734
2407 4074
9142 220
1638 1456
567 4416
2523 9084
8543 3414
261 4402
8266 1571
9844 8036
8479 8287
3283 4850
6479 7793
7753 2524
8775 9517
2526 4538
8405 4166
4455 3584
3161 9402
7965 6644
6220 6148
7665 2971
7313 8177
2757 6981
1525 2112
9699 5264
269 5654
1620 1732
9437 8163
9254 6243
9972 2756
3484 6592
7233 7339
7102 2494
9971 1955
6796 5780
7916 9685
7780 87
3050 3183
8929 4245
4829 5797
6888 5651
2789 1151
3994 2167
9929 5431
482 8162
4711 6415
7470 2504
4945 579
9294 1394
6538 1665
2179 8792
8386 6166
2443 2397
2023 3495
2174 4493
650 5302
7651 8376
5592 7423
6575 9876
9492 3826
3071 5438
4088 936
1282 9731
6850 4578
4431 1392
9345 4143
7732 3582
2762 5508
6332 925
6228 3032
9992 5793
498 4046
9675 1302
3307 7642
5814 4612
4982 759
7415 4437
6248 7503
2934 5784
17 1062
4322 1414
4159 5017
6631 1250
6098 5629
44 3505
237 5233
654 9304
9901 3065
9080 8201
6237 5913
9196 7183
9170 5156
9228 1855
9668 8985
808 3695
5004 1282
3940 3672
9051 5747
3098 9891
5740 7832
3706 782
9477 6398
757 3696
5906 6195
7162 2725
2154 7162
1400 3869
2097 8457
4090 1879
1707 2906
7423 4575
4281 9525
6986 358
720 741
4570 9258
2661 1524
9656 3020
734 177
5229 1484
1871 3654
3257 699
7881 2447
2401 8172
2123 867
5801 5844
2514 1043
3475 9954
9886 6906
322 9821
5395 9708
324 5560
277 575
3015 5316
5143 9621
8883 6666
2236 4613
7527 3463
6701 7068
104 9469
1756 9161
9165 6649
833 1980
4898 1187
8568 6042
6585 5366
1729 6660
7763 8563
8874 639
8551 5049
6259 1803
2025 8289
1492 3037
6537 7712
835 96
6850 4467
9085 6466
5096 9723
1246 8862
3569 213
4183 9488
1650 5335
4274 3785
6791 9551
9707 6215
3881 2508
3813 4747
4870 8793
8207 9770
8184 8692
3237 9932
7078 2254
5497 4290
756 7207
4517 8301
3264 4789
8077 4031
2365 5069
7902 1980
4482 4467
9053 8411
8257 728
275 4863
8824 4064
6913 5864
7168 1230
5932 6399
3794 9446
2326 2653
6178 9707
5111 2693
573 3539
4850 3114
334 9789
3904 9381
3405 542
9386 6311
9278 8366
6939 4675
4167 1347
7614 89
8804 6915
6064 6756
4177 1549
3195 5477
6581 3213
7604 3733
8803 9842
9539 7067
9806 3753
9332 8041
4156 7069
6505 2527
9091 9307
6329 4816
4469 4250
4586 1405
8001 2964
8368 839
3298 6226
3156 9238
7194 5291
4286 5004
1114 5465
3273 2794
4730 4956
9465 1973
2756 2563
9653 4508
6695 6719
6256 6086
3678 5772
7475 4574
674 1654
8026 9252
879 3044
9966 80
3702 344
4871 3678
7034 1850
4366 3065
2304 4233
7399 7462
1649 1511
761 7330
4739 7122
6805 860
2953 1050
5484 1413
1535 4467
9128 9913
8786 5094
9364 6711
6447 6414
983 6144
6334 7605
7659 5955
4661 830
8702 915
8517 9736
4782 8334
277 3534
2021 5194
3223 2875
8166 6426
1954 2965
702 845
2591 7098
3377 7656
6531 7617
7219 9608
8312 7673
4015 5655
4058 6623
5202 3976
751 1517
5561 484
6713 6993
7262 7075
1786 8401
5198 1767
9026 365
8560 2019
4469 9788
5411 8471
8371 8758
4767 7556
579 8703
11 7734
1562 9615
1494 2134
4224 8695
4896 8108
8980 1602
2697 297
1466 8107
5819 3216
6642 204
7166 3152
6962 1022
9011 7827
2346 8087
4938 7373
85 4230
7670 5987
274 5149
1231 5180
6498 2752
4387 6201
7 4478
9021 7698
3680 7712
9372 2012
6239 9788
8164 8364
225 2873
1694 7694
9712 9347
372 541
5322 1752
8301 690
9978 4712
8148 5507
543 9334
3804 6639
5550 8600
5732 2676
3744 2098
4541 9287
5967 9012
3426 5190
9248 2555
7903 2919
7881 2077
3361 1016
5531 1852
5899 942
5136 8684
7174 2528
4748 5824
626 8806
6611 8469
8338 3427
2597 292
6416 3065
3889 2816
8324 3834
3129 8425
4751 4964
816 7685
9268 3021
6389 3064
7248 7058
579 4901
1568 4677
1096 1153
6683 3559
5900 6651
8706 9735
9335 4249
1629 4070
7531 3813
408 6497
1590 53
3765 2122
1206 1182
4795 1356
66 7062
9613 6605
9157 8944
5258 7419
9441 7823
7433 5572
5068 1252
373 6694
914 4837
7590 4021
4562 2662
1108 5721
3902 6456
6192 9028
1484 7473
9238 4998
4273 3381
3979 1312
3070 7414
404 7429
3029 4695
2263 6831
352 1953
1172 2444
9488 11
9577 4709
1647 3175
5256 5411
838 208
3826 3197
396 118
4804 9715
4736 4109
3751 3310
939 6502
9790 3533
2016 6431
3481 2722
7481 1795
8103 9278
7586 3502
8555 9436
2351 4742
7849 5472
8366 8409
7881 2074
6672 348
1728 3963
9363 3352
3332 113
5076 526
9480 5491
4251 9690
7732 196
1982 5528
6520 5726
9659 151
8216 1375
1469 2566
4249 5144
4659 9686
9300 6793
6775 7695
4515 9177
8849 9866
2294 6707
9492 7414
33 1295
95 7081
7212 3379
8898 3633
845 3936
1191 3109
1392 7247
1792 3680
3569 2866
2306 5761
2876 6207
212 1536
1703 7100
5623 6378
6376 601
987 2694
1958 922
4561 6483
5821 5560
5232 3439
8917 9828
7098 4257
2532 4343
1841 4425
5299 4412
2028 9999
9935 6583
9005 8453
3263 5164
7188 185
6980 9588
4267 5321
5711 2127
3330 8290
4035 1134
3949 3663
569 3922
949 3826
1337 5804
3778 7871
3560 3577
8474 2857
5794 8250
9928 3304
3442 956
4035 1374
4546 3677
4654 4162
599 1454
8660 4283
4651 546
796 7778
7426 4978
9865 9534
3529 9085
7460 9098
3689 3482
7564 3153
6648 9496
251 8031
2357 5487
9359 2984
4581 124
1666 2801
2476 406
6750 4958
9959 3543
4430 4236
932 5359
7445 5881
6762 6768
7930 2837
8554 9500
9503 1403
1614 2374
2869 5532
9035 443
1936 4856
5031 9828
3895 2421
8609 455
2729 275
3154 3088
8313 2527
2213 177
5643 9197
9359 2689
4391 2053
3381 7461
7069 3154
3087 8948
3915 5097
794 276
3009 9814
1200 8324
315 8589
5587 6155
6488 9229
4604 7325
6002 4645
399 9583
3448 2126
954 6588
3528 4962
3929 1769
9479 6342
5525 8951
2440 4672
1219 2596
6354 5664
7873 8574
131 6867
3706 827
5984 3617
7186 5737
2515 5166
1014 1103
5186 1026
1721 811
2190 2262
2663 5431
6608 2857
1615 9770
5353 565
9048 85
4785 9996
9766 1060
1186 4202
2761 5198
8680 9513
9351 774
6920 7420
9357 2905
7671 9701
2761 5742
434 497
9576 1618
6452 1252
3115 3208
6066 8705
835 2266
7212 8644
9079 269
4329 1761
9163 1214
4507 4119
7193 4007
657 1384
672 2700
1967 4207
5728 3260
7944 3015
8398 9072
3044 3229
3220 2550
2650 1719
285 7555
2112 9648
5292 6951
4280 341
545 8285
1659 2880
1452 5106
5713 3773
3945 4601
5792 247
9859 670
3515 9519
9478 351
5668 2366
5011 7572
646 3073
5376 6997
8272 4954
7145 8620
9336 1069
2293 6301
7354 7783
6136 9439
9403 7722
183 2296
8314 2937
9223 2468
6046 76
7659 9001
5042 3728
4842 662
5677 5373
9453 7017
7621 5927
4213 8105
4634 1299
908 8
3434 9829
3252 8870
5225 7491
4614 5147
7164 5428
5819 4337
4416 5447
2285 7623
1892 3993
4293 6775
3456 6898
1476 6654
5820 2718
8318 4793
9040 4408
8397 3394
2185 8136
6601 8698
5527 4477
6694 1992
9563 503
4466 6965
8239 7532
6105 9627
8312 7471
9024 7671
4467 7903
9629 25
7306 3423
8527 7979
4462 6103
6435 1559
6195 2361
1549 6119
8530 9878
6618 3701
6782 8397
213 4776
8237 7943
5663 2121
4882 9779
7216 5148
2622 255
4928 9514
133 9720
637 7722
8076 9896
7870 1948
2848 1885
3975 2161
2057 2188
5426 7748
9611 2255
8313 5472
4696 6479
3734 8020
6503 9349
3287 9778
6627 1383
17 3962
2949 2579
5247 4002
9769 5211
5257 6435
5837 4940
3643 7171
3033 5025
4035 5381
7905 949
2360 5798
8133 1982
6942 1499
6903 8253
1155 3518
6680 9941
232 401
5983 7640
9002 6822
796 522
9922 6867
8459 3721
6894 2856
2132 638
820 6852
8739 1496
631 4874
3471 1867
3768 6568
203 894
3877 7020
2897 4724
5048 6870
8769 7878
3033 3528
851 2599
478 9547
9453 4128
541 5689
8805 9858
4690 341
1444 5560
3674 3683
833 1845
5446 4695
4534 4578
9969 1216
3382 1680
4151 4233
6591 6422
5232 3843
2736 6430
9781 5782
9946 5740
3329 1391
4379 7486
1442 475
7862 999
9703 8213
6879 6970
5766 973
5814 8328
19 2204
5492 9278
4111 7669
9352 7769
6212 7844
6974 6101
268 1153
6488 1575
8254 3607
6171 7030
5340 8604
9716 6450
8704 5369
8162 1120
1245 862
4457 6942
8918 2807
6135 1720
885 2518
3047 9231
2315 131
8771 5258
6227 450
1259 6096
4290 1615
1441 8251
6360 5629
2438 3860
2161 1580
7944 7297
9308 1204
1489 3445
2553 2554
1096 9022
7923 9565
5860 7816
117 5302
2584 8582
6696 1512
9789 313
14 9038
22 4915
9061 7360
606 5644
7274 5135
6247 4451
6205 3829
7269 4686
9712 1094
1782 381
3191 2115
5619 870
1407 5452
6072 3299
8567 4621
7621 9468
5732 3416
9273 4708
593 6258
7283 1807
9483 9047
3512 534
9472 4265
3515 775
6997 6759
7043 8731
7343 197
4819 6019
5613 8911
7409 7553
7301 6676
1901 6413
697 1517
7341 1725
4290 2012
6628 6114
3094 4067
7172 6439
6140 1639
3268 9640
7573 8054
4106 2300
755 3855
8693 2325
7696 4992
713 5690
896 7595
8082 831
4741 9623
7718 3593
8937 2205
119 5766
3623 9032
4891 3891
1105 2653
5071 3896
5070 1361
8144 1258
8751 4708
694 3034
3935 5003
5842 4611
6729 8835
3449 666
8953 7657
3330 528
5080 7301
2060 2793
1455 4819
9391 593
5747 6974
4861 4064
6016 7261
3338 4128
9374 6893
818 3779
183 9567
729 8396
2289 2021
5711 962
4156 3774
2361 8613
2033 9520
7894 5121
8247 353
7549 8154
6820 6986
6258 607
8873 610
8633 5672
1080 6218
4840 3401
8728 4765
8853 2464
3091 8202
101 2466
9540 9262
2297 1540
123 8701
1798 4400
2206 9504
2081 3083
7769 7224
6444 5897
5467 507
91 3843
6155 1528
996 4829
1443 611
2652 1398
1329 992
1013 3755
8398 6947
2660 5054
9684 3118
8859 231
8631 176
7238 8053
6546 2690
8635 6741
3409 5521
4476 1234
3506 1189
8649 9017
4964 4912
3468 3471
4711 275
8956 378
7054 4784
9175 8391
3071 1395
3701 1702
2306 3570
2281 8490
9552 6689
8483 3574
5667 9768
7077 3872
4088 8219
8381 9156
2885 9163
6117 8509
5472 526
4966 2193
8808 1824
6469 2383
7312 1048
521 2730
2928 4922
2248 1063
1330 8025
2038 9630
8529 3081
7147 4609
6064 6502
5859 2692
7475 533
3747 7441
5886 4075
2035 8768
1509 4616
3662 5818
4880 9012
1550 8579
2021 5097
3409 9899
4355 7217
4030 6007
535 6897
6199 6625
5033 4520
43 8309
4913 534
2294 7615
757 2092
9870 3028
1425 7303
8990 1404
8619 3307
5373 3428
1371 4957
7096 9368
6457 5342
2262 3081
4645 7660
3366 4007
1338 3349
1631 9698
3440 9369
9929 4739
6548 2711
4801 8846
8878 3078
5567 6931
748 6317
7054 1731
7020 7380
2539 6036
8550 598
7241 9147
5947 1065
5660 1121
8274 1489
6155 8524
3374 2825
8021 7702
3958 6272
7742 20
3995 4257
5431 5117
5519 8088
2528 7551
2514 8165
1939 9807
4164 9798
7849 8297
3605 7848
634 5443
5922 529
6493 702
7509 5891
4731 8048
8127 3503
366 4169
7055 5708
1333 192
1032 8406
1502 2881
4324 4810
7172 652
3405 3977
8656 4091
6513 9750
7301 7802
9717 8560
8018 2933
2915 7747
3302 8087
5255 6828
6560 2324
7068 3621
1070 5404
333 8357
1754 7044
5382 7457
2244 1740
310 4112
2189 6293
1211 9976
7686 9419
9341 2721
5415 8466
905 2182
7817 6998
1544 1347
247 2987
7551 6441
8340 9607
9985 1478
8442 5250
2216 8846
4056 4511
6007 5682
9848 4061
7982 8986
2712 6705
7270 799
4476 1409
9831 3075
5152 5836
6146 7410
6537 6094
4675 3542
6375 6435
7483 2059
9633 5001
6424 9701
8364 2732
9757 3205
667 3514
7081 9079
6357 9804
5450 2149
1681 4545
7928 6031
6134 9855
1607 8535
8708 3965
1807 1948
1260 8355
9964 8143
356 2452
3284 7277
9947 8011
6541 6529
1296 7388
9889 3970
7437 561
5530 5396
4093 519
9032 9497
1277 3235
6755 5769
257 209
5195 348
9205 6383
2314 6971
2329 6487
7988 6691
6194 6137
9688 54
1412 9144
791 9237
6751 7433
101 8175
4595 3790
6995 4550
6756 8840
8942 9091
5507 3311
4078 2644
869 2596
830 9751
1782 4358
6723 4668
8648 6273
5104 4293
3598 3258
6501 4854
2328 4691
4571 4933
4332 7833
7252 4531
8711 9839
6167 775
1734 142
6285 1955
5148 4473
1085 8775
7750 2821
1810 7251
4507 685
7571 9492
8195 3890
979 9442
8841 2197
6022 8045
281 5123
920 8962
5813 5154
3809 9039
629 2833
1476 4086
8892 9296
9956 8684
909 5029
2531 9958
6340 4430
9756 4854
5452 8343
2663 6298
1413 2819
9285 4307
8011 4725
9677 1588
9792 8867
2189 2635
7757 7271
9757 1973
5514 5241
8996 7695
5234 3899
3452 7278
7855 1846
6216 387
8160 744
7578 1789
211 4240
6575 6212
7056 9423
1948 2806
5548 2549
5482 2088
9648 4261
8250 6667
9429 4018
1896 515
6691 2162
2989 1144
9617 6651
5683 1443
4272 8907
8103 981
9183 9885
1579 30
6688 5963
3510 4564
3502 928
6304 866
776 9448
1696 2760
1778 8309
5747 681
3232 8462
3749 6219
591 9138
2219 172
6126 8223
6400 1404
6329 4237
4401 862
1559 4373
5052 5262
4088 5239
754 5651
1381 7404
1206 2309
8518 2313
1461 6902
5201 4678
8216 8597
690 1312
5596 1025
834 1108
7235 2276
6312 1374
466 3495
5900 8621
815 9121
1051 2002
7393 6327
1454 2968
3554 7145
6184 341
3145 8667
4710 9511
4504 9731
9063 1256
1110 7385
1368 3955
5595 7489
2321 4779
4367 860
7083 952
9001 6196
5118 7221
1385 1494
4957 376
5603 5033
8397 6091
5959 1839
3672 7331
2529 3438
976 6577
1615 1463
6221 3473
6054 2449
1019 3564
8193 6370
897 7239
3577 126
4037 3264
7475 2221
2916 8222
3254 6122
1913 7601
1439 8320
4021 4815
8937 8501
7994 4976
2841 1868
1946 7428
7111 5823
9586 5480
3745 6063
2061 8066
2169 323
1033 8335
5198 5981
6642 2342
3309 9128
7939 270
4758 8505
3560 4168
5840 8595
2491 7097
3482 1183
2838 6579
4392 5392
6665 6717
8344 4592
8143 6687
2304 7205
4913 5187
3731 1221
2597 2713
3505 2021
116 4294
3958 9418
348 8785
7737 150
2995 7395
4408 3292
2765 6695
6812 9141
3805 8090
8672 2566
6314 4374
43 9403
6210 6113
8115 325
8112 3500
2087 8201
2426 6356
6500 9172
2975 3215
772 8758
5765 302
626 1110
3998 11
3600 4678
853 6178
6306 6517
5246 5000
5052 5701
4979 7399
2981 692
9468 5765
5264 8149
7826 9820
6027 6114
8771 3640
7574 991
1694 859
3249 8003
4955 8487
560 2686
961 5220
5193 962
5151 4137
292 7980
6220 3011
3092 8535
1132 4616
8 6429
2510 658
9333 4369
2571 9911
6336 3904
9431 4726
631 6920
2985 3454
7892 3016
7881 807
1644 4400
6384 6133
4903 7977
3301 9559
8665 2046
7069 994
8084 1713
386 5881
4046 8948
7294 5851
1467 9234
2880 5050
7974 9546
8945 1
7251 5696
585 6018
8208 1411
6396 402
7440 5332
4778 8215
3828 4144
4650 2504
8562 5889
6127 3775
9574 2539
8798 6534
8926 2907
8598 9158
5233 4254
150 4487
7660 7856
4984 4471
9519 6877
6301 904
5274 5282
1283 9001
444 2750
6362 9303
3962 4158
5140 3501
8342 5677
138 6220
6741 1986
8644 4539
591 6032
875 7325
8844 6484
9167 1344
3064 8501
9951 4963
8925 1066
7934 9359
5595 8181
723 4008
9691 9900
3178 2716
4614 9441
8641 7607
1352 7837
628 6865
2584 5395
6902 9224
2597 1801
3070 8367
8436 8599
8562 993
4876 8254
2375 4429
163 967
8280 6359
2017 9354
5379 9120
8230 7242
3922 9408
9766 7004
9131 9801
3958 5412
7309 5817
9929 7114
9241 5472
3951 614
3650 9373
386 1906
6864 7864
8825 5763
5044 8161
6749 2982
1506 3459
7518 6032
6797 4582
836 9401
897 4873
538 8557
2213 6905
8342 1302
4691 8007
1536 3376
8498 1865
3500 7032
4880 6821
8890 7349
8446 6415
6843 9339
5180 93
4087 7750
481 8268
3582 4728
3555 229
3278 3547
4534 1214
381 9260
4249 4978
5524 3622
5044 6336
7188 9789
5315 9539
297 3019
5749 8909
4784 4392
225 70
4799 8104
1931 1170
1853 6213
3678 2111
1539 1508
5713 6120
1289 2231
6232 9964
8694 3576
2505 6094
2055 7877
760 2410
7820 5937
7038 6731
8918 2542
3964 8883
572 9632
3554 137
4383 4044
7056 3792
3074 1110
8135 4788
9504 4905
2538 2475
2596 8888
4183 8109
9741 2764
1309 4374
2635 845
9674 525
2017 8995
5568 7662
9927 4313
8277 1730
3629 7517
7400 5670
7373 9858
4850 2575
2164 7771
3038 5894
4684 6129
1683 3682
5055 6599
3088 1543
1486 211
4486 5904
4354 732
5457 9411
5887 9452
2453 9231
683 2664
4448 3286
8309 8619
2633 5795
4547 7081
2207 6495
4734 2013
1783 1044
3423 5290
6968 3803
8423 775
9647 4393
2151 6900
668 8801
2043 5291
4759 5345
9097 6050
5562 4045
1329 1391
7739 7871
9959 597
4515 8732
2913 9438
3060 5851
1769 4573
4456 1313
9787 3110
4837 3766
2102 1774
111 2230
7230 694
2801 5150
1148 1898
1042 7739
2265 1056
4533 8249
1887 2306
9582 1371
2554 9804
7664 9923
7378 766
7734 1950
2057 3452
4178 5926
4425 4412
2766 7168
6902 7025
8276 9728
1470 6776
5349 9202
8083 3993
7056 4676
4502 5485
7573 8938
5975 5391
5612 8960
1963 6284
812 4716
841 7506
1330 5727
7619 9450
215 2370
7052 9495
9230 6095
541 4854
6919 6598
981 2007
2635 4493
5296 8148
5032 755
4629 7449
5055 4105
8625 3298
4879 9655
349 872
2098 5940
2009 5607
956 1826
9314 8497
5521 6314
7910 2392
5858 1350
6411 1893
289 2253
1918 2041
6924 1160
5844 3308
8608 8213
5584 5657
9002 350
1932 3919
73 7221
383 7567
5832 6247
1086 3039
5527 2563
8206 8902
7929 2618
1493 4784
9060 6259
3969 5803
1608 7827
7955 5090
4819 942
8575 6583
5445 9067
8440 1206
4909 5996
345 1381
199 7349
2775 4337
2794 6969
7824 574
5454 9261
6193 448
634 2683
4594 9282
9622 2001
5419 9989
4319 5931
3211 8114
2496 5261
4192 6142
2152 2155
2886 4240
769 1255
8929 4399
903 8092
3185 5480
3580 4369
6449 5300
5685 4400
1593 3781
1231 4899
8981 6109
2330 6699
6757 7546
2918 811
5127 7021
6267 5733
6411 6571
7251 503
3470 2465
3514 7664
7692 3310
3475 6327
2933 5764
1119 9761
3712 1521
504 3544
1337 6123
7874 7825
5347 6175
7958 3775
8552 2793
7386 7199
5236 4763
7094 6063
7018 5985
2322 456
7646 2842
8187 2845
6153 2760
8189 7339
1382 1866
6758 9609
2816 8666
2105 5510
4807 1705
4966 6082
6537 3712
1504 853
9502 7711
6998 6386
5616 7655
6875 175
1514 7377
6428 6652
5004 393
7764 5743
316 9876
9828 9830
7663 5868
6999 8922
4272 4046
2460 6367
7412 6673
4356 8792
4924 1040
1279 6546
1057 6182
1158 9271
4104 8832
365 6730
8309 9304
2169 39
3114 8195
8298 6037
9857 113
24 2795
9050 7042
3176 3543
3526 6852
7292 9138
4319 7501
8423 4674
8458 9293
520 2607
6417 5335
6124 3780
8074 5342
3872 8474
8162 7158
5862 1215
9320 9151
5298 2111
4110 4010
9026 6233
8420 8817
8757 6833
9616 6206
8524 2500
4279 4033
6111 346
6293 6804
8496 8769
962 5559
1227 9339
9085 2670
9317 1803
3171 2227
8330 2205
3278 6292
8396 5041
2645 8130
5693 1064
5716 8737
5254 7683
9077 408
8832 4732
7972 234
6083 4779
8576 5301
3079 5397
6448 178
3727 9180
4120 2914
4903 7764
5020 1944
5975 2532
2333 5170
547 4206
7403 5047
4947 285
6517 4721
7194 645
3184 9666
2014 60
6380 6110
2147 3920
7401 9735
2247 7765
5920 6535
7672 1678
6119 2717
6244 5183
4356 5901
7958 5108
1489 4057
1212 8850
7009 6595
8915 4590
2319 5869
6433 7536
2342 9995
9607 2009
9943 3886
4237 4636
4471 8628
2206 4769
6875 5789
1688 447
9464 680
5542 9221
5104 2989
5840 6936
1558 46
5132 4638
1804 1664
6453 224
8903 1338
6295 6280
15 7090
5948 8868
5940 1267
79 5780
9033 1725
5906 7753
5555 9252
2351 9600
3856 4571
714 7308
8702 428
7182 7014
3651 8051
3390 715
7597 3497
8202 8664
9785 4563
9375 9855
3148 9561
2842 2894
8016 8751
3100 3052
5783 643
5996 5096
5244 8982
4232 9047
5470 4059
1532 3858
4249 3655
8425 4395
5959 7247
7048 7734
4704 3261
1902 2666
3617 4738
29 7399
7555 7976
464 2890
111 8375
5181 5801
5526 8820
424 7503
4561 5540
7187 5217
344 7072
8266 7228
2800 1886
4414 7865
9450 70
4520 265
6164 21
5094 8091
1133 6243
1475 478
1776 8607
2752 8831
9506 4778
2824 9457
7197 8689
1067 7727
4645 653
6495 3098
6196 7162
4526 3851
7597 759
21 2111
6045 5860
3929 2013
6611 1045
146 7727
2197 7991
3585 7104
3173 7952
4429 3115
860 287
5263 9714
7668 1331
1251 6858
297 6520
3042 5061
7836 5759
9426 1793
550 4130
7083 4038
7304 1619
776 4704
9677 1305
1197 5283
2082 4000
6266 4496
4224 8980
8819 5111
4736 1027
1558 2935
3304 303
6957 9884
6626 3248
2379 6059
2720 611
4406 364
8803 7355
3472 7945
7233 7627
183 5930
4097 8756
3272 5781
6203 234
4816 2452
1987 6681
9151 4938
1927 6923
6426 1622
2029 9700
1542 7643
4575 1055
8473 5712
6015 4973
6073 7900
2474 108
4026 2124
8457 7706
7 445
9576 322
7708 1210
1129 1592
6092 5199
4313 167
6091 744
6817 7249
149 7755
5544 4123
6813 3326
1514 1493
4407 8874
1053 9762
7682 4395
1658 7672
5688 7881
9854 4483
3686 7310
9076 5509
4548 4905
9774 5448
7875 4657
7836 7689
4106 1107
3923 3328
6100 9159
2142 1360
5401 8642
3634 5333
3930 7391
5022 1640
3351 5790
1038 4881
6106 8663
5058 4936
8991 8335
4017 484
6361 6063
2009 6860
6800 2632
8118 1326
4254 5173
9066 2472
37 7032
7178 8351
4444 7623
8467 1811
3483 5806
4657 4878
9823 4573
6510 3296
4202 6952
545 1268
6067 1440
9724 2502
395 3861
1790 6664
8787 3203
4632 8195
3176 6564
6799 8708
3073 101
2452 8705
7261 600
7654 9717
4851 1736
5769 4666
7779 9016
5412 146
6925 7631
5552 8573
1603 4565
9138 5695
9904 9821
64 967
2067 8772
6760 2313
5515 9411
8981 230
9858 9838
1779 9335
5667 3705
6346 9924
3709 2242
3964 504
7201 6896
4249 3116
4624 9454
1189 788
647 8937
8219 1756
259 8748
1254 6403
9165 987
3128 3872
9758 3208
4816 4153
7543 8806
4653 4040
7261 1836
4742 3320
4240 3671
1111 7821
3570 1815
7727 6552
5408 7382
8622 7674
6912 7100
450 1910
7429 4760
2178 9408
6313 6837
9892 5660
1448 8062
7165 8655
1595 2080
2525 3086
8626 4845
6777 9254
8177 9832
2181 9719
4883 49
9867 2475
7161 9857
7599 5990
3491 9731
1437 6060
7778 4033
7733 9938
7882 1013
5041 5561
4393 4590
1063 919
7765 7523
2336 1518
2176 6423
2004 8874
6346 3985
3373 6291
7665 2460
7811 5983
6730 3831
9791 5530
3601 8226
8311 1841
6986 5099
1721 7179
4973 4464
5719 7413
6655 7864
2943 1116
1696 8499
2792 3719
2515 2839
2909 9971
6006 7015
1232 6875
2022 683
835 4210
7491 1592
5750 2763
478 8850
8321 7619
9606 8753
1764 5075
6716 1452
259 2784
4721 734
6037 5086
1800 6252
5460 797
1208 8606
5175 3108
2140 2144
6572 2850
5654 8115
3431 4555
9839 1702
4677 3067
2047 5206
1703 1816
9224 8944
1590 3439
1728 5284
7457 6741
644 1649
7292 3907
2738 9264
129 985
1389 1499
4425 6572
9194 7662
8045 3000
5548 3064
5714 4881
8786 9242
5222 4618
9210 2292
109 9786
7070 8655
905 154
2654 1994
6538 3170
1018 590
1693 5554
379 4536
6708 6140
824 5243
9151 4531
4964 2875
9750 9529
1158 3359
4380 105
3108 1596
8017 6297
5232 567
3287 8890
7972 8807
4159 4841
1156 7223
9814 6645
4670 5440
5031 1525
9627 7349
9891 218
4354 1936
3711 6532
7678 6754
7432 6763
694 7491
6642 8691
3810 8236
8628 7915
3830 4197
9329 5110
834 848
4317 3070
2516 7086
5928 8129
8166 9789
7522 6126
3904 1594
7402 6589
7622 9203
4102 3300
5537 8478
8865 3904
5675 6527
7747 7250
9326 7586
4602 7665
666 513
5492 7736
6901 5195
5523 1850
9142 7096
7381 1243
9540 9785
2058 6364
668 7490
3392 9890
4142 8760
4182 7213
8986 6563
5005 9423
9337 5036
3008 4117
980 2538
5887 1015
3863 6044
3087 7718
3915 1141
4789 9814
2474 5519
8953 1860
297 654
3175 2563
4146 1432
8213 2008
6134 3750
6415 5047
1117 721
9255 10000
3328 2087
5025 6243
3255 9105
9528 6298
6964 2934
9963 2266
7600 7499
8270 2758
854 804
9492 1399
7424 6917
7967 8963
9613 8308
2580 3357
6263 3386
4704 8834
986 7787
9386 5927
6041 6464
2408 5289
27 651
6872 9137
1214 371
8664 4179
1544 2830
7502 4090
1598 3901
2332 8729
5488 1315
9739 8197
9325 5925
4122 341
8420 2946
8277 2167
3940 6583
7959 1332
7394 2156
9450 788
1623 5818
3167 4113
5680 3858
445 6534
4794 9711
4779 6197
3688 2008
1409 967
5858 5127
5646 609
6297 7986
9546 181
7635 7091
932 7288
7992 6812
8441 8782
7266 9674
3148 588
3805 5241
3092 7689
1663 5842
8067 9917
1480 8161
7210 570
7202 7386
3230 2497
2898 383
5861 9418
2851 2820
1091 9678
2169 8842
7483 205
2358 1385
8266 2620
7969 3503
1074 4055
882 1192
5963 894
7762 212
8202 9928
709 6146
1545 2841
8119 6046
1967 5819
6975 1173
582 123
4505 9939
7102 9616
1178 9488
7230 4940
5024 7244
7437 6190
6424 6403
5780 8052
6859 5693
4207 4473
3773 811
2641 2701
3086 1005
9358 7637
908 5489
6916 6026
7881 437
3378 176
5222 4503
3087 1877
3499 3046
6427 4988
7426 6725
6720 4467
820 9391
6164 4050
6903 5598
2107 2513
6707 4812
8944 3171
9330 7062
8998 3353
9134 6718
5013 3034
5671 8256
8809 9733
2677 1352
7046 693
7121 8776
1985 2287
3926 2768
6122 9909
7136 5920
5283 7811
6547 5931
2740 6319
729 2330
6277 184
9971 1844
5103 4236
6267 8183
5807 5859
4211 8649
1117 3161
2764 910
6457 5593
395 5223
1891 7736
5964 6057
966 6827
6409 8477
6793 5721
3479 4947
427 9066
679 2671
97 3430
9027 4182
4105 1520
2834 4389
4337 9181
9444 6807
1018 7043
2864 6968
2822 5372
6235 4544
6913 3556
5114 9372
757 6322
5383 6422
5351 7151
2233 7526
867 9606
8802 144
9267 1813
4346 6534
2440 1654
2334 6926
595 8602
4547 4232
1728 5218
689 2595
1763 7039
1943 7562
2779 4908
6346 1852
2262 9766
9284 8572
538 7892
8205 3885
4893 8779
847 7568
8259 7792
4309 1544
2801 6081
8011 9447
1145 6126
7823 5668
7285 5901
7137 811
5944 6352
4598 9525
8260 5833
6608 7522
2616 3453
6361 5857
9917 4480
5226 5152
245 4124
8454 8591
1956 5687
6054 5371
3206 1811
4294 9564
9425 318
2037 8522
9676 9826
5348 1194
9191 8569
87 264
9113 9210
6094 6671
1872 2871
8810 8893
6740 2966
3486 2093
7390 7919
7304 3471
6608 2526
4157 4570
2536 2640
7887 6182
6601 9416
9657 2761
4873 873
5213 4943
3375 873
5720 6263
1938 5952
3137 802
7631 6175
8077 684
2318 5124
8602 2054
6590 2212
1071 6915
6432 9184
7702 5657
201 8970
3471 1225
3912 6022
5470 7194
3704 4367
582 4134
6851 2933
9653 9884
6772 4482
1210 8734
1110 338
5533 8637
3287 361
6987 3585
514 8389
1458 6371
6180 4823
5613 5214
4662 9652
3082 5781
346 2940
6987 7521
9393 4018
6884 5431
295 3156
6512 5333
272 7718
2328 2424
5990 2709
8240 9532
2490 1186
6640 1493
9572 1896
9369 3607
1268 9344
7525 8971
7130 5546
8261 2057
4977 2827
2561 1253
5319 8214
3080 4326
5847 4293
5435 9588
4942 6989
6561 304
8638 9504
153 9681
6608 6509
2417 385
4502 4337
4291 1556
5409 5138
3941 3506
7627 6480
2821 9601
6758 1818
3294 141
3230 434
8402 9457
3238 2131
2739 2460
1350 4495
7804 9950
6555 6439
6673 346
7409 3774
5472 2323
528 2239
6442 9982
9989 8312
4922 5057
2732 4027
4426 5657
1502 3995
5364 2034
7123 5508
5322 1354
2668 5806
630 1768
8708 9116
2869 1319
6906 4048
7983 4512
6705 8668
8212 39
8741 4820
9409 5434
5085 3954
2025 8676
6937 7551
5155 6375
4786 6588
7766 228
5174 2228
4339 5403
8562 3728
4627 5868
7829 9186
1832 7546
6954 5966
3464 3930
7592 5923
170 1353
7032 2021
187 5926
1306 7350
671 6106
5381 5048
4615 3832
1485 488
7431 3090
9624 2473
2998 4176
9860 6495
2773 4507
7374 3348
1234 6899
3285 7076
1930 1530
1627 4066
8751 7982
6118 5492
3428 9746
2255 9141
9328 8910
9777 6031
8854 9610
1561 7807
8267 5273
263 2330
7114 843
7872 5560
8726 2515
3157 6559
6105 8841
2546 680
8786 7900
3067 9090
8657 8604
2619 6431
1335 6197
7489 2853
1626 3962
1044 4038
6944 5229
8519 9246
6954 2758
8363 7267
4484 539
2569 1917
7788 7420
6870 5011
9747 6527
7262 8143
3620 139
6440 8030
7220 9247
4663 6686
9745 3984
1914 6779
1937 6276
1780 6117
8022 84
6363 8087
3033 6074
1201 2848
9567 263
2176 9492
3050 2366
9241 6580
7440 4426
1128 88
6198 4558
5271 1046
4235 2670
1054 9579
632 5284
6778 3486
1231 723
424 9222
6971 3074
1184 3431
8131 4532
4612 3287
6054 5116
3137 9751
2864 3077
1284 2611
2428 3199
6155 5381
5432 9821
6726 5287
4380 8313
1706 8235
4888 4208
6312 7129
8854 8702
9660 1997
6698 1486
4923 8905
9877 9522
7983 2504
1771 5393
9881 6822
5552 6446
5957 3005
258 8780
7614 7186
3956 1777
815 1160
3694 7020
5425 5013
2067 5242
9900 3380
9089 8041
8898 6896
8284 1143
5655 8036
8854 9275
1599 4310
2096 8040
4150 4856
6282 6291
4473 4384
4562 4558
4179 5917
351 15
5829 5614
227 6271
1423 7613
4021 1939
3442 304
4551 4571
158 1761
2029 2457
8803 2133
4426 3405
9528 6256
7624 1096
867 1772
2612 498
3181 9630
6737 9418
9212 4567
6304 5837
1692 8434
2990 6732
7279 1977
1196 1716
1084 2289
2486 9710
5959 5334
1303 796
5966 8660
1461 9164
6597 1333
9966 4872
744 1572
1569 1278
8260 2492
485 8907
1571 8109
9309 8122
1116 50
8854 8481
4785 5530
7684 6584
6122 1857
1418 5760
4681 6019
7492 2599
9945 2391
272 7451
3626 4113
6139 9955
2474 5218
5278 3231
1197 6651
6092 9998
8248 7538
9610 9927
4319 895
1086 2718
5364 3802
5264 3302
2632 7851
5553 1111
6587 5024
9987 2134
5341 4762
6580 2689
4470 1639
9874 2544
7597 7580
4593 3301
41 6430
5978 4332
7942 447
5628 5520
9626 6181
8450 8356
1821 5547
7329 6647
9875 7396
7990 3521
9876 3155
3454 8303
8536 5282
2262 9383
2276 9550
6479 6974
5623 2204
5152 5894
6043 9585
426 8927
5073 2297
4196 7767
2959 2428
9863 2142
6473 5448
6421 9354
3092 4663
3176 5181
500 1933
1860 7518
9718 608
5697 7768
3446 2849
7259 1385
3844 2923
5987 7971
8285 7533
2306 1314
7699 4307
1022 4620
7993 3389
6023 4658
7172 3237
2035 5996
3815 463
7634 847
49 1430
9932 4592
9870 5879
9106 5757
4468 5787
2905 6821
4366 9190
1762 3682
1542 1935
3865 2100
7211 9625
4866 8944
7078 2187
5569 6700
8993 8285
2278 5268
9781 7995
80 7378
4424 3605
1439 1326
6335 4850
8870 1836
142 1320
8438 2589
3788 8215
7029 1157
1650 3445
6366 7955
4634 4602
3409 4069
9261 8673
1974 8619
8196 9629
8777 9379
8250 9865
7594 3666
3327 2082
3760 6636
7890 7069
2921 1977
8872 9043
5093 777
1244 661
4811 3768
5297 1223
4703 2075
9518 8808
7534 9905
5092 6756
3720 6230
4524 2856
7569 7471
5175 1921
2903 8822
2194 1210
7468 2483
2765 5446
3121 503
4918 3329
6332 1702
2196 7735
321 3870
3240 8592
2546 9617
3015 850
6738 6482
4709 492
3313 8897
8519 6957
9539 7704
8610 3485
72 9168
4516 1924
7720 5611
918 6171
998 2441
8051 4706
2928 367
1407 9043
9657 7267
931 8128
298 3782
6191 8149
1371 3056
2691 3362
9226 3506
6635 4814
9813 6814
7622 5745
5030 1838
5829 4760
6928 9324
4631 1587
9117 840
343 8394
4084 898
2852 2328
8871 1805
503 4602
7082 7047
5666 5568
76 6885
8411 6925
9540 6903
7167 2976
9746 3439
7695 7678
1022 9191
6061 7821
3868 9258
2686 7476
6707 7320
9959 2613
1426 9952
6796 6599
5058 855
6899 9958
9731 9396
1749 993
7600 1384
4958 3613
2752 1854
3898 67
4240 2776
9596 4608
4653 8094
3577 7560
6453 5085
9292 4144
8613 4293
800 4168
1631 8881
8733 3256
194 9785
3138 1297
2640 7351
1429 6677
3842 5255
1679 8735
5422 7239
3806 7538
8194 4120
7370 7272
8148 4643
8819 5970
4991 6356
3350 2682
9057 2924
413 6861
487 6288
2748 4217
7236 6823
2882 1417
368 7245
2861 8840
6197 1131
4928 1566
1674 3269
467 1668
5400 3755
7634 8856
9294 4421
8729 6775
7727 7885
2247 8067
6 4693
7876 4525
1201 7907
6153 3186
9214 304
7218 9219
1334 7597
5609 203
6054 2438
7606 7203
7945 344
8222 5895
7488 8081
5979 6001
3457 3595
8316 1031
5044 8297
3133 511
3311 5174
736 5319
6321 5631
3401 5962
7932 2274
9704 6967
3123 6452
3465 3684
4168 4658
8980 9477
6078 7598
3090 9039
5818 3619
967 9324
8551 9399
9088 5141
4642 4510
6126 8920
1798 4385
2779 8612
7438 6821
5519 1548
8270 2436
380 6964
3726 4994
4516 4759
6782 7551
1622 4508
1096 167
7471 7034
9012 9449
9749 765
589 6029
9671 7768
2634 8717
4184 9665
4552 8244
7897 4114
1098 2651
2677 672
5525 1073
3839 4351
3215 7078
6291 9029
6573 5567
8901 1376
5945 3548
3793 4591
7271 7216
7207 3932
985 4171
4102 820
6822 5142
5122 8425
9600 2391
2543 5413
5348 7273
545 5679
4916 1507
9399 6043
7768 8294
6757 6658
5042 6100
8733 3748
491 9338
4927 8916
4864 1562
5452 6833
1492 6107
4548 956
4516 3524
1270 3680
4642 9146
4384 8465
7539 9860
334 6208
875 2777
7781 1363
3490 1897
8509 2870
4945 1774
9132 4927
2968 9659
534 4182
883 3182
3393 3663
2133 7992
7487 2847
1932 8110
7561 4084
526 6534
2311 8819
4025 911
9247 651
132 4724
2207 6400
2189 1552
3897 6629
5728 8185
6581 3934
8058 4373
9417 5034
17 9870
3678 2712
3483 1967
9897 4505
4461 6365
8747 7997
1493 6811
3744 9514
4305 8686
8356 3848
2011 5569
3464 6586
1817 5316
9599 70
8385 4704
1427 8591
9952 3713
5024 6497
2429 1644
4841 168
7530 6275
1499 4570
5927 4714
3490 3084
6931 8100
7059 5339
3012 5378
7914 7212
3732 8922
6181 7816
9116 5811
5832 2398
2041 1067
1444 4937
2442 8658
2211 8501
9354 7523
3616 344
7866 1689
1400 2810
935 5243
2984 3185
6846 2131
7711 7702
4404 1654
6914 751
4503 1180
9228 2047
569 5244
3820 8977
6621 2425
1738 4099
1701 4160
452 9745
52 7209
7616 5793
9247 8088
9463 6435
4522 6766
1688 8752
5671 8354
525 7429
1725 6207
6595 3876
3035 5259
5378 1285
3256 2510
7970 4684
524 9762
7487 4327
4530 8551
2533 3317
741 7120
2972 2370
9158 7523
2492 766
5242 6766
421 8291
7977 2426
1971 8780
669 5182
655 6219
8781 3290
8650 6990
3638 9323
1199 1713
4454 6036
6232 5487
7065 6891
7274 234
9554 30
282 8447
7126 681
1734 203
2883 5314
7404 2365
4172 4891
8716 204
1351 9177
3604 1902
8095 1757
1327 2366
4548 3322
4832 9123
1293 9504
1840 7333
6292 1173
6835 3328
8361 1109
9747 248
7506 8949
1959 395
4787 5962
5957 6168
9803 8495
3119 7919
3258 1165
8853 3
7685 7750
3374 2893
4395 7490
8500 8951
3702 1292
5618 8298
940 4584
3578 8854
9888 904
7452 4125
5353 8548
4327 8507
7646 1199
1711 8491
5310 8794
4011 148
6955 9863
7550 6251
4656 6754
1352 7010
1409 8612
4056 5769
2879 955
4913 3491
4856 6272
43 5307
6376 3680
3672 3075
1602 8199
5140 7726
7584 1259
6134 4363
805 3394
2212 8249
3463 2665
5321 8566
7426 5283
9786 583
1687 9865
9294 5161
3918 3649
9957 1068
177 3257
9471 5123
4937 5813
3412 8442
940 9270
5238 3036
5687 1635
8581 1765
2786 6957
3194 5504
8835 5555
414 48
8655 4291
6450 9398
4009 482
86 401
3619 1478
5788 1294
1000 9572
844 1823
1639 9741
9790 6575
2874 9091
9302 2181
3200 6083
3343 6314
4224 8459
1856 7269
2745 7934
8851 2684
1564 1034
7616 6488
3223 2507
6298 7259
4704 8291
2350 6405
5272 3980
5197 2197
4788 6680
2795 5922
8441 8934
7247 1610
4612 1213
8163 4759
4658 3907
1752 2966
5684 1645
5516 7198
2346 8693
5026 4247
9258 5654
5780 7205
1853 6643
3565 2846
1958 4077
4761 1429
3757 9402
9479 7475
1811 2507
6244 730
7173 4404
9685 2688
4444 5466
4389 9013
9719 9631
8414 7932
6585 517
6500 7277
1323 3464
5281 5352
2914 1631
415 8151
9058 2033
1237 399
3105 7002
4865 5979
2309 6249
5592 3665
5121 8510
2291 8371
792 1522
6718 2554
5539 5777
184 9294
3900 6433
9846 699
8097 6852
8572 4438
1976 4095
4231 1218
8906 6523
1452 4285
4062 7545
9870 5224
6506 1056
10000 792
1452 3371
590 1802
7933 1288
492 7438
5344 4811
5928 5883
8460 7510
8783 3137
2242 8619
7446 8678
5096 7465
4592 6491
6235 1500
4038 946
673 7307
5811 6041
3301 7235
5079 8827
8580 2112
7544 9458
8958 8643
4691 1843
747 4818
2295 961
1868 9044
459 9823
6864 8561
9591 888
5327 7894
1821 5380
5236 5476
3758 9476
983 1627
2740 6832
2439 361
6114 6929
3481 7808
910 6924
6087 27
1539 4525
4373 314
303 9419
1593 4770
3731 5497
9223 5216
2843 2629
890 1477
4860 1301
4855 9048
1463 7898
4596 7112
7068 1889
5911 2774
1947 386
760 7968
4214 7555
3586 576
1419 806
3843 692
6876 9904
2387 4243
7134 3522
2841 6215
7109 2473
6722 2093
7873 506
7166 5329
128 3178
612 3199
2047 1989
913 8292
8324 5066
6516 5889
2759 2454
3942 3964
9365 5638
913 4072
8260 4198
615 9896
5957 334
4822 3211
8967 7503
6150 6032
1311 8194
6858 1533
1029 641
923 6932
1849 2054
6191 602
3631 7121
2274 4350
1173 2158
7511 9499
5772 2885
3378 6276
9785 4600
6296 187
9656 2410
6811 8216
2005 8717
4063 758
7409 9231
9810 8716
6538 8272
4867 9110
8469 5507
981 5965
4095 5204
5599 694
5954 145
1781 1708
8526 7502
7493 617
834 7591
9845 1151
940 4799
8666 5897
1767 3086
1252 4568
7476 5872
5031 7280
5315 4030
1128 1801
4237 1309
8442 224
5949 6458
4454 9680
5797 9600
4742 9395
8100 1566
4955 3998
2668 4796
2510 4020
4680 2009
4205 3765
9942 3532
2946 1091
2701 2975
8726 9549
2277 8854
5714 5947
9702 2229
2346 6611
8412 9674
9419 5105
6123 2477
1403 8945
9072 7521
3374 4234
4126 9685
5159 7814
6436 1279
4602 676
814 4628
7880 4952
4073 4439
2291 6873
1486 1944
2851 6565
3596 7843
578 7977
8021 6311
2528 9202
86 399
5016 7848
180 9496
5900 5020
255 6747
7732 4927
3680 4356
8851 9159
9901 4015
9532 7769
4357 9092
6029 2454
9677 9819
276 9511
2333 2865
127 2822
4284 7647
7755 9877
5384 8719
5783 398
3076 9218
1312 9
5298 7531
1249 1803
6245 5699
7568 2461
7247 7066
5055 1192
4031 7833
1842 5339
714 8915
2277 3846
2869 8871
4174 9739
8862 7154
620 8398
5106 6344
422 438
3607 9449
2772 756
1893 2428
7309 3839
1675 6438
5688 3295
7416 4092
4024 5325
232 9865
771 4995
6597 8729
5940 2780
9910 6259
404 2743
5544 8360
4067 9901
4809 3653
384 4593
2420 7237
8592 2325
5585 6803
4489 2862
9082 5950
4905 150
1966 1643
5152 5681
2261 2282
5637 2057
9542 9912
1107 413
3994 9688
4916 4963
6342 5582
1897 9064
3234 7712
8655 6442
4979 2225
5478 2626
1703 1073
4854 3498
1697 2688
3044 4101
5799 1499
7932 9001
645 5348
6566 8297
2989 4885
8108 5389
165 3396
8882 5838
5660 1837
1628 2853
4767 1098
8876 5952
1467 2410
8274 5730
4929 7999
9325 1194
3875 8574
6571 479
2330 1725
26 5774
1215 7417
8685 4279
4975 3775
8816 5634
7053 896
8337 7664
5654 8224
9767 3522
4883 3174
6788 3532
6080 8764
1329 288
4955 8356
8909 310
8111 6592
5233 1563
1051 6386
4891 2303
9926 2216
5462 5986
38 59
9417 3508
1604 8108
6564 6007
7109 8155
8660 9320
1522 2542
6742 103
5572 2077
3233 5219
2036 728
5700 8917
9125 7511
7528 2720
1069 8736
139 7292
5350 7050
1305 6122
1946 4642
9934 3156
629 9545
200 9908
3876 1781
3832 2428
4792 4115
4449 8491
9788 6742
3042 1482
3267 4529
9641 1085
5783 234
8289 8796
8490 8232
2202 5684
9854 4414
5027 9269
9625 4463
938 5485
4764 2686
4730 5187
7095 2510
140 340
3322 5592
3352 5697
1362 4944
2057 1722
2497 2575
2240 6798
1179 7685
203 7663
9129 4576
818 8159
6782 7181
6234 2010
9662 2309
2346 291
1116 1194
5999 1194
4813 3959
8745 4161
1572 717
9300 9239
7310 3565
3356 9531
1830 2141
5931 9307
5455 2725
1735 6078
7283 3814
9519 1894
951 2835
2017 5129
5792 4377
603 5169
3301 2960
3834 7396
2182 4049
613 1233
4104 8574
9136 6317
7323 9353
728 6685
5117 1766
1385 6418
6722 7971
9112 1601
5973 5686
228 6387
5399 1826
6611 6506
858 7029
3784 8513
265 542
2037 8943
5020 5821
5686 9148
649 3561
2187 1689
4689 7990
8516 5328
5688 4507
715 8437
7133 7333
2815 253
157 3425
231 4443
3830 9742
1638 7476
3641 1401
4487 6442
4093 788
2958 3073
7557 8161
1609 2705
1387 487
218 348
9001 4565
7936 1458
7484 1638
5989 9907
1206 1331
670 957
9184 1431
2109 9610
2582 4596
7884 8897
1001 2160
1596 6885
2837 8320
8601 8266
3422 3536
531 2991
24 3629
6342 9626
2116 683
2906 9216
2134 5601
9514 1222
6266 1170
607 9908
8098 8536
5117 8133
9001 7295
2735 7649
6749 1954
3466 1901
4285 6527
3582 1872
2674 8821
1272 1374
8473 2178
1529 8778
9426 7243
259 8975
8565 2137
4639 6528
766 7805
5005 8661
7845 7387
3368 4002
3248 8388
6739 752
5567 152
9599 220
4730 5105
3554 5915
7306 3475
2170 9818
1424 1626
8271 6168
7968 6745
5701 4281
1339 2869
9501 8994
4788 7479
6296 5077
8205 8585
5430 3015
3775 7314
3074 2610
3683 5656
3316 6342
3468 7764
3820 3835
5894 1202
3523 7424
326 9477
2684 4162
6619 5901
817 4389
2414 6752
7697 7312
9356 1265
5432 9232
9778 5507
3497 1530
5837 6400
6024 3641
5645 3725
3681 3282
5900 8619
5939 3439
9261 880
4965 5575
6191 157
5466 3355
6893 802
4467 9962
1334 8049
9133 9339
6784 7501
8978 5252
1400 87
8262 679
6872 2079
8268 8057
3323 3224
296 7199
9131 1531
477 5980
1247 1446
5859 1013
9956 6772
7835 4175
3637 6316
2663 3715
917 2605
4732 9622
1002 1837
3190 5941
8644 4072
244 3988
8348 516
169 1859
5827 8831
9399 5591
9518 3611
2980 8556
4967 8101
3578 1794
8743 5639
6539 6348
4664 1979
9981 813
1348 4909
6678 2301
2443 3206
5193 649
7308 9198
6488 8915
3427 1565
1165 9257
9504 3190
3980 7825
8596 5146
2381 4075
8433 6238
5168 2423
8748 8353
9069 5128
1773 1105
160 8526
2662 8894
5817 1083
2591 1873
5176 9056
986 6539
5016 4978
6336 8892
1362 7953
3792 5417
6166 6561
171 2866
9080 1972
5681 6471
6529 3836
3881 2062
9200 9264
3211 5303
7531 4484
6648 5750
1974 8496
8936 4703
9117 4679
3969 8238
3105 8862
4885 8395
2380 2820
6578 3810
8995 2558
9974 9745
2149 8438
3866 1988
6879 2340
1366 6883
9963 5475
975 7796
7940 4250
7612 3354
1120 4933
1169 1010
473 8867
4083 1934
8154 3290
6692 5449
7789 8896
6396 4215
6744 5204
2419 8664
9563 1081
9630 6746
422 3263
7471 4449
1114 3362
8297 7728
6723 5657
5497 8384
4553 7759
8829 8316
4539 5420
2994 9972
9563 7967
3614 1956
8626 2181
987 1884
2731 6072
4146 3513
8669 9750
8799 2120
5758 5277
5781 6059
7547 1231
1506 423
9107 2146
9936 4641
4590 6618
462 806
5176 1942
6017 1713
8942 8447
2408 1034
8066 1118
8838 9309
147 9519
7368 9532
2757 3498
2177 8687
856 7917
2353 7480
2129 1123
707 7097
2709 4166
3291 2618
7873 1172
380 3871
3343 7201
7088 8817
9630 9238
6721 3893
9301 2209
4458 4989
3645 5083
2370 7963
7091 4110
6196 2451
5568 8864
8022 774
7166 6264
4160 6658
116 4533
693 900
362 4665
639 5085
5155 7550
3057 6849
7657 4549
7067 2324
2946 6018
2055 476
4630 5325
4959 4177
7061 9640
6401 3043
2303 8577
5149 2903
460 787
8541 7633
2754 1141
6070 4177
9748 9599
3008 9261
2935 1032
1440 8880
5558 7116
3632 9972
6761 6801
9134 2312
7498 4084
7254 8519
7532 4623
6188 7222
2224 2195
1790 8591
9631 4084
9073 348
1008 9778
7775 4800
4198 629
5628 8482
8540 57
2842 1582
390 1235
8411 8735
2365 382
3161 1796
7307 447
6627 3488
9603 8198
8543 4916
8148 1098
436 8680
4696 9290
6946 7918
6214 9890
7291 4357
6921 5689
5036 7099
5811 6093
4379 1750
184 9634
4828 7734
2266 232
7352 9153
3493 2439
8149 1711
4084 6557
8926 241
5696 8943
7425 7916
7002 5598
9087 4978
5942 1108
3305 4401
3325 8554
5614 4063
5020 8185
8736 8485
599 91
1535 8617
5187 7919
8893 8583
9628 819
8634 6550
6942 2448
3538 1414
7718 6525
5627 3080
1216 2008
9669 8677
430 4536
7080 5419
4875 9697
5149 5252
1670 8470
9621 4462
8899 7296
9763 7862
1819 1958
2538 9270
5241 2176
2781 5959
8259 4450
2328 8714
8084 6144
8334 4389
5458 5402
3721 1759
9989 8405
4065 9923
5142 6553
9635 5047
7628 5563
7899 2464
2648 7703
8888 4384
9747 4349
7151 8838
8642 2465
7009 2345
1406 3300
561 5364
6332 2279
8878 446
5802 1492
5416 7947
2071 5037
4275 2770
7992 7687
4536 4464
2467 8789
6108 2673
6732 1212
844 2556
5922 1049
7678 8579
2591 6925
2019 696
7187 8533
5070 7907
1720 3947
4628 8182
6799 3448
5752 6496
995 1820
3865 3849
8351 7048
9938 5220
424 573
8373 8304
687 5998
6481 7485
4969 487
8171 2587
3068 6293
7292 1015
3383 9118
3044 3277
1875 2872
4470 5829
6012 975
3354 3407
5900 2130
3916 906
7434 5404
147 3263
657 376
2842 7268
5223 2090
1804 7700
7900 893
5677 5464
4524 6291
2250 3043
2039 735
8677 6436
6245 5178
6725 8454
5411 9142
200 549
8175 5745
2744 6033
1260 6013
7474 6539
3677 4469
7297 7729
4971 6498
7827 6245
6589 9129
9831 466
984 7377
1630 2174
1983 8411
2267 1042
9360 5111
7288 5891
6047 9561
2883 9670
2856 8675
3665 2495
194 7630
9747 2402
8913 2644
5219 2780
9904 6198
8718 9357
9265 8762
5231 1280
4865 589
283 70
6853 8099
7599 6040
9570 2992
4455 2563
6731 9353
5285 89
5893 7464
18 8074
2950 5293
3401 4401
9920 7608
2444 4446
7847 3839
781 2335
956 5552
6387 4195
6148 9883
7171 8870
4380 4169
2999 2349
5115 3031
2817 8920
7868 1097
799 3590
7482 9197
459 4447
895 8013
9932 1090
9251 940
5837 2191
3385 4310
1281 3832
426 6119
7446 2074
1883 2233
3150 6859
145 819
6713 6037
2647 632
7300 5393
7491 4962
4779 9628
9825 8474
7885 1726
5834 363
5552 8994
9449 1180
440 825
787 5570
9173 2226
9761 8322
2383 2027
2590 3465
5139 5394
4787 7687
5850 9508
649 8553
6626 1521
7830 384
9889 1132
1150 3323
9758 7227
1641 6122
6127 478
3410 5651
6160 9125
7013 553
8269 5730
8983 2058
4120 9637
6900 5954
7739 2505
1812 3886
1678 1960
2518 1942
3251 2908
9427 3678
600 2009
1775 3229
744 3364
239 6879
260 6957
4054 6267
9273 2241
491 4948
1935 7645
1270 5926
2957 7272
6539 1463
9340 5926
3669 3400
4071 7991
4262 4707
6246 2610
3224 8583
7824 2080
6356 7511
1961 1791
4685 4922
3535 6019
2202 344
3077 5017
1488 1536
5806 6377
7157 4208
6379 7450
7540 6169
1636 5222
2913 4988
4870 1344
9955 8371
6494 7921
1338 5471
4477 5131
5291 5794
3486 3467
9284 1442
1161 3213
2017 3227
5386 4864
5978 7142
3253 5175
3571 4525
4687 2510
2796 826
3088 1424
4676 9966
2149 9487
1514 4932
5252 6013
130 8582
4880 1489
1393 4336
5407 2288
6760 2847
9785 9738
5313 8768
7479 5738
8021 5127
8113 3280
1632 6690
6077 9823
7582 4448
1354 5016
5205 7230
4914 2994
9990 2187
1086 3960
9432 6106
2329 1047
4949 3628
6030 9320
5129 6621
2220 9328
7734 6664
3331 7888
3975 973
2626 8917
3865 6580
3890 7481
5151 5411
67 5932
2604 2972
5921 5048
3908 8901
4392 6811
6712 854
5640 2322
5139 4512
2471 9357
5741 7360
2243 4259
1132 9035
3680 6482
5586 3696
2021 8366
3750 8716
6024 3997
9456 9777
116 4199
3547 3121
5429 321
6937 8590
6386 8820
6185 9058
8311 324
762 5815
6840 2123
5950 315
1197 8744
4652 9794
640 3875
2500 1736
8689 4927
4863 6679
9810 8439
6748 9840
5741 8781
8620 4132
3539 8787
3641 9552
1636 4483
7923 4552
2667 6194
8096 3710
7320 579
7415 1550
5419 9696
9913 4091
77 4398
6087 8435
8292 4518
7014 2926
3420 6624
917 8140
7564 1745
3433 5375
760 7861
8722 1950
7275 6103
7398 4973
8883 8004
8824 2485
6681 214
2767 9974
1712 3076
481 149
4197 8395
1630 5115
7666 6662
1964 9227
6078 5109
1379 5075
9268 6227
9527 7502
8978 8021
5614 7471
2605 2471
2334 9564
7488 3608
6105 4661
9535 1471
7262 5488
1220 3199
6643 2816
3857 166
3335 954
752 8745
5946 8580
4291 893
5375 496
9888 6131
3418 8480
6937 9817
4726 149
1682 8686
2297 9458
19 7196
6731 4691
440 5852
2471 3835
9328 2382
772 2235
7775 6431
888 5714
2591 9003
3303 8642
866 303
5176 9095
4140 7612
6709 3716
7117 906
2386 1615
2232 7000
662 1980
6486 1214
2770 5220
8135 4524
9029 9326
4736 6853
5906 4801
1788 22
3794 327
634 4644
1848 3016
9045 1177
2129 570
9789 3042
8593 3830
2346 9180
2204 2770
7397 8945
3627 1930
2203 7096
2664 251
7790 4498
7486 9465
4883 2322
4501 2627
5207 7493
6235 4207
5232 5471
1670 6699
5365 8545
8580 9033
3005 3251
2796 5755
3800 3186
5373 4822
1398 1202
8718 5230
1801 3284
8136 193
21 4997
5672 7169
6702 2209
449 5381
27 1265
834 5529
6620 5717
3831 8599
2056 3018
698 6254
3243 5824
8197 1889
7785 9670
5999 308
362 77
4637 4395
8621 3475
302 3068
894 9939
6446 3664
7684 1905
8531 9004
940 5787
458 4972
297 1100
878 6845
5762 7213
1315 9141
4209 9032
5961 4334
3466 8828
6653 9352
4949 3898
970 301
6581 5289
4740 6893
8178 4390
310 7390
5195 4049
6368 5147
3851 6198
8841 4254
3066 3316
6675 3105
8835 1694
2569 9270
8004 2313
3070 8391
9206 4443
142 9820
941 7365
2399 5172
4315 3081
5004 3702
8372 3729
9825 1064
9412 9781
553 9112
5438 1812
3297 1773
6552 3550
9906 913
9618 6069
3112 4824
8989 4780
6907 3738
6719 6532
8884 6681
5860 6045
3834 6746
7949 2892
2650 9935
5023 235
1309 626
5873 745
4517 9246
7655 2493
8598 4938
8405 7606
4601 5396
4958 7904
5954 644
8390 9285
5165 9633
171 7011
7716 5314
8833 9877
9515 3056
903 7090
2192 5034
1825 9838
9200 2512
7947 4490
4173 4485
1777 2790
9634 2116
9508 3743
9642 8631
9446 1159
641 4366
5895 6953
7713 5777
2151 7133
763 5023
1156 8320
3893 1320
8121 4686
8852 52
610 3869
1146 4163
4563 7783
3246 1946
1569 4255
3566 1502
4403 6798
1590 704
2910 3224
4217 54
1385 455
640 8088
9016 373
7915 618
765 1923
6968 7256
3549 6635
4217 9247
4523 9288
4804 74
9716 9103
5023 2650
9839 4492
9901 9387
8578 3918
2709 1099
9217 8745
4112 6895
5615 4160
2069 2776
4085 5065
8070 3787
471 2144
7220 3114
9980 9513
675 4270
2404 9629
7943 2731
2375 2364
8597 3442
6558 4950
5179 2917
9920 1954
8836 5938
7356 2063
4322 3677
8940 9843
4894 9308
5221 1579
8672 4613
3276 1889
1845 6054
9744 7202
5613 3465
3269 4793
2943 2316
4708 7618
1094 8322
5148 5536
739 8895
2408 900
3325 5277
4023 7459
520 7832
6373 4958
7679 890
9840 2521
4365 7412
3863 7497
9027 132
5545 6366
69 3994
9646 2962
8581 9205
6628 5350
5844 468
3776 6892
3440 2202
7318 7751
2765 178
7047 2438
3341 6751
6071 16
7565 1619
1151 493
8237 2630
7613 2939
4828 5491
8958 206
2273 4970
5408 6608
8172 7015
9440 2967
6552 9582
8680 3597
4692 8085
9718 2299
7950 3037
1309 9032
4222 1505
9904 7689
6419 9675
2493 4957
8710 7185
4035 3122
5807 8044
2154 2947
5824 36
8923 1237
7697 6791
535 77
7491 4023
9448 6212
6006 8721
385 4534
6119 4638
1349 3085
3138 1939
4325 5619
1980 6044
9489 9384
5566 5
6124 8510
1811 9986
5374 4909
5649 4886
5213 4492
6497 1322
5495 4183
5162 3362
5077 9878
1371 2750
5636 7958
856 7609
9698 5964
5339 1236
4343 4597
5957 7140
6181 623
9583 646
3734 2854
7797 3362
5265 6393
9314 4140
9397 5863
3046 2737
6370 3129
9436 7522
8729 462
3540 6723
5852 2111
7094 1525
1338 8195
6741 6313
3347 5414
5918 8654
9661 7523
9290 8355
3712 3010
3068 9999
8272 1492
1829 4474
9948 4308
9173 6863
4780 8384
8629 1914
3555 5849
5808 3731
392 5443
5729 98
2506 4244
70 3214
1842 5270
1039 5514
8458 7567
3561 1049
2870 8876
9111 6977
9730 5998
8678 999
3512 3693
6156 5494
6920 7934
708 784
1825 4878
4983 5254
5778 862
6814 7677
7185 4874
3280 656
9779 7031
3923 3119
176 9385
2554 6222
2241 5489
1647 9378
886 8522
970 716
471 289
8263 2844
7755 6299
9570 4990
5955 7216
9994 9136
3548 7748
5890 4320
8912 7105
8015 4667
4879 6076
3485 8963
4246 6096
5475 4175
5591 2595
3089 4192
1523 8230
3947 1658
213 5978
1502 2192
3821 2690
9869 7374
1490 3292
6882 9281
5131 645
6758 606
2738 3371
4226 2690
201 6398
4947 8233
3738 7365
1710 1727
507 8621
1024 6937
2161 4352
2222 784
5124 8843
7303 2857
1302 4364
9569 6203
1165 42
4049 2301
9990 2594
6397 7336
3262 4293
9605 7957
73 270
1113 6068
7647 817
2144 4255
2473 7047
9281 3093
3264 9459
886 6479
2438 6952
9571 5827
8184 1615
6111 5163
5421 157
9295 3595
6986 1778
3171 7886
1355 9158
559 846
7978 1773
1033 9023
1848 7506
8780 6404
3209 2692
2789 8339
1765 4124
8831 3770
134 7247
5181 3971
8152 7226
5279 5400
8162 1218
5020 7796
3403 1811
3241 1744
3826 891
7963 5090
2688 9397
5944 9157
1943 1406
2633 6449
7473 971
6543 6790
8056 2078
2541 4836
5834 5898
1732 2234
1780 3339
9193 6799
751 81
3187 4013
4549 9964
2312 5021
5383 6275
5972 3492
8499 4868
2970 7059
2139 7364
360 2919
6521 4701
4033 6978
639 9233
8111 7065
5907 7004
9950 2595
1201 117
4038 2821
8621 9390
3594 4772
5970 7193
3080 3394
8893 4213
811 3634
9469 9924
9489 4063
2968 3466
6171 7144
4945 8925
7650 9714
9066 8088
7085 8240
8174 6410
9962 2124
3924 2194
6530 8587
2729 8553
6180 3272
8544 7825
9431 4884
6930 1618
8116 2524
2034 8486
6757 9092
7286 6215
2262 7765
7196 9136
8005 582
1663 4529
2292 8169
8120 5591
6429 714
2325 9882
2766 1742
3236 6587
1247 8878
5718 2687
3162 8685
213 8862
5308 6707
2854 8570
4234 5580
7540 1413
2037 1695
2752 8467
7940 3547
4130 1144
1982 3421
790 6806
8654 5196
7254 1331
5953 9747
110 4618
8068 8904
6923 4337
4249 6442
6100 6413
1983 3649
919 4877
4357 1927
1892 8867
1059 4859
4169 9588
3305 9807
9276 6860
530 6846
1839 1023
9050 661
5845 7252
10000 7588
7657 5290
9556 6716
371 2794
6787 5052
7713 1172
5374 407
4062 7177
8823 933
4642 3792
4022 5733
6786 1643
4516 8549
5471 1694
7903 4766
8813 8728
3057 467
2234 8248
7469 6998
8857 530
8038 1952
1501 705
4801 4070
3764 1249
8810 7222
2324 2
2152 6751
8343 732
9062 2593
9032 2669
5118 7446
5887 8405
3112 4795
3799 4283
4498 3310
4665 1925
9427 639
4165 2291
6397 867
7485 9683
1248 5086
5624 7348
401 9313
7401 5142
2105 1637
5439 1903
2718 470
8391 3501
980 7388
4307 3075
4447 2476
6328 5025
6101 7405
3292 9726
4779 6211
3050 5511
4650 3335
336 6366
7853 9332
2810 5316
7369 6801
1083 3022
9425 5382
1647 2855
141 7955
5303 4313
3161 38
4352 1232
778 5084
910 4073
3689 2809
6698 7983
908 6370
257 2068
4326 5739
3811 3101
1354 9151
6289 2597
9030 1663
124 8917
1934 9945
2321 1959
4117 8027
7371 5218
5662 7339
3944 8278
4396 5051
2289 8253
1958 2764
209 3627
5123 1308
9131 3921
7245 3094
250 6864
4016 1867
8586 6878
8316 7524
714 1904
5507 1034
6088 5781
8917 7224
2950 162
8705 5972
8498 536
2489 8040
5561 5391
9506 2055
7729 1629
9414 2162
5642 8383
7054 4340
3555 8716
2934 1949
9403 5912
114 7205
2154 7191
388 6633
8027 3079
5720 6984
2294 8021
5158 73
12 6172
6654 671
2208 3077
3566 4975
1075 3024
5472 8772
2058 9343
3113 4479
8103 5952
4025 6267
836 5178
1756 2344
4557 2328
1726 496
7891 3702
5605 6830
8829 1167
2108 1788
9479 3695
9820 416
7757 7108
194 9617
7442 1791
7849 9457
458 2233
4407 1859
7336 1471
7942 7884
980 5181
8946 1962
7171 5785
1428 4400
2215 4449
9708 3209
8211 6902
2916 1851
6128 1421
883 7812
9837 9424
7892 9501
9510 9430
6608 2612
7317 971
650 479
2555 4553
7984 7842
5015 1789
3791 9363
1590 5221
7782 9368
3696 1681
5862 177
6762 4556
9797 1622
6013 4069
1050 5807
8575 3541
5210 4157
5949 2306
701 2929
3563 4911
2585 875
6293 1104
4726 6334
640 2360
9133 7457
8706 9594
8596 6867
9061 8221
4661 6594
390 4648
958 4767
3558 149
9995 474
71 4457
1644 3527
5804 8701
842 4122
2990 2698
2453 8247
7294 5051
8703 2339
4646 142
822 9696
5416 3441
3689 192
2682 3328
3056 7495
2672 341
7124 2851
2178 4409
3013 5976
2500 3740
9682 5570
5875 201
6823 1984
2944 9925
1355 8188
8471 2883
9404 8966
978 796
9340 5725
1614 497
6324 635
1155 2037
9685 8746
5524 2342
6838 9534
365 1177
3046 1270
9178 9447
597 7471
6991 613
6083 7535
7337 2884
7535 4692
9098 3955
9121 3154
3342 6502
9033 8393
3478 9050
4714 7517
2812 5280
9170 8245
2191 3114
126 2312
1570 109
2784 9329
210 8525
1314 9677
2794 4470
1280 9285
3968 7485
1368 3912
4961 2595
5225 6709
301 3060
1275 2090
4045 8734
1977 1497
3120 6389
5129 128
7024 536
4645 385
2478 9262
6181 6875
4262 8252
9977 8533
5081 3935
1574 6649
9488 3549
780 1781
7377 9712
8745 6485
8545 1947
836 4321
1753 2476
1373 8274
9011 1344
5755 9399
6871 9392
8400 1325
6964 8170
3750 66
3449 5179
720 5680
7978 9520
2852 9567
733 1688
1185 2428
6283 8650
5791 8238
3959 4059
9572 760
5817 7633
1901 4741
2508 4469
9440 8192
197 8458
1908 1577
2814 3248
4428 6287
638 5264
7470 7875
6433 3669
1942 650
5054 828
8505 5531
7094 55
2785 1766
6612 8664
3385 409
1584 8393
8642 4719
4500 7007
654 673
1316 5620
9772 226
7118 3167
1778 319
4005 9589
4104 2692
2557 7958
8587 3660
2061 6706
9368 919
8523 6987
4013 6364
8719 7014
2963 4128
2106 1432
3418 3298
722 3663
9637 6574
5018 4810
3568 3398
9829 4163
2819 1013
6726 1969
3886 1974
1621 1049
2920 5768
3886 9671
4454 2443
6183 9776
1247 6630
9583 4467
215 4427
1131 5796
9449 4692
4843 7138
3782 6281
8889 1670
5899 4458
3248 5301
8068 8001
5202 5953
1710 4335
1357 8552
3756 7807
9944 9130
4126 1323
8863 3538
2701 2481
8037 5255
1780 2650
3765 978
2384 2867
4611 8169
5582 8812
8817 7727
2943 2123
1343 725
3318 2609
926 7305
8722 1988
8518 1124
2350 4895
4989 5387
9179 5262
1237 9994
2064 4339
8893 9003
4517 2
202 3485
7413 6421
7352 3035
9315 3403
6987 7809
8702 4743
6494 7912
3791 396
9038 2894
4962 5202
7472 1547
2885 41
1048 5272
6347 3695
6463 202
9519 596
3532 1358
5507 3510
7499 8820
6356 6605
3060 3504
947 8598
5156 366
2099 5934
7154 475
6553 8343
5391 7138
2374 5500
4675 7543
8906 9381
7643 5087
7059 8075
1014 9576
5236 673
1432 8723
4257 8293
2282 4551
4680 5247
29 1119
408 7650
4094 1691
1495 6307
6525 5786
1956 6063
6266 1775
7248 2322
58 714
8986 8238
8292 8760
4994 1768
6448 5003
1632 5343
8030 1545
489 8904
3658 3715
684 2074
4583 7817
5899 3798
7138 7100
6218 9369
5910 5876
7482 9648
7100 3782
1665 9461
3040 4879
3214 7636
180 5471
3529 6996
8455 8540
4001 7075
7901 5234
9415 4868
4676 7744
1126 8239
6465 7702
1251 2135
3919 1992
1565 5371
8979 1735
8002 7199
9052 565
6672 7833
1567 5833
2934 8873
1344 1123
6283 8726
9800 5
9765 478
1200 5344
8901 3711
5062 3284
213 4847
5725 816
5165 9971
2704 9118
9882 7636
3341 5304
2508 9061
4908 5564
7204 9379
9083 1286
2439 5564
3935 315
627 1248
3633 8913
8268 3709
6668 7350
2386 3151
3275 2068
8396 3559
8663 2497
879 5960
9351 7003
9196 9849
9038 2439
279 9244
2729 5617
5293 6158
2104 5947
5103 197
9482 4775
613 7245
8174 7425
7975 8356
7978 884
5851 9928
2047 3640
4133 4306
7386 4995
55 352
4625 3031
796 6007
1710 4747
282 4570
6900 2181
8397 7350
1918 6484
935 2904
7315 4510
24 9586
109 8348
1710 5423
7479 2345
441 4361
2037 7033
383 4882
4926 2158
6259 9385
2427 9461
7001 9097
8838 3058
7486 4339
4614 5197
4011 9045
9468 236
9298 4797
7351 8564
1844 1534
1804 2662
8361 7866
4722 674
3139 4019
9977 7388
225 3701
9145 4631
2627 4372
7107 2774
384 1144
3701 2893
592 8502
3869 6193
4425 8020
4861 7260
5166 973
1367 442
4385 5910
2458 3981
2065 9968
4722 25
8757 5418
3398 3807
7011 9890
4877 2830
4620 6402
7541 6478
9215 8241
8957 9434
9014 7681
3880 3678
8970 5619
250 9458
3540 8297
2593 3389
3923 2096
6246 6943
6380 374
8813 3854
7617 1627
624 9086
9648 1595
1212 399
9315 4364
375 7171
2280 9717
7946 8874
5746 9780
4289 6884
5304 2527
6164 8001
8123 7390
3670 5251
4808 7041
4889 8316
2767 3354
6016 7342
7770 7834
5497 2115
4549 2116
6768 519
5037 4329
6177 3262
9794 2349
5908 7128
2262 3962
3498 7729
1931 2616
6266 6626
3397 282
6301 4868
2862 1903
9610 8797
3047 2332
1537 943
2609 8518
9396 2880
8800 8716
9408 7545
7151 3741
1182 1334
7999 7124
77 5706
4328 4263
2069 9218
3006 2319
7868 1033
5663 4481
14 3775
5830 250
5316 1295
2882 6069
5402 2170
9571 3524
4352 5159
2033 9561
1804 6409
585 9891
8966 4599
3094 3149
2305 5959
9807 2016
6742 6875
3164 7172
2473 5304
6591 1662
2731 3754
3279 3376
2221 6514
1519 5240
2055 9739
1252 2889
3194 9485
6090 8043
3758 7348
5051 1675
6408 8353
3070 8891
2057 3046
8242 9735
6830 275
6717 8091
2818 214
2513 4194
76 9550
2489 4621
9772 556
9952 8505
5861 6052
3448 9403
2284 6836
7856 6419
9926 3780
3464 3310
2417 305
507 1854
3939 5296
4751 6355
7018 8181
6923 5508
3271 5614
390 2674
9140 7878
8138 8717
340 5814
1414 4827
8063 9656
309 1833
801 3018
2722 6700
5020 4211
7012 1584
9642 1496
5918 5839
5680 5316
7009 2271
7299 1703
3682 4584
5682 4561
8072 9099
9894 5121
3267 2494
6452 7638
7661 3973
7900 1330
6780 6634
1059 7858
3690 9548
3902 2097
5626 8818
5103 8241
2714 426
4239 8546
372 9830
9076 3265
4643 9052
3831 2063
8442 4236
3686 9011
1040 9716
7542 2647
2495 5696
6515 7040
8123 2404
6295 7760
8050 984
823 839
5781 9844
1519 7588
7670 8287
8594 1693
473 1372
1267 4207
181 3755
1536 5569
7851 6991
4253 6085
4212 2459
2401 8576
951 5992
8133 7885
1740 5668
8936 3296
2999 5210
7567 5525
8369 7286
8486 6346
8511 8005
5239 1307
6583 9309
913 5007
5593 3866
4214 1288
77 2407
7137 4349
3793 4993
7297 8713
2329 5749
6977 3504
27 2080
3111 9526
8292 8100
7036 7427
3857 2563
1422 1384
5648 3344
592 1544
568 1210
3342 9568
5370 7060
2818 5938
9609 4179
6127 7484
9046 749
4026 2959
8619 7326
7606 3592
911 1732
4193 6754
2521 7534
9197 6772
8548 583
2515 9869
412 3092
438 7344
38 1428
9448 734
1816 6966
5988 5606
1256 9812
2433 1255
9578 7213
7381 7715
9983 4351
26 7749
9702 9205
8450 2929
54 6178
5124 1683
1778 1069
3451 9279
4277 9214
5064 2495
1675 3158
9212 2532
5178 8104
2493 1354
5032 6131
7557 4618
1741 8838
7144 4272
5734 1645
9867 563
9237 1697
1155 2350
1824 7372
6592 3916
8524 1487
4085 7189
5891 1115
9361 7153
3046 6677
4603 3090
209 8509
5153 1483
5176 2047
7782 1782
771 9430
7277 5079
4487 874
9836 4570
775 3195
1853 2307
6701 8992
6291 8155
20 3544
6869 7618
3081 3147
8805 9312
7145 8209
9887 2377
7571 7421
2140 3626
5862 5807
2142 6789
4618 842
4003 5704
5362 6496
3483 4539
239 7618
238 7241
4763 8829
2822 4830
1905 7212
8527 9758
5882 1840
5125 6769
1040 445
8332 7376
731 6349
4525 7342
9552 5040
6523 4670
7402 1768
5590 4242
5625 4258
2371 7049
6892 9357
927 549
307 4908
3089 9233
2437 3016
2240 7359
8295 8172
2304 6469
1322 6963
1579 5430
5803 5065
6266 9381
8002 5784
2357 809
7461 4019
553 8959
9016 6825
9784 8830
2592 829
895 6615
5309 5489
5540 1019
1629 9116
8227 406
347 539
9485 2068
5966 9988
9457 5756
9001 1485
244 244
243 4053
3785 8415
4393 613
1025 8656
8280 202
1597 1557
9904 1489
1896 2019
1091 6960
9586 5358
7031 4206
1354 7749
4207 73
258 2752
1023 6660
2324 1408
3805 993
93 3719
5024 4234
3488 8714
6284 6202
3119 9406
5897 3411
3799 7985
9537 7345
8032 5807
1691 2136
2023 1928
2338 7551
3434 8653
5725 3901
9585 3478
3566 1453
4588 1004
7299 4160
339 3979
4216 836
4837 9682
7903 6436
1818 2959
7086 3332
1670 4303
3825 4641
901 3191
9203 5468
6218 953
5082 4311
5 1338
8032 1467
1708 1373
583 6047
3687 9302
5967 3280
2621 9008
4324 7305
6940 7769
9663 7376
1357 3255
7464 6126
4890 4038
6548 9391
4253 3222
1717 9255
5519 6330
8963 9256
5156 4961
8162 120
6513 258
4179 8579
4399 9711
8677 3826
8692 2081
212 4324
197 4338
6722 7761
1318 8997
370 279
9375 3586
1657 4951
3918 4354
1070 2199
666 2327
3697 6973
809 6862
3544 8650
6184 3674
5998 8188
8358 395
3923 3396
1833 1974
2161 6894
1267 6850
9950 432
4086 3973
5432 9997
7405 9567
5687 5914
5036 9399
3185 9220
2751 1965
7920 5185
9205 2087
7669 1129
5177 2752
6361 4734
2904 1295
6776 3243
2934 8579
307 2857
9272 6850
9729 4716
1377 2120
2484 5484
984 4179
3643 3638
5332 7429
2330 7852
1580 1244
5383 2565
9778 847
7888 352
3107 9334
4655 3325
1538 1976
7389 1820
881 2980
1727 9374
2931 6469
6550 8744
7701 9109
3752 8694
2241 8213
6848 1301
5799 6695
8879 5381
2639 5330
5020 7900
1206 7779
8496 9303
9845 6716
3898 7124
4999 3573
6237 2037
7153 7119
495 3948
4729 3009
902 311
9825 3789
1394 9771
1081 2973
8648 8896
5079 676
3735 7272
9052 8038
5295 7050
1725 1546
8102 2214
1010 9203
6546 8161
6815 7196
6162 5363
7452 5166
8099 4217
5757 9293
9781 5745
9395 3151
5749 7564
2850 9464
8283 4224
4578 4831
4307 5203
7513 6626
8705 4436
20 392
5249 4683
5418 3461
1675 5785
9776 1632
2367 6849
7681 9876
2195 837
8249 4334
5534 4298
5865 7355
8145 143
6459 8354
8608 1407
5028 2673
1945 2140
1088 2745
8193 277
7504 1597
7122 9920
9865 5108
6179 4759
501 7483
3644 5342
2448 7705
7832 1049
5611 7336
7088 9016
8232 5423
6990 8319
316 2638
1775 5043
5121 3918
3431 4639
3963 4477
8285 8001
7616 3629
6307 1150
451 3286
4470 5503
3778 8893
4386 2600
8209 2101
6921 9360
6227 1844
7638 1859
9483 3018
9823 6245
4292 7159
5021 9728
3187 2426
8280 994
7477 3390
8533 5906
6744 4671
3795 6518
2404 3114
9787 3357
7372 3079
270 6508
9612 5564
7849 8862
6744 7511
4447 4975
4056 6978
9984 3166
8819 9357
6667 9538
4816 7125
6569 9961
9518 6553
4202 3518
2318 4803
3532 6007
564 7789
3930 6212
2426 7762
9323 5010
1544 5508
9441 6706
2223 6763
5829 4455
836 6326
5921 3511
2226 44
5345 3091
9320 1688
326 9574
2606 4653
1810 7529
1350 3762
9096 1967
4895 5572
6120 6182
9964 6902
2615 5541
9164 5
5652 9969
4091 6974
3706 858
3654 1543
7795 1563
1946 750
4940 6131
9187 1427
6371 8190
7829 9999
454 6487
9989 6584
8457 8244
6611 1313
7987 2004
2633 2010
3880 5817
8065 9595
9375 5330
6813 3498
59 2023
7087 922
3482 2246
9058 7822
7158 998
2156 92
9376 7246
3686 7809
2484 9469
5871 995
9667 8170
6550 1661
5980 1633
5953 6018
9849 1516
4005 6333
1859 8762
6191 3433
2051 932
7593 8659
7954 8059
8367 9234
3690 4452
9129 6887
6585 8716
8108 4983
6453 1462
1210 321
3115 9422
8807 2399
8460 6542
3986 8574
1780 6048
2140 2748
9647 8989
7034 6372
4040 7981
7151 8045
3581 3197
718 4487
5411 5087
4267 2495
4748 1121
7144 1928
9636 6732
2991 2396
5714 488
3715 5280
8211 3027
4553 9093
3356 7432
4057 4385
1971 6831
2243 1531
1170 740
6047 361
6385 9437
1612 2940
8742 8169
6082 9195
2724 3012
1602 5626
5615 359
8736 2269
6810 8761
233 6091
2071 4477
9515 2555
6047 9907
2811 3123
8249 85
3256 8456
409 4837
5267 5967
7889 8192
465 2344
2663 4159
4135 249
9818 5719
5389 3138
4093 6438
7957 9400
9199 9600
8337 6174
6898 2824
6668 9766
9757 9559
2361 942
9726 8516
6134 3528
1857 1347
7774 7544
6907 2054
9790 59
3655 1043
5017 8820
5714 2424
1601 9883
1782 3650
7804 6930
7911 4635
7154 3598
7014 3176
2975 3124
5682 3239
4202 739
3405 8241
4637 8621
505 2952
4300 4818
7541 9695
6340 1907
1069 2006
969 7604
9837 4636
3718 9724
2862 4583
9224 1179
3745 9982
43 4808
3384 2732
5910 7780
8882 2922
5670 9524
1672 2045
9859 362
447 6391
8583 4303
715 9022
3720 5073
9216 4256
3344 6121
590 2262
7739 402
5670 1378
694 6219
9066 4384
8393 4442
154 5198
8829 4864
5834 6217
2451 8108
6114 2373
5165 4566
6534 9718
1109 5239
2857 7463
8105 3806
8506 7509
9343 5428
1453 4966
5446 3550
1184 9610
7426 6258
1635 1022
5101 3676
7552 913
9503 5054
6844 3923
5903 6973
7091 2082
7781 7502
4762 1857
9702 9819
9419 499
3423 6228
1924 8908
3974 1263
8813 8283
4386 8711
7011 5360
8802 316
8613 3492
2719 5005
6221 8819
2495 3961
6129 603
4379 6013
2583 4452
9254 5955
1933 2604
9165 5644
7872 1930
3599 4377
4485 6592
3348 6603
328 3666
2172 150
5419 1459
361 6320
4268 1303
6843 3944
3362 6541
9491 8992
548 2102
4981 9527
5004 7686
4440 6300
4957 9277
5985 9477
107 2407
1863 5767
6759 7833
119 4842
4696 6838
2883 6898
7091 2342
5745 8772
6891 1801
8928 3867
5435 129
1761 3379
200 4647
6057 3624
4069 2573
6839 2017
5226 8833
1383 2543
7101 1427
344 8022
7725 9976
564 3279
2268 797
9898 9186
2981 5629
7069 237
3546 5735
2819 7136
2775 675
9766 4322
6155 3843
635 3880
7399 682
382 1340
8932 6872
829 4997
3821 3293
5976 1972
5436 7239
5194 6036
6977 3411
3987 7637
8176 3725
4866 5311
744 8624
2569 1554
9113 4073
9909 3250
9530 594
4113 9138
5441 7644
7935 1696
7909 8101
3618 4833
4797 3387
5366 4293
9647 1114
5820 2399
5817 4270
5700 8781
5340 437
2887 8038
4175 5092
764 3490
622 6873
1206 6758
2017 7125
9696 7676
5490 343
3381 8762
8859 6150
5941 6384
4242 5707
5231 8821
9843 1315
4554 7276
7102 1122
8701 741
6440 3533
2881 5294
5875 5272
9816 4705
6390 8251
1361 7338
5847 1647
4694 8457
1981 9865
8256 8334
2510 1588
4049 1038
8662 4085
7517 1187
2584 4261
7924 1115
1058 1116
6137 9795
5758 3674
377 2948
6702 5412
1157 3932
2136 3721
908 6315
5814 7630
9583 3299
7862 7849
4386 3628
531 8008
8342 1779
130 6887
6686 9354
6983 7152
3462 4608
125 5913
9604 8300
4931 8173
8245 3748
1801 5762
187 7336
1153 6437
1288 8641
6204 2273
4093 8644
3230 8647
9470 6199
5732 2460
6131 5791
634 4602
2327 6037
4147 7040
1585 9965
8851 2640
3709 2295
3503 8062
901 3268
5136 2512
7463 8696
3209 6199
7770 5960
1126 1293
3789 3329
1044 9628
7947 2535
7116 3247
9945 2538
4029 4299
1250 4770
5208 6264
2352 8991
7335 1692
7865 1066
5623 2261
8958 5072
6237 4783
5979 2565
1966 6535
8420 4065
495 7386
6333 2394
9115 3873
5803 7409
4666 5876
8095 1831
7268 7082
6593 7793
9605 4501
9981 595
7899 9870
9763 2091
2172 1425
2758 3031
4323 8416
313 7058
4089 8557
4804 5867
9969 2755
9365 6864
2811 8155
7894 1945
352 2186
2919 580
7153 7428
4638 1009
5382 7041
8608 2635
8543 9690
4677 1355
8346 5691
9135 976
8109 946
4401 55
8421 881
7351 1150
655 5033
8825 358
2632 7491
5021 757
9572 2226
8 3755
5727 8160
4501 1675
6500 6837
5798 1550
5945 6547
3857 4093
9004 3753
4949 6496
8493 6457
316 4499
7541 4842
4880 8119
1783 8140
1967 5420
1253 9038
3030 3228
6539 7218
4166 20
3050 1397
3957 5104
532 7730
1826 6172
5024 5630
3445 2278
1245 3189
7562 3469
774 1243
731 6820
5940 6464
6754 3546
548 2534
737 6679
658 3743
9428 5182
4779 1282
9122 9475
5354 5530
4925 237
4603 8519
3933 3671
1417 9162
976 1044
7119 3968
6777 7654
5732 590
8610 5183
6299 4902
5250 4822
2338 7509
4677 1771
3580 740
5532 8839
7927 974
9309 2452
2560 5838
5926 827
7345 4279
9591 6521
8139 9879
2004 3988
7200 9170
7468 8466
8975 541
7666 2218
2406 9736
8897 1519
3515 3409
9169 1799
8709 5579
8942 8908
1051 1871
7166 6431
583 1568
2421 2867
3538 7804
23 1777
3274 7612
4102 2834
2318 6573
8791 9054
5520 1557
2762 226
3401 1708
3982 4859
9894 2174
5340 1852
9711 7139
7778 6931
9517 7588
5613 1281
2193 8788
9176 6133
6115 5769
9666 5462
6043 581
7849 3468
8701 2347
5219 3326
2968 6288
2111 3916
7079 2383
7303 2471
9500 6220
9618 1065
7093 2631
3390 6073
4421 1204
7485 1107
1155 4010
4037 858
8587 884
3116 6523
1710 5223
1461 7808
6359 5115
4130 4757
2414 6444
7950 9985
730 4740
5519 6756
6767 2328
9625 6811
5498 9826
849 7614
6052 6063
4062 536
9619 4987
2889 2366
72 585
7531 5678
2023 9006
2789 2485
7028 9192
7299 2231
4058 2054
1662 9305
1815 1428
9988 8725
5312 7586
701 9643
4969 1520
7617 5536
22 4972
4712 9768
6870 8575
1005 1571
7734 7120
5578 8866
1948 9165
3191 7589
8640 1247
5893 6229
8562 2322
8454 8585
9400 7325
8818 1875
9278 3032
2090 2032
2236 432
4292 7241
7814 1474
6159 5158
2114 6887
1375 8047
6151 9472
4402 1672
1133 1117
5114 7333
623 8251
5216 8691
8594 4612
689 6972
6440 7782
4298 182
1556 3558
2358 8652
9695 2465
6662 8592
3083 5222
8565 6961
4989 8549
4195 7420
2731 1474
1866 773
7027 2822
4392 5294
7320 7597
5413 3592
9299 8742
3574 1946
3489 7745
3544 3266
8105 610
6556 2674
9123 6110
4826 7639
8194 3968
2541 4423
9332 7735
7035 3445
6142 339
2662 6571
3281 2670
5086 8582
6687 7749
8462 7960
690 7020
5749 5568
7222 4587
5270 8018
6541 3008
7346 7608
491 2315
7528 9449
8671 8645
9635 2661
6470 9443
1107 6640
4499 5625
7589 8581
8589 3382
7521 7036
5649 3314
6244 4844
5924 803
8098 1029
3442 7145
2590 5460
9323 9997
4375 5738
9064 8010
4080 4372
7139 3384
5321 536
3770 6143
2460 3888
9498 4977
3619 247
8820 4342
7461 2901
2943 2538
7049 3376
3457 3528
3823 4051
354 3544
2445 9358
4750 6867
5116 9512
8755 6321
7826 2972
1918 9903
2969 5412
5683 3646
5449 2095
3054 8759
5079 2578
3023 5988
1298 4834
8162 5306
5040 804
6025 1553
7452 8023
8959 5025
7755 4223
5556 7976
1873 6419
3897 3869
8793 2363
5473 8994
3914 9780
6500 3261
1461 1382
6749 3868
8519 1359
4714 4055
6251 7379
3036 998
6091 6172
4636 3196
5971 3112
3934 7692
9969 7571
629 891
746 1305
992 729
2134 6024
9036 9216
3795 4077
2010 2884
7170 9363
8431 3732
1226 9308
41 5651
9639 5294
7244 33
3188 1470
2229 9878
4807 3547
2196 5116
8665 8342
810 7230
8369 5475
3383 3001
2319 8118
5176 296
9938 5923
3823 8258
5461 3895
3294 3070
6350 3625
3106 2654
3800 2675
1470 5308
9516 6245
2268 8529
7453 6701
9899 8760
1018 5981
5361 8604
8461 4486
600 4042
7375 6158
1139 6425
7109 2041
9248 9608
3183 3444
6925 6759
9677 1668
7390 3095
2346 3462
6642 4779
9363 3461
7618 7931
8655 8399
9773 7317
2754 6076
4692 3962
1126 3224
3661 7869
1172 4337
4397 2293
6344 1334
2200 5564
3985 7799
3514 8416
5535 8758
9641 4922
658 5953
580 809
1640 3039
3496 5144
2945 2508
1054 7449
8914 8487
5535 5719
1721 7598
2620 9223
3251 4449
3566 578
5238 2968
6711 9231
9325 531
181 1051
623 553
3405 204
8387 9753
596 4815
9766 8476
902 2100
8127 5085
1582 6561
1134 8150
3240 7544
9358 6282
3977 2138
5230 6570
1022 2708
4003 160
278 4140
6536 2300
3347 4105
9843 5360
7834 7561
813 5545
5503 3687
2396 5088
3269 6788
573 2283
1634 9326
9476 1648
8534 6723
6042 7532
3223 1048
1415 994
8066 839
3220 8908
5859 9033
9270 8995
6240 9852
688 176
1305 2231
3709 3754
1005 3116
4064 1780
6608 7960
7844 6383
5374 2715
9970 2674
464 345
8128 5003
1394 2411
2845 8083
7706 1681
9347 5984
650 7133
644 8244
1062 7984
9039 7376
3807 2241
6680 8808
2717 6286
4903 3136
3672 8874
9130 1774
2058 2084
1798 4231
1949 4960
3147 9365
606 630
4271 3764
6737 4961
6107 2409
5547 5611
3008 5652
2664 9936
729 4377
4949 3195
1475 6217
5947 428
615 6568
6385 9856
8371 699
8822 5900
9933 885
1633 6805
92 7669
550 4443
9989 3676
5892 2116
1742 8000
3448 114
526 965
4132 7969
7142 6613
6437 5206
4770 5501
8763 1275
6782 7420
9524 6312
1234 4910
1397 5939
4867 8932
6311 432
5721 8092
9900 7692
4991 9613
5347 3618
3200 4648
7757 5838
5841 6630
1610 3230
5696 4518
7039 4979
23 5599
515 4652
7744 1014
2588 4475
4325 6931
868 5968
7834 8510
5397 9605
4431 3491
772 5010
144 6718
9227 7512
4999 5836
954 8781
4992 6363
7129 4863
226 2855
9199 5863
240 8426
6476 3016
378 3692
3358 2822
6113 7794
7855 1152
7361 5429
8223 2254
6575 4279
6615 7229
8848 1027
9744 3259
9384 1801
59 8022
6015 331
1092 9050
9614 3421
6973 9571
7920 4377
798 6223
5038 3771
31 5220
1593 6633
837 3054
1713 3029
7122 857
9548 9056
5572 6878
2357 8409
8791 4784
1881 5770
6154 9518
1649 9255
5145 164
8047 7741
7201 579
1617 8295
5319 7141
7198 6268
8085 3920
8331 4856
9636 870
589 7652
9579 3697
9921 7953
7773 8789
707 1024
841 1228
4469 5349
7453 8139
7532 2182
6724 4657
574 4586
4054 9668
4782 6254
1986 3848
9916 6911
8117 1762
3542 5462
8877 9612
9078 4148
275 594
857 3381
681 2001
2775 668
6663 9243
5428 3173
7525 106
9685 6085
4419 1366
6229 7173
4677 209
787 1045
6009 4005
7694 5739
2664 8172
6448 8658
3637 5197
7472 9478
7894 2302
6914 6129
6337 709
13 5600
4995 5024
730 5012
6408 6936
8928 8731
2451 5501
7082 4989
8113 153
4847 7152
8579 7635
8560 26
5557 1549
9726 1305
4015 4243
4785 7218
7631 3725
2178 8670
9403 63
1653 9280
9753 1692
7459 8005
6152 5272
4181 6536
2563 4288
7488 5495
5612 7555
4702 824
7661 3932
8215 9295
535 8006
7056 2878
7505 710
2825 4585
817 2051
8972 6324
8092 4455
8542 3376
8315 6495
8625 7692
2888 7472
3660 499
4194 6346
4478 2501
9275 1579
3407 9596
2686 9795
1813 3791
4942 3115
3318 9430
8865 3380
4796 8615
9186 4590
1498 665
6627 8196
7001 5843
3248 6896
8922 6779
4803 3832
2389 6372
2638 6870
1498 1021
7049 9268
7554 2344
4067 69
8267 3479
3357 5371
9756 23
9054 9232
7130 7732
5820 4579
2108 6878
2512 1867
6498 199
9006 8303
3662 3858
4273 2322
6044 1932
7051 7941
6136 4389
4468 5777
4303 3523
4247 4773
9206 3326
4422 1232
2052 5032
2377 7317
494 3510
4311 8630
4316 8272
328 9173
8025 9364
850 5615
110 1059
6322 3701
6431 4479
9200 5705
1611 8429
3372 4176
6451 194
485 2905
2806 5783
2338 8645
3045 5861
8935 2110
1893 5187
8139 3013
5604 8241
1718 9386
5107 6353
1003 8916
4471 2642
2692 302
1641 2553
3906 720
1474 1949
2808 417
2855 8062
8117 4256
8104 2344
8000 4435
7189 5771
5255 6954
8153 2623
6589 5226
9808 9651
2967 3216
3507 4568
908 3850
8693 1893
2462 3380
4100 4278
9041 6482
5493 9477
6390 9528
954 4106
2154 2660
7575 1145
9750 9707
6878 889
9839 7470
6206 3790
2341 8843
6468 1507
7255 9467
1422 3921
7839 1372
3963 6985
8685 5483
7752 7486
5293 6091
1980 6733
4467 6766
5865 3411
4313 8418
6097 8427
6209 9672
5885 6756
2540 5641
6795 6456
1275 3501
3908 7194
749 9199
7365 4331
4238 3885
3862 4003
9838 3624
1071 4244
9652 2188
3712 4483
1343 361
7657 8632
5044 4721
5860 8010
7422 8680
4415 7189
9723 3977
8756 6950
8491 5157
2001 7098
9008 2301
3244 3267
8294 9157
7573 3126
2072 3433
8265 7276
4043 1959
8925 3087
3577 1855
2048 3837
3419 5752
2041 989
5036 1290
1154 9111
3701 7591
2828 9613
8767 9576
6587 3858
9108 7347
7543 7963
9108 8581
4168 8162
1464 6845
2781 7047
7923 8713
9089 866
1235 2047
2900 7706
9260 8620
330 7648
8885 2436
7301 9563
5160 8788
3549 8796
4218 9912
7203 5475
255 2594
3579 5081
1084 6831
9702 2663
7372 5462
7455 2055
7803 7844
9582 7820
117 3124
7005 5214
2072 5528
4789 9338
5991 5784
1760 4173
6155 919
1687 8277
1854 8201
5956 9650
1810 2503
9718 1462
2991 1857
1435 664
750 6030
6672 6942
2057 3735
4908 2390
4912 6018
3085 6688
1077 3529
3630 2804
2125 3166
9490 25
1600 2262
9846 9575
5896 5737
9424 1406
3672 5714
5477 8031
54 9101
4006 3794
5587 8464
7058 6540
9983 8284
7404 2609
975 1080
3191 6757
9362 5492
7686 5324
5339 1408
8178 1701
2927 269
6026 4108
1198 6155
7001 337
7824 6080
1464 1484
5191 1902
9894 4231
6291 5853
7375 2019
7851 2016
140 3916
4531 9823
1398 5500
3253 2659
3707 8669
7739 8664
833 2741
7912 6237
3460 2366
146 6688
2550 835
5939 5300
3086 5994
4841 4993
8044 7059
2489 357
9798 289
1262 4191
5514 5965
1222 3802
1585 7836
7156 4802
561 3857
7859 5348
3287 3951
5316 4711
5870 8633
4643 7750
4933 5356
1117 3639
8368 7429
8060 234
1115 2246
5029 7259
335 7988
1029 7556
378 4400
9419 9522
8237 6716
6077 3994
7484 3621
2251 9761
9474 3914
2542 2814
7083 4413
7955 638
7236 8838
653 6855
1775 3352
4058 2962
3565 6736
7399 5376
9466 981
74 3610
5323 6972
7982 463
4302 133
9631 8242
2672 5652
878 902
7167 4114
9851 900
2873 3852
1697 6962
832 7061
2891 8
6630 8335
3038 6905
7469 3795
1444 5196
2564 7875
9713 6610
986 7358
5323 8494
5728 8515
8768 5320
2789 6259
3807 1253
6853 6982
6666 6165
9965 7879
3590 9944
5903 4433
229 7258
5217 7250
1322 1745
332 3795
5021 1000
9832 273
7953 9090
1377 4877
9626 4623
5649 217
3077 7849
3391 6756
1602 3396
9336 7558
6587 3847
6522 5921
856 3693
8766 9826
8574 1601
5669 6727
8815 1406
142 8142
1963 7395
3414 7334
3857 7124
7640 7167
7327 881
9827 6616
7728 3142
3337 3653
2326 134
4362 7
4845 3544
3136 1401
5829 9809
9887 647
7149 4539
7775 2135
9237 2191
6087 4520
2031 6119
1476 1980
9799 5662
7267 2
2800 7604
9082 3377
4710 4620
4116 783
9905 7664
771 5036
4134 2957
9709 2167
202 9433
2213 3953
4728 422
4063 1341
8104 1700
1350 5794
136 3234
763 8704
7875 6599
7298 3360
5475 7220
4984 6209
267 4664
994 3450
1910 7326
1139 9988
517 5451
9841 2543
8943 7556
4673 9717
8023 2906
1189 146
5741 8475
9851 2244
7752 4533
2857 5610
3188 8429
9633 5502
8878 6672
1113 2220
639 85
5508 7208
2726 3554
5167 85
8680 8918
9362 2320
9178 1009
2159 9848
274 5989
1315 1743
4937 2326
4458 4809
3627 4154
4498 7579
5463 6669
8166 9473
5503 571
8657 858
3960 6400
1945 4259
1286 4910
4884 2162
3778 7022
4402 3086
1954 6721
8673 6907
3465 7402
4514 35
71 4286
136 8003
4332 4912
1517 4989
8006 6784
8343 5662
6996 6271
4722 6364
7600 6097
6151 4352
5474 5567
7260 9516
4967 4647
6341 1467
3371 3901
4041 9236
3616 2079
2135 248
2045 3654
2720 7273
5819 7347
8578 8200
9254 6392
8716 7638
3662 2097
2498 6108
861 198
2929 3969
5740 3610
2832 2617
261 8082
3690 7658
1788 9499
1153 8827
1718 8296
2845 6096
6283 9252
7866 7550
9931 3453
7703 971
9920 3774
5130 9437
4327 4196
2701 2106
2700 4449
2281 1395
3981 5831
8662 7524
9973 6005
2953 8300
5878 4450
1842 3912
6969 7810
6710 1460
404 5077
443 349
6601 1869
851 3185
1719 1657
6893 4453
280 9462
1466 382
4563 3637
4410 1773
9395 3267
2865 3324
437 8143
6899 7542
4857 6870
4275 895
9061 3843
1220 7184
1959 7210
6901 5759
1864 1017
2848 8644
1912 6729
9117 1376
4858 7999
3536 9395
1983 3021
9841 8923
2680 3170
1201 9582
31 2003
6637 3675
4947 6626
9558 6679
5328 6775
4830 3223
1989 9387
4558 2653
7982 86
4384 5167
4489 515
4164 1938
9597 7362
762 1935
3328 2290
2993 8824
2301 4647
1725 2366
1604 6610
2778 7961
3612 6799
2258 9826
2758 9822
9761 5779
258 5098
237 4546
3047 311
6054 4549
9945 6741
2784 4138
5033 346
8956 9558
2900 7546
8470 1328
9597 44
6260 1667
8643 1109
4973 9671
1909 7502
8844 2780
8066 1231
8767 754
4195 366
1741 3010
6791 4513
2069 4472
6904 1193
1736 3842
4297 2687
3982 7778
589 1335
2879 5415
1166 7784
6815 7211
3284 2168
8726 1171
3786 8789
3649 8647
7413 9269
7029 6311
7314 1428
9054 549
9744 7356
1430 7843
8735 5685
5900 2971
7016 6306
9625 2238
6711 7418
5006 8100
7035 3217
6685 6382
393 4153
9101 2308
2065 160
7582 4979
2413 2759
363 2166
9017 8564
9145 1119
9714 8534
5097 4931
2158 5201
191 382
8928 6373
350 3038
2976 1418
2897 4362
510 7776
87 9118
500 8335
849 9644
1856 5417
3610 7922
6406 5057
4578 4616
2312 692
1449 7347
479 5341
4397 7455
56 1161
7677 6601
1125 2440
7427 7141
5797 4841
345 1896
4219 8502
1276 3924
5178 1347
6870 9640
5956 6401
5485 5825
4077 1230
5555 1596
3065 7444
2404 2022
2803 6787
4018 370
1208 6060
3015 677
5252 7864
1382 3282
5908 1489
8444 2245
9581 7270
8161 9924
761 8764
4218 3569
7697 2978
7244 6228
3336 1462
3930 9377
9089 7108
637 5672
9365 4227
6578 9402
9227 6056
4990 9621
6350 9160
1140 3789
7886 6532
631 2622
2990 6281
995 193
765 3043
4882 3134
6448 7862
7182 518
5249 9941
9252 4930
2114 8159
9595 9680
950 5168
1736 7062
6947 2122
9276 5546
6040 3107
7104 235
1949 8676
3096 4606
3781 6228
778 51
915 8203
3868 1066
8290 7902
4911 961
2881 4753
695 6374
8187 6342
2242 3040
7621 9698
4046 7746
7638 7728
135 2110
1028 1695
5276 6196
7021 2425
1634 5121
9410 741
8284 5790
6837 1172
4910 2689
2847 4011
2451 1583
5447 1436
2175 2685
4078 1390
967 4634
3401 1125
1790 6950
8196 9109
3870 2821
7402 9100
3517 3863
7913 6307
8783 3033
3098 3196
4321 5875
7457 5867
8378 6994
5647 1706
4228 9461
7171 7370
6707 840
910 3747
6885 451
7307 2019
1355 7814
1456 8868
7790 4175
447 3618
4650 6013
7548 3493
5731 5125
6611 5073
8858 4023
5109 8699
3922 4210
7121 7872
4988 32
9994 3319
171 1465
8289 7451
5774 3810
7066 132
8085 1706
8520 9678
6165 8745
2289 4586
6857 1945
8938 8642
3571 1945
7663 1623
6417 3655
5609 7498
5744 4284
4657 6844
4919 3010
886 4919
454 1443
5291 214
9097 5698
3551 6478
9437 3678
5982 1957
2012 7459
6617 56
5593 7889
915 5294
4673 1068
4186 3868
1010 418
7122 4242
3692 4734
429 81
2640 9608
2422 6269
2243 1668
7584 9105
2136 5583
8248 4743
4228 8598
617 3381
2998 3162
592 5216
9469 1966
8769 5645
6944 6514
3755 9833
7083 8989
9811 3659
8060 930
8953 4189
3027 5473
9927 5403
8695 1116
9523 6782
2081 7009
843 1050
3839 257
4475 7564
3302 2000
504 9154
2022 4351
7569 4501
9606 7892
8528 2055
3624 7860
3108 8303
4810 8693
408 7215
820 324
5400 741
9037 8158
278 2633
2522 4703
2267 1094
9659 5093
3984 8846
6575 5895
6698 9684
1619 2354
4404 4853
1830 5258
2560 3877
2488 4988
3980 3978
5707 5232
2859 841
9107 9077
4532 3139
9835 9513
7450 7317
8710 5464
2489 5946
5665 6950
2444 5704
3688 4116
1412 7284
8353 9992
6537 4795
5964 6990
6051 2999
464 2942
6794 7162
2480 1404
1235 1489
8187 8093
1492 2672
3144 8610
8947 3614
4260 5022
4256 7886
6163 626
4328 3336
6297 3588
666 7946
8623 5707
4515 3332
8579 6179
6887 5920
9705 6798
1362 2898
7912 8150
5448 8737
9003 1640
6467 4995
9675 4230
1588 5961
9398 5325
9242 1122
7411 2081
8070 6929
7965 3293
9890 5828
5811 2476
2910 8690
3898 9419
1292 2996
2514 1560
2245 7655
3407 992
5585 9211
3227 5145
9178 8444
6904 8917
1105 6896
3340 553
6943 2145
1858 9997
6306 5189
9949 5668
6871 8552
1028 8320
5732 8454
3670 1007
3565 3666
8990 9217
1925 4826
7442 3703
3660 4437
2427 9523
4322 3581
6982 7660
441 2320
4042 4724
8645 544
9098 6749
9204 3797
6644 2492
7647 1660
7010 7877
6995 3231
8084 3355
206 9165
4495 8413
6153 8032
8231 6465
2946 3208
3795 108
7633 8177
7643 5148
1780 3504
9281 9029
6828 933
3935 7287
1872 3187
7930 2807
6632 7630
8866 8474
9792 5975
6596 857
8415 4833
5537 9228
8964 5778
2060 8807
5918 9316
1916 4484
8822 7131
8165 1544
2479 5279
1198 8127
3272 9759
8839 373
1353 2243
181 7679
3535 7124
5500 4629
1395 8697
765 5457
7078 5718
132 7024
2129 7455
2343 368
6295 280
2509 6124
1167 2847
7995 2318
9870 7340
476 7836
6332 3969
6775 3607
1826 1215
5145 4589
2158 4593
2090 1577
4944 8311
5983 727
7787 3692
9031 3982
3887 7894
2534 1694
6269 7547
9548 3020
743 2614
3827 1742
4386 2527
5434 6976
8056 4703
7351 4335
5385 4681
7356 8479
5382 7526
7135 7174
7404 1288
2559 2157
9483 3906
5958 3157
6474 8978
8241 4631
1251 5535
4127 6257
8759 4368
8510 4635
2439 1177
9484 2442
4874 2490
1579 9440
1979 1214
4033 7636
1365 6812
7582 4218
2689 4768
6079 4481
4980 6769
441 5740
3886 8525
775 7061
7218 4717
1669 7523
679 2882
2202 6764
684 6444
2445 9895
5487 4248
3634 7456
1532 2002
7457 3910
4517 3948
6856 251
595 1367
8876 9369
2384 3327
7628 3220
9305 8712
3800 3952
2115 1385
8609 9213
4681 2242
4543 623
7930 5647
7435 1068
3142 6204
5103 5256
8053 8891
4627 2216
5033 5568
8771 9205
2842 8609
6420 7015
5807 6501
9724 4478
1099 788
7822 7737
165 5132
5845 8339
1890 5314
2974 7869
8249 6041
5180 2099
6589 4708
8593 6319
8451 6748
8490 5684
8384 8688
6028 6489
9981 8599
2102 4142
9935 5803
348 9988
9922 9444
8172 5142
8828 7911
3088 5483
5983 932
1130 3125
6626 2295
7399 5771
1720 2083
9397 6445
3756 9432
7810 2615
5347 8228
4971 3892
2983 4920
4819 405
4960 6428
2415 2580
6283 9366
3277 4235
1878 5099
2870 4795
1528 8936
3108 9236
884 2422
7591 5820
9716 4316
9869 7967
68 4945
8407 5140
2156 2633
6120 9681
235 6652
9808 1698
360 8867
3620 8325
6249 6624
5711 942
2190 5833
8145 1663
320 6205
3490 2353
2971 6781
4403 277
7430 1659
1366 62
8877 4568
4112 5400
3601 7261
8562 3642
7184 8122
4583 8589
8001 7855
2846 1977
163 5095
5479 5056
1154 2520
4632 7598
5639 6105
6820 8584
4940 6890
706 2211
1762 1493
502 9022
1567 7721
406 717
7389 8968
1514 5380
6692 6941
3839 969
9159 5544
1713 4019
2458 5830
9762 7962
9719 7710
831 6740
8062 1271
5535 3852
1053 3409
311 2396
1871 4686
7475 8781
9575 7480
2284 4279
4250 8597
492 7181
4546 661
4368 328
337 4221
7660 4059
2196 343
2108 1175
6521 8845
4922 1260
2965 4323
7680 9922
6014 8530
3496 3611
477 6521
8573 5292
3818 4809
2864 4558
4340 5865
9881 2738
2632 5919
3854 8169
3481 3265
5088 6201
5396 347
3430 6792
3783 6140
4793 2261
6496 9903
4059 7383
1816 2295
5555 2159
5856 5562
3761 3406
1360 3910
1125 9928
700 673
606 8648
8701 5676
9437 7910
3043 929
2175 699
6582 2389
3482 1678
4851 8939
404 580
4880 6063
6793 2311
3794 6638
3924 2205
4648 8211
3262 8661
8589 6271
1537 4447
9457 7083
833 6083
8984 3298
9112 9764
2800 4591
565 6876
7202 4496
9995 1505
2155 2051
684 318
9910 8925
8173 9132
3013 3384
3325 9081
9756 5616
1574 5553
8411 9419
8441 5112
6055 3722
9076 1551
9279 8369
7897 9481
3729 3754
4921 5382
9614 8777
7240 2755
7924 3872
5681 1792
3060 3913
3961 4959
4842 9343
4371 9444
2228 8389
8460 9112
3970 6086
1109 960
4389 7827
4618 8742
1497 5572
9160 2554
5939 853
8436 9836
5651 4759
150 3630
3295 5591
4240 3722
8768 4307
7011 5666
4154 50
9186 7699
2159 7946
7231 5902
3030 4788
2175 9358
4153 5222
6876 3168
3757 6323
5807 482
5533 2976
6354 9640
6720 3005
9288 6189
8729 7308
8648 9338
44 8051
2384 166
3311 679
4722 5400
1098 3040
9821 177
6989 6857
4311 4392
4557 2908
7326 4856
8918 6652
8556 4137
3158 38
9107 4231
402 4434
9985 1769
3971 7833
4101 988
4573 9361
2394 9133
3376 1233
2088 1280
9253 3552
7243 6482
6348 1565
7001 9817
6542 7405
5378 7190
2059 7587
6588 2986
932 7781
4561 2090
4927 7707
2557 6203
5756 737
145 6239
2699 2701
9043 7830
8575 851
6223 6746
5650 9427
4678 3657
5588 4271
8671 639
685 3359
5376 8757
6797 9788
5252 519
3688 5459
8277 1503
6212 2300
2633 8954
2628 5748
3499 4657
6816 6017
3681 5671
9183 2086
2948 4028
5712 6744
1969 4364
4361 5303
7320 7210
3460 8905
2465 860
2056 1811
9236 6866
4868 5994
2011 7784
3173 6934
9397 978
74 6348
808 6889
6504 4219
7240 7038
1045 5295
9740 2130
2516 6107
5910 7472
3317 4873
3729 3340
9516 8675
4993 1566
1446 1796
2642 6801
5692 9773
6343 3936
3766 136
9624 4078
7384 2246
4815 1117
7023 3797
9541 1173
3505 9537
4540 2210
4983 5799
8523 97
8979 4634
2504 6404
1366 9191
798 8842
7660 6852
8201 6856
7758 493
8881 8538
9282 4355
1625 7663
958 6600
9920 5112
171 6129
3729 4258
1989 4118
8042 7783
8530 8164
2895 2200
5383 4663
592 9232
4441 1838
1048 9655
3549 2961
9131 7969
9232 518
1957 8681
7868 8992
9469 1925
2639 2078
6209 9425
8207 4050
9480 7702
8149 7188
7288 148
9211 2669
66 8939
8355 2741
9099 7023
902 7347
3090 1795
5970 400
1202 7467
2390 1794
4729 7863
8100 350
5473 3559
4796 9459
8656 1828
6587 4234
9125 903
1836 322
9779 2350
1491 7780
2775 9689
8595 1807
6751 8227
2212 3828
513 2851
3777 7967
4059 4137
5719 2512
9606 8766
7698 1801
558 489
5192 4106
1750 755
2831 5434
1740 5142
7838 8654
2557 1994
4344 7407
6525 374
1267 3771
4138 8543
5949 6561
9897 1498
2059 1528
275 7574
19 2222
5578 4611
9778 6213
5610 3587
1434 5598
4553 1768
9951 7578
9520 1194
6482 2432
8714 1608
1775 8759
8926 5293
8844 4392
4338 6358
2158 864
9086 7566
8175 331
3391 8084
9757 5252
1890 1744
4138 6832
4998 5466
3477 8831
4737 833
2744 2504
3100 4002
6484 593
8853 5458
4823 4169
1830 3326
2315 4220
4903 2666
2567 6484
4811 7578
2442 6019
6858 6987
6468 7851
7141 9955
9683 9209
1930 8582
9747 9217
1902 5851
1316 8340
6048 6204
6481 7165
5229 2131
3997 5847
5917 3125
5845 6573
5487 4792
6996 1326
8456 5558
7934 7612
6193 776
3785 2466
7401 1716
4282 3694
3415 5625
7967 3452
830 4062
4435 8276
4119 7167
2024 3956
1573 5373
6663 4678
255 6838
3604 3700
2002 9548
2138 3415
3226 6863
6565 7378
9193 344
4520 8635
1675 2052
8464 6064
9863 9606
9786 961
9953 965
4993 1007
7443 9095
9074 3089
5904 8731
7242 7536
6756 1808
2865 8609
3295 2038
7914 5175
745 3670
8349 3271
8249 4970
3146 8946
8702 5498
6225 7087
3678 509
8520 9651
2655 1786
6430 1606
9760 6520
8136 5510
5273 1107
1465 7367
21 9437
6261 507
8758 6269
52 6217
7153 9068
904 4829
8288 4025
480 1245
1970 5391
6119 3497
894 63
343 7108
1718 5486
9808 5149
6250 7846
3267 3581
6123 6170
7572 7118
2134 2114
6163 6322
8100 6853
8474 2354
3877 7803
5642 8731
3058 357
917 5446
7358 5526
3131 4103
6358 1842
5659 9553
746 6678
1442 4503
6659 5128
8685 6976
835 2265
7052 7899
3674 4592
287 5219
4203 123
3655 6495
2187 591
4898 9616
6419 6049
4599 3230
39 3955
4669 4060
7420 867
5158 442
1687 4567
8598 8668
8766 4837
1367 7987
8591 4433
3818 8481
2674 5015
3061 7879
2840 7683
9332 2804
122 7813
8410 9244
4092 258
2168 5499
4437 1727
8673 4948
4755 2949
8036 8534
6096 9645
2145 1504
8916 6849
3203 8627
5564 7840
6311 2100
4472 1502
7153 7017
2733 4105
8253 168
73 4603
2067 3617
6287 4570
6946 6365
8069 6629
604 1173
3009 916
7236 4782
4452 6934
1669 6852
4710 3255
4441 5777
188 4082
2401 3183
6882 6670
1534 7777
3539 5206
7965 9514
6181 681
5091 9483
5213 8773
1522 9374
2406 5224
198 2627
415 1646
6241 3756
279 9394
7245 6998
5144 6422
4078 7771
4542 6773
8699 1178
3582 195
3982 8595
4738 2332
5920 792
1451 431
5712 4714
3899 1343
7236 4413
5342 3343
4909 6286
8981 7980
650 2314
8688 332
3648 1003
2883 2847
4864 9991
8218 2232
7974 5476
9838 1853
4930 8938
3261 719
666 7159
417 2721
9968 8188
2397 4015
1640 3676
2945 4667
2398 4194
5577 1622
2984 2493
1489 7735
628 5993
9045 2450
5849 1216
4356 9370
5837 1467
4826 4006
8220 3912
767 3867
272 7122
2571 2703
2047 3564
6151 2211
2848 6104
3116 8186
5663 3746
6447 4174
3824 2385
3569 4812
8060 1073
4012 8900
3311 7235
7816 4113
221 6258
1822 9736
4430 2038
9910 6317
7928 8530
7023 1501
5136 3110
507 9132
1432 3745
8523 5250
1951 3654
488 2532
3710 6706
7546 7416
3294 8335
4099 7231
9206 1486
807 7032
374 7321
7006 1980
3617 7798
3244 194
5737 6688
2345 8068
1245 1981
8992 7511
6048 2930
7387 6471
3594 4868
5832 9725
6292 4107
3034 2889
784 9032
6585 5492
4077 8389
3329 1521
1831 6463
4152 5582
1656 1782
4567 1671
2243 1476
9948 7810
1739 8191
3761 4694
2451 9604
47 3397
7578 9095
6200 197
4170 3620
4991 846
6683 4500
5099 2385
3053 504
3526 1153
5430 5950
7363 6423
4169 2001
4176 8592
8234 7653
8636 3585
4729 1138
692 2060
8888 7750
4154 4134
567 3833
1684 1951
1867 5952
5992 8541
6328 5326
8320 3140
1746 6161
7765 6925
9131 5776
5885 7082
3681 4604
5274 6744
9174 4972
2157 7403
1703 2505
208 502
6538 2856
6708 6525
5675 6412
6976 5252
4279 9993
1037 9393
7310 1263
7677 5912
745 9341
5056 4192
9697 733
6461 9173
8911 6229
9265 1743
7517 3147
1120 2112
4177 5668
3668 9018
6813 2741
2086 3067
3782 7296
4916 2324
8394 330
880 7729
6596 6991
9607 6331
5758 8748
7336 5191
7462 6867
7875 7513
7363 2133
2986 2353
9609 2548
1703 4691
653 1655
1604 8160
5683 1442
6919 9825
9500 1579
8169 4770
3275 6049
8898 8789
528 6593
3639 1196
9778 9230
4295 3682
7362 8982
9191 6011
7419 146
9149 4922
5728 1808
6267 1391
8344 5444
6025 9135
7089 1619
1867 1448
6040 4657
6878 4865
7445 4674
6026 2458
9387 3358
9730 5148
608 9449
748 814
8840 8327
1401 1025
6214 8907
4466 2960
5617 5615
5161 8516
3880 945
1563 4118
9933 2470
1987 6529
1896 6791
6798 6564
2420 465
9292 6052
9648 4150
1458 4316
7062 2722
2983 3600
1036 7590
2844 6600
6331 5547
8747 5144
4945 2308
263 4144
6111 2724
2467 322
9417 7688
8416 3875
4054 3071
7370 7546
211 5068
9179 4149
2429 734
5899 1101
1670 3927
5778 7534
9925 8983
1521 5959
5436 8556
2942 6254
5928 9320
4394 7141
1912 2499
1571 3872
3339 5140
8437 2942
4829 8485
4200 5843
8077 8306
8286 1236
9217 4239
6469 8634
3668 7370
7575 2328
8159 2876
8254 5189
6584 1504
5292 5066
9177 1646
3766 4508
404 5888
8539 6733
1731 5407
4678 2666
4089 2481
9613 239
6850 7138
8515 4399
3522 3247
1205 5109
9587 9271
7462 8228
2457 7281
4606 7210
2106 4774
5992 5889
2163 4278
5466 2654
9901 2019
3859 5263
7306 1088
9117 9718
8996 8194
16 7204
9569 1896
867 6438
2824 832
1406 5702
7692 6974
7790 4381
3886 4475
3008 8782
9511 314
7930 199
7912 3788
9827 4380
8981 677
747 3554
3983 4885
6059 2270
7048 8650
2038 5730
6230 1970
5357 6278
405 1107
8363 2135
5393 5687
3390 3371
9595 5413
3572 4285
3363 8560
2602 5761
8143 6860
4231 8850
8718 7425
1548 8895
5519 9126
4505 5242
9663 2939
4990 7973
1917 5989
178 8474
2078 3705
5750 4767
9610 3062
3653 8333
4808 1930
2673 5633
7438 9793
2811 2862
6868 4865
1869 237
6227 8295
7952 3194
602 5261
4081 568
8866 5485
4977 9267
7615 4461
6467 7312
4346 8924
4938 7761
6297 5165
265 8247
2443 3509
1132 5616
9611 4581
7477 1473
202 6823
1570 7030
3955 4594
630 9701
5626 6843
8689 1855
8886 7079
7382 887
8003 5426
8644 3789
7353 3170
3926 3757
2431 2660
9409 5769
3652 3711
4102 1321
2307 8028
5553 9900
6550 3590
5939 2731
4297 5840
6256 4703
7159 3644
3011 9715
1710 8970
5910 2870
8290 9286
3804 5301
3758 8158
5451 8975
7625 220
7582 5007
380 9256
5550 5100
4935 771
9105 3191
9914 5578
6911 677
3522 7874
3534 3098
9561 202
830 5300
6038 7207
4844 4355
8096 9177
7187 5893
3452 1812
9351 7251
3614 6724
5457 9264
797 9339
3218 9453
6328 2670
1185 574
5033 7973
9998 5997
5379 758
1094 5032
2842 234
4414 3723
1018 6958
7659 6837
6268 9777
2736 6228
4844 1652
3358 531
7404 8610
3153 1613
1428 6371
2454 4480
720 1338
28 625
7253 7160
1663 9513
4805 9939
3157 2126
6474 6374
4406 351
5109 7637
5604 6359
3241 9818
7559 3026
3803 6671
867 600
9995 8970
4178 2230
1008 7127
4478 5820
9707 5326
1319 9628
7666 1136
1446 2224
5060 2192
6866 1227
638 836
8190 9186
4996 1512
9213 490
141 1762
9712 9377
1531 6712
8693 2620
2643 798
9166 1431
3549 3178
433 5990
7997 8510
4441 8831
8510 718
9831 2885
5848 9656
6368 5526
380 9028
5075 7736
5472 7130
6834 8586
7853 8898
5344 6508
8167 2556
9953 801
9489 3847
7548 3985
530 5635
3426 5411
6227 1665
8793 5465
688 1492
8805 3676
4823 9207
5456 4445
7009 6052
7004 4415
8473 7504
604 4223
7339 986
709 4436
2183 605
9537 6326
1480 3330
6543 8065
6528 8632
4887 7477
1272 4720
3123 215
5502 5646
8572 7935
7052 4886
1712 1314
4869 4425
5503 8331
363 7811
4910 1493
1548 1800
1812 6521
3702 5162
7059 2708
9123 4385
5385 456
2118 1935
8994 3789
9620 3363
8026 2998
7641 9843
7337 9330
6034 3789
6430 9868
5213 8277
7932 7451
4004 5333
7048 107
2841 2092
5203 9341
1487 5357
76 9166
3377 5845
5858 5210
460 8242
5225 4899
1002 946
1115 6496
9766 6869
3428 7832
9828 4464
9675 8250
6567 345
7544 8912
4937 3804
6495 5003
2151 8805
4257 8733
6664 8824
9221 2824
9917 282
4763 5060
9049 8453
9162 4507
1678 9593
6298 9073
1521 5652
1321 2879
7995 1400
2352 1511
1674 5999
9769 4850
167 6435
9118 2130
9755 7730
2607 5016
6472 2413
9226 2928
3885 8085
5783 7803
3727 1469
2448 9834
7730 5981
875 3641
3762 8874
9976 237
3430 218
3958 7865
4961 6880
9283 5962
6979 3700
9289 7904
6098 2389
4929 8989
3650 3922
9930 1643
3822 5002
7938 116
9257 1826
211 1596
9209 5085
9313 5198
5983 6922
3608 3505
6142 533
5822 1699
3519 9975
5956 6389
8258 5652
4601 6884
2672 2846
5073 61
1209 1644
3945 8459
9570 7543
6355 7041
4459 8534
6246 9642
5574 1548
1542 1859
8553 9779
9548 6311
3022 995
4136 6692
3431 7653
642 4945
8838 3212
8100 3128
1275 5500
3846 2644
5662 8948
4376 4743
864 3834
8745 4071
5270 7960
5055 2724
6696 9855
6384 113
2487 4546
4698 1021
738 3417
9984 3416
7472 7677
1518 5207
1326 5107
3911 2457
630 5963
5345 888
4541 8269
4495 8832
2115 844
9611 8198
7462 1348
1226 4121
9862 7181
9770 3992
5076 7889
6648 4239
9579 2394
3835 2828
246 2668
7034 9677
5927 8453
1277 2709
1056 4977
3668 6464
7001 5138
2152 2132
1195 220
643 5123
3106 8616
8722 3438
8272 3831
333 1536
1856 8169
3693 2756
7802 3114
9224 1364
4514 9414
7654 9364
3969 4215
9841 7986
5126 2054
9157 3704
489 8106
7757 4744
2152 5506
9712 2082
4415 4332
4750 8654
8471 1397
8221 7290
4622 1124
1216 4648
2727 9525
7726 6117
606 9099
9118 7935
1163 7919
7135 795
6955 486
488 7889
4342 5652
1723 6910
4921 387
112 7977
356 7009
7455 5598
6073 5283
271 6126
3288 3030
6250 41
2299 7911
5100 3684
4486 9297
1198 9053
32 6534
210 4914
788 4858
4234 7262
1677 8942
3763 4935
6020 2892
8180 839
8983 8513
6383 9040
7720 3263
5147 1190
2048 2655
5460 6761
4524 5048
4301 7266
5962 5179
5555 2218
4467 4284
2355 5491
1955 2915
2087 1597
2032 2017
5234 2318
7764 9891
8066 9297
3939 4848
5404 3399
4835 7476
8693 9883
2067 3407
3885 1200
9572 1319
5902 2872
6898 8837
4408 2362
1253 2515
5260 3372
3352 979
8853 5236
5971 5116
9872 4416
2057 5421
8191 8411
3971 2091
2378 2909
4943 9316
8768 4923
7457 9314
4377 4097
9684 5602
4 21
3992 5908
6629 8449
1758 1719
8668 7967
3031 3452
64 6545
6122 325
5213 9154
1513 1925
6581 9712
4489 1567
4423 9280
9516 3916
9335 2030
5309 4284
5403 6077
4851 1408
4725 2473
5253 8721
6276 6183
3435 8074
558 929
5161 2739
5001 182
3167 338
5411 3457
9553 3041
2881 7972
9322 1787
8852 8449
631 926
9058 8186
9047 2820
7684 7824
1156 9417
6440 3054
6136 8343
259 8998
7035 2872
7382 4668
9579 3590
6466 7202
8629 8009
357 7180
2255 7831
1370 3402
9456 7199
3681 9617
5705 3224
971 6144
3395 1019
1566 2948
2776 2685
310 5252
8710 6602
4317 2000
8480 4895
2000 5400
7894 1850
3672 5983
8278 6944
7456 8352
4645 1258
227 8038
4831 4507
3026 4929
9028 3081
630 1849
433 7494
7339 6756
3502 10000
1269 2433
3672 1986
9549 319
2747 3978
5166 2282
970 6190
1973 6642
958 5554
1029 7382
7629 4101
8984 2104
4171 5105
8258 7638
3513 3886
3125 7311
9872 5364
3553 8305
8463 4709
6824 5527
5596 3034
8017 9432
7202 3366
197 7112
6243 3672
1572 32
733 184
4256 1254
6341 3704
7661 8589
2805 1540
5333 9420
3830 426
1419 4490
1548 2411
6735 5654
4302 135
5196 3176
7029 3704
2422 6640
8919 707
3873 8840
6221 7575
1265 6029
5288 3879
1238 1187
4474 6978
4366 5850
7033 9972
1752 2677
2764 927
9830 2297
5822 4656
5934 5324
7085 5
2270 7437
2410 2911
5275 8485
5837 4770
9071 3487
2297 1951
336 1340
2279 7925
3550 6555
5473 2824
1404 5136
7071 5610
6027 3737
9941 9257
5664 400
4644 5195
37 6856
3917 2607
7339 5264
6703 3254
9024 7404
9028 1944
3607 5337
3372 2796
1335 1621
5682 3275
1025 3780
8466 6808
6726 9157
7222 3148
6147 5431
8071 1982
4228 1008
532 9280
1876 5636
9148 4182
9358 4330
7142 111
5017 1862
6470 2491
148 3310
6837 4939
8353 5405
5721 6077
5628 8008
587 8761
11 8689
816 6234
3734 4345
4836 5633
6209 3392
6976 7006
6226 8076
9484 2415
161 5030
4987 8290
7158 5641
8269 1533
8662 6406
4391 944
1129 3781
8558 9161
2 6045
5453 59
9671 955
9676 8769
7410 326
1289 5120
2991 5732
1447 2969
5435 2788
2402 9849
1249 2715
3289 9260
9361 5201
3557 2122
9220 7150
5449 8466
1834 8122
450 9011
5124 2621
5912 8165
4169 8624
37 6976
1302 2626
595 3985
2343 9367
6427 4490
2806 2665
1695 6692
545 3588
8764 6190
1041 3166
6258 415
9255 7744
4510 3582
2048 2383
9778 5956
741 7256
6459 5920
8611 5485
2587 9820
2033 226
2500 6561
9109 4640
4369 9208
6491 7316
6259 3151
5023 2441
7238 8506
2527 4868
8889 5925
6722 3235
3863 5254
1609 6005
8507 5440
494 3842
9196 6057
7429 9452
8703 7018
8643 5570
9046 9210
9744 1224
7073 4483
7248 1649
3375 869
4980 3473
2047 1809
7094 9546
4553 9496
6674 5249
86 7664
4408 128
9720 4937
7667 1084
1603 6753
6622 3890
7758 1821
6807 880
3152 577
4206 1693
4403 4975
4094 1781
5302 7095
7536 5800
7072 2427
7392 7122
8201 4454
1106 2683
1831 3929
6419 1619
595 6346
2400 6126
6116 6052
8209 402
3576 5167
3705 6541
1857 1458
2531 6346
844 3958
1187 5417
4986 7161
7346 2307
5121 8305
8025 7064
8019 4508
653 25
9896 1091
6768 4736
7032 4002
8513 8001
6484 8811
7502 741
747 2420
2452 9248
9129 6133
5901 352
1819 3660
7013 316
7965 8004
7704 3690
343 2553
1257 7845
4842 2633
3900 3674
3689 2401
5345 4198
4546 7830
1 7050
3980 5841
7754 8324
366 9689
6644 6335
3398 1033
7803 4754
6487 4596
454 3181
7599 6020
9059 651
1651 6393
2756 4978
7814 7599
3944 7963
1288 3268
6907 8878
1821 2561
5592 9359
6254 8240
4830 1515
5579 8259
4169 2655
1483 9901
5073 9246
