10000 10000 10000
8496 7571
2480 607
8727 5305
6657 5231
2686 3980
6894 110
8768 3297
7038 7557
4808 3555
6800 5512
5383 8539
6895 5054
9126 8454
7645 9877
4860 4578
3031 3782
9964 7830
4200 8641
3213 7973
3653 2390
4763 5148
2110 1523
4549 5217
937 8121
9037 4014
1995 2818
6186 1665
6520 5319
1248 2744
1842 3029
3069 6672
9947 7608
7094 2220
628 646
4883 9354
6363 5387
1489 3671
5100 2423
7649 4877
239 2930
6809 9124
9242 3304
8431 8229
3680 5107
4448 1202
8181 4067
9071 9775
4130 9344
557 7430
940 3921
9742 6866
2115 1294
3454 2461
2471 3814
8173 849
2644 5945
1363 2998
4107 8023
1771 3622
3213 3152
3761 4651
4843 4124
8403 1669
7869 599
987 7885
3218 5293
7147 5226
6532 3376
6692 9228
2841 901
1027 8642
182 4478
9187 2612
4620 3745
9522 2125
6402 5402
6230 979
4331 3018
4447 604
3602 2147
146 1544
5367 2884
6961 9997
3212 2807
6378 4864
2015 2418
5891 3793
806 8631
3401 2068
8166 6359
6311 1192
1753 5315
4134 5190
4410 5313
3332 6143
1395 7791
1300 6266
1161 7295
5331 9697
8836 1564
1541 1821
7064 2602
2589 7235
9869 1483
7588 3337
6724 5275
5469 5488
6333 3626
2860 6527
8931 3022
4223 4558
4338 7963
140 3376
1930 5268
9972 8054
6861 6881
3477 2348
5238 6629
4681 6256
3578 7294
1869 3283
5671 7547
2008 1003
3631 7645
3994 2217
8064 5043
6384 8114
1868 6382
2429 3885
4566 2797
9735 4497
8034 6824
8484 1257
590 1996
301 9637
1868 8607
2034 5099
2978 2227
8046 2429
5216 4457
997 2951
4716 1262
1406 9888
9620 3921
3689 955
3266 5730
6256 93
114 7875
2965 9047
8474 5401
3910 9504
6486 1533
8795 3192
8371 6074
3431 8802
7066 1006
6556 4063
3064 1259
7454 501
4187 466
7223 7745
2578 2923
6336 5903
1103 6135
9664 9038
2363 9699
7411 3756
4935 7281
4229 453
5195 5517
1451 7634
4679 2915
317 3420
8601 8848
6020 311
3175 5814
8968 561
2346 8395
3848 9053
2500 5572
272 8200
4813 7586
6001 4490
1838 2929
5626 7670
9566 8118
4796 4643
5490 6463
1910 7336
8060 258
5520 3234
4107 7218
6003 7702
3655 1685
9341 2096
5597 3294
9572 6932
8253 1691
4640 3833
3791 4829
2288 1713
1053 743
2427 1575
7749 8233
8201 7655
8705 2929
6974 4794
514 6908
4856 1447
8368 2652
7731 1522
1798 1855
1270 9154
5206 6021
1546 5646
9492 3916
7525 6606
254 5743
6187 6167
9721 685
3882 7315
8272 322
3205 4580
1224 3394
208 3697
8312 1149
9406 8833
8040 116
5706 3712
3469 146
2703 5721
3219 5379
8169 238
4865 7329
5054 9747
8381 1366
9996 4415
1813 2841
5636 4793
380 8631
5597 1380
2959 1082
1221 7456
7042 3687
6601 6853
9013 5632
4606 9854
6947 6237
57 9356
2675 1026
1265 6200
6 1695
691 1371
4592 4352
3777 6886
5393 5970
9793 8463
2113 9066
673 8036
1502 3635
4629 8248
2006 1120
9507 9209
3830 6700
502 8793
7354 8696
9474 1407
9164 9519
46 5715
3068 538
1191 3826
1276 1346
2039 743
4347 3770
8872 1147
6570 8179
1135 1370
7080 3128
8005 5994
3830 7408
181 5260
292 8347
6910 3551
2862 6445
8326 8197
6073 27
4629 9708
6063 4326
4322 7123
7670 6480
7666 4409
4463 874
5020 8193
6746 1521
6942 9832
1047 8304
2798 2685
3598 1398
5546 4493
3011 2795
788 5474
8261 8907
4573 911
1951 3691
7343 1567
1891 8555
1473 3795
4765 5217
280 3084
4035 94
9785 6931
2921 9187
9700 7555
6420 1729
1859 1431
8463 8526
7337 3634
2656 2683
3787 6878
9289 3322
9520 3281
9688 6535
531 873
964 439
3711 2376
503 5157
7374 995
802 2002
4247 2612
6643 1832
9815 8870
8453 1782
9732 4881
5566 4522
4776 5953
2536 2250
9587 7068
3063 9754
4306 2711
4283 3978
1353 4248
1599 2561
6990 4655
6466 9011
821 8633
7681 9464
3360 3801
3018 8009
2987 7639
3729 3663
5063 6595
7925 3932
4387 8980
7301 6758
3321 4654
4687 3411
7622 4962
7600 8420
3293 542
3322 2666
3388 6128
9144 7700
6146 1506
1367 1208
2318 6689
1146 5283
6473 8359
3001 3855
5372 3428
9218 3332
9832 8898
9753 6537
2626 4691
4685 8209
2149 3655
294 7890
7490 6532
8796 4773
1052 2528
127 5578
4992 2875
6592 3537
353 242
1052 2662
5799 7952
1760 5924
9098 2671
3866 4679
1219 1237
4987 9254
4668 8688
3977 6963
3247 721
342 521
1447 7718
4142 6874
2653 5873
1939 5682
973 8676
8422 7429
6904 3026
1145 9387
9440 4256
2203 5292
1942 8846
2642 6837
1599 7620
7502 8040
9548 4353
7314 5988
3546 6685
7723 6955
5844 9896
3030 1155
8596 1000
173 3205
6456 3117
3999 3226
5698 5995
4590 5787
1452 7974
8766 1813
4254 6161
1851 6850
3273 4780
5421 1166
4267 7241
6461 1993
5061 5097
5446 3890
9720 6828
9414 8933
3643 2660
8068 6533
3689 3895
3153 764
8557 4743
2768 6404
5034 3114
3260 9837
2109 8670
2673 8862
5327 2861
4995 3044
5836 3904
2769 146
9889 8601
1656 2755
932 292
2977 6316
1909 3134
5504 6805
314 6293
3718 7236
6049 3106
624 7820
3635 7863
3616 4915
6058 5130
6929 2899
1697 6676
8334 9019
2451 4790
688 7334
3424 934
2078 5266
6599 9696
1384 7121
842 8493
411 6260
2340 8640
6363 7349
224 9529
6833 6789
4245 9662
8134 5060
6930 4501
3767 9257
4514 1837
6572 9717
171 1801
6743 3138
7776 9318
5933 1236
633 9258
9201 3209
2762 7293
581 8832
8958 4106
5572 9390
9098 1961
9436 596
5284 818
8367 4549
9070 6812
1554 401
2627 2562
805 4250
7009 1284
5757 6511
8084 1876
7706 3929
969 6426
9088 9384
388 2616
6599 3797
5778 51
9664 5279
6594 6901
9930 7426
4273 6124
3381 1426
6508 4015
9962 6714
1947 9977
6029 2061
2409 9625
2493 2292
7253 6477
2979 3456
999 2592
7984 3050
5125 7892
8281 6479
1616 2083
9504 3578
9141 92
660 7957
3720 2617
8909 7986
5044 1537
8533 6717
469 6960
9525 9432
6943 3488
5774 9259
4695 7549
3892 7635
4114 4964
9890 5498
3183 3035
9346 427
8341 241
8061 9960
7725 2710
5745 3255
2220 8856
2602 5171
9513 4842
7023 7849
1886 2181
3939 9053
2351 2335
4811 4305
159 1842
3864 4895
1569 8586
7707 306
875 9538
7330 9180
3056 479
3454 1247
4294 2723
2805 4236
56 9316
1959 3706
4810 349
4537 8171
7393 5458
9783 7162
2496 4936
205 6025
4696 8023
1312 2190
1323 4612
8418 9802
4134 9360
4667 695
2758 5166
1152 9574
2881 5204
5676 3016
6283 5560
3112 3213
6972 3864
5446 7855
6539 3868
6913 6241
7389 3040
8837 2765
34 6170
37 9446
8307 7701
4219 8306
1279 4800
1966 688
8836 8770
6134 5495
2562 2017
7399 2309
1123 9456
1916 2451
2637 4088
993 309
1206 205
3316 6210
7363 4827
6040 6817
3496 5207
6736 1308
7610 6679
2874 1135
5120 7770
7037 665
8557 1864
5330 4461
1304 6940
28 116
2699 8944
2836 6003
1416 2742
4102 5555
1601 3605
2451 8459
437 4497
6350 4453
4109 971
3473 1251
7096 6044
3750 3855
1720 4983
8229 628
5192 5480
2440 6940
3328 9844
1235 744
1437 9527
1089 3239
9897 9682
8015 9493
8136 1098
1256 3475
2298 440
763 1862
4322 89
7473 921
4252 8197
3614 1823
9013 2324
3660 3907
5467 9489
5529 1132
5442 7963
3602 6635
5837 2823
5224 1199
269 7207
5672 6238
1811 71
3428 3540
5125 8134
6737 9284
2303 2022
3103 8113
9447 4
2784 2608
1966 8285
6584 6965
6030 3139
2570 1690
879 8749
9636 57
4884 551
2652 8613
8541 2714
1426 9536
1128 6573
1447 4921
4677 9011
3234 6097
5478 8488
2510 5449
6701 8877
4192 8285
7438 1720
5822 3914
3014 7514
4694 7068
2962 1003
9006 9224
965 6536
2864 3178
2380 8242
4242 1404
7782 6205
5231 5349
5178 14
9153 2594
41 1624
301 5909
6051 7233
2656 3898
3905 5615
6078 3679
3665 8142
5633 2934
6216 4928
2063 5547
1338 1108
7767 3486
7810 7158
6415 7846
7231 9249
9426 1239
9443 4860
3355 5969
9537 1389
8432 1678
327 2832
2374 3172
9368 5171
954 7137
8928 8253
8753 9677
7649 8297
2292 1377
5161 5710
1237 3490
7653 2100
5070 5354
7583 2630
4178 7329
9723 610
1950 7335
2546 996
982 7090
3145 3592
4777 4914
8902 5047
2553 7609
4351 6993
2907 3410
6427 1939
5241 2394
921 9303
7633 4409
815 2316
8181 8346
845 8830
8720 5556
9347 8906
2873 9325
3635 2195
1899 504
8761 8784
5447 5823
5170 43
5947 5388
9443 6232
1944 8812
3239 9549
312 554
9223 2364
2818 7313
5542 8229
5656 3132
612 116
7623 837
2637 8702
3140 8372
8592 9736
1625 2101
7106 5005
3000 562
204 2518
2308 1391
6442 597
5698 8295
2407 8403
1429 7549
3535 7646
3394 6496
8884 478
5070 5191
8311 7444
7459 1002
120 6600
6258 82
3054 2677
5934 9099
889 5063
7796 3821
2392 2818
3353 8771
3222 5020
5870 1974
5531 8073
6526 5336
3099 9723
7004 3351
4806 8301
9987 7982
2440 5391
805 3584
1070 4151
1531 7712
6237 1874
977 5338
7745 6645
7060 3643
3979 4161
5454 7470
8456 470
3811 967
1967 5990
769 1430
7669 2595
2699 579
4327 7812
5187 2654
9605 9980
4008 9813
139 5269
3481 5771
1123 2228
3658 3202
3897 4115
8998 2725
6243 8369
2 8928
335 7398
3598 7667
4237 1245
9052 5878
8163 2031
3112 8466
3811 2308
1366 304
1783 8218
3573 6451
2130 5702
1198 4129
4275 9224
3618 3092
874 3944
2986 291
4651 6499
4392 6031
9701 4053
2367 6609
7045 4027
6224 794
5221 5688
5335 9326
4485 8208
1478 8100
8674 8427
3038 4033
3571 3447
7881 3243
8976 7659
1259 647
2809 3675
9443 1815
278 1861
1627 9748
6656 1343
3786 340
6218 9775
1335 5922
9274 1132
7722 9537
5890 7666
9993 5417
3311 239
399 2562
4929 6795
9109 3109
5016 9802
9889 7087
3438 5997
4869 2782
875 7979
9951 4240
9228 3845
102 3069
7544 7853
8560 9561
2395 8132
3322 4497
285 1821
5719 7817
7094 9633
4965 8663
1924 2643
509 1536
464 2869
6932 4332
6193 155
8564 3209
2336 5555
8246 6160
3435 9708
7357 3198
910 7956
9783 4112
1143 590
4941 8066
2990 927
540 4108
8592 620
5058 119
2587 6511
3064 1048
7592 6615
1786 2511
4651 8714
3227 1867
6636 4117
2655 363
5012 3962
199 4985
2997 6673
8983 5908
8971 1527
3795 366
2231 4827
5068 6478
4766 858
8151 9105
3792 8632
7663 9111
1865 1534
381 2440
2733 3849
8807 583
7117 4887
7281 9118
2471 6550
8640 9469
2648 2514
9253 8343
8571 2488
8869 7300
4509 3955
2528 1917
7173 1482
6829 2668
8304 5207
6486 2244
2092 8785
4153 9648
4622 3154
3026 8499
6239 8714
7283 5246
2913 3142
6706 4455
6468 6109
5675 1986
2062 3798
2913 7989
4980 4922
8082 7848
3323 6745
9077 1529
789 8869
9744 3112
5048 3245
1908 9815
4287 9149
7606 6066
688 3660
4008 8013
9176 7612
6790 3429
3983 2501
609 9129
9754 3615
7977 991
8842 1133
9838 349
8729 637
8682 3706
7089 4906
4872 8944
8663 8336
4941 1656
328 9335
4636 5531
7643 5233
6583 5340
1496 7719
4278 7344
1923 5932
1356 3349
3078 8201
8718 7428
2601 5387
7949 9205
7322 2163
6289 7244
7888 7778
3465 3630
6513 606
4616 4293
692 9102
405 4436
7933 2030
8807 5135
8799 8640
391 8804
6803 8485
3793 4986
8808 9475
8745 3291
3211 7249
944 5062
1648 2004
5971 1644
2919 543
9257 7546
5968 3628
7282 4093
4941 2509
6428 1977
7623 2816
7490 9070
7291 3470
7844 7315
8035 1227
6916 2159
9363 444
4941 6569
2752 8860
6548 7001
3892 6737
7837 1898
7696 3890
1146 2819
9771 2651
8385 9977
1307 7729
6764 8044
7902 2391
1534 4312
116 192
6953 1769
8975 7785
6342 4847
2949 1854
7 6719
1028 6350
6101 8141
8862 7476
4045 5240
2719 3082
3488 3060
3206 2500
1161 3823
4679 7452
833 3346
6628 8211
9121 6395
2825 899
3755 2748
1574 6523
816 3977
6869 8976
9724 3746
5846 9726
8109 6805
1947 3596
717 5364
4293 7728
4935 6954
9484 5855
954 1909
4259 8117
4106 9651
5328 4457
2293 4687
4410 8045
470 7498
3632 5512
5655 7736
5407 4983
7124 4620
4231 1200
1601 9459
4651 1706
5206 5074
5259 9773
4357 7178
9711 8331
3145 1990
4730 6601
5426 5044
6266 1548
8655 3011
9910 1178
2995 3085
6866 5892
7068 3736
3773 7183
9099 1977
1678 5891
9201 6949
4388 6080
6480 6440
3282 9707
2915 1202
6482 4940
6962 3648
9496 8028
4790 4158
9454 2912
8456 1982
4385 4790
1483 3041
7079 9896
7599 5384
5784 5791
4738 2454
2889 6476
7419 9433
6497 8157
9268 2295
5528 6739
4788 221
8236 3847
8662 9868
4369 5598
7503 6294
8307 8330
1999 272
1869 7005
1835 3578
5939 5747
6429 8854
8308 8936
2184 9809
2384 4415
1466 4612
8048 2694
5192 6304
6400 8434
7663 3624
8089 1780
6845 7113
2430 6313
2565 9934
8892 495
5250 7917
5200 828
9988 8832
6067 1051
4902 8490
2394 3931
2078 8274
2842 7757
1918 2444
4727 6330
427 9142
2123 5755
1059 7060
1749 7465
1205 3852
858 1193
9984 6243
9612 9424
4085 9234
7812 2288
1935 5025
6688 6565
4580 4641
8375 4564
5822 3068
6082 8174
111 9078
8746 3144
711 7066
9714 7993
398 9729
4818 3483
7802 5127
1745 401
706 6129
7194 2834
6497 8005
6234 502
4982 1755
7226 9494
4491 8909
7920 4441
1491 780
8898 9292
9864 7955
5997 9080
7741 3481
8775 6344
3945 5851
7266 6841
9916 3792
7584 558
3084 3544
9671 6410
9809 8729
9215 8199
6677 1375
7043 5401
8538 2123
8628 9920
3896 7142
8790 3682
9792 3532
3834 8517
2130 3507
809 2483
4452 8170
3637 7493
4257 3803
4537 7996
6245 9686
9609 9644
4444 3614
2058 949
3405 5939
3559 7277
4416 861
4914 9632
3086 3941
3870 7136
6734 9916
5901 8003
2685 2697
3723 410
7404 3442
2829 9828
8741 1312
3703 922
1900 8283
4404 3456
6578 6036
8829 1143
419 1254
4009 1865
7552 1711
7975 746
6173 377
1666 368
2688 4895
5552 6804
3325 1920
1841 6433
3313 9702
7127 3865
5827 6578
4425 5735
6052 7683
5722 3924
8895 2730
2332 2831
9 3282
9331 3137
4091 2649
9363 8330
1715 3369
498 2833
9488 2832
7428 3814
4546 922
6945 9032
6475 5901
2766 7604
6593 8268
4616 9187
3014 2273
383 4228
2237 1507
1910 6567
4922 574
9400 8520
5500 9434
591 570
6989 6749
1632 5003
8829 9400
9752 5475
7488 5064
6928 2879
3074 2542
7284 6324
8658 4347
401 6861
4915 9967
4930 2042
4192 5656
7040 9898
7197 2833
1902 1456
2228 3552
7855 8209
9375 3786
6320 9425
2933 4334
9965 9141
3021 7993
1128 8185
1601 8687
4851 8576
1422 1233
4541 955
2088 6500
2222 5565
7612 2869
5708 4799
5493 9467
6732 7272
3108 8597
9161 7824
1191 9652
9963 5006
5124 9017
1631 4491
4 169
4703 1239
2297 1809
5737 5409
307 3043
6628 6898
8626 5286
2433 82
6437 5522
394 5301
9298 6851
9445 4665
3671 2723
8459 8402
8238 43
9815 9458
3077 3741
4443 8864
8854 1479
4325 4400
6554 4645
9445 4799
9437 4705
7668 8205
1845 566
3690 6380
1495 7192
352 6518
1416 8268
6912 1246
4258 8302
2816 9021
1154 7299
1719 89
7887 1736
1574 1495
2119 6553
5532 8081
2804 8066
9239 6630
5728 7939
7606 7011
8011 6435
9703 8925
395 9906
2330 2068
719 751
9923 9405
7661 9447
1721 3462
7908 5667
529 8487
2771 6849
6378 6585
1753 6109
7419 3676
2855 6697
2283 7010
2758 504
3618 560
3733 4191
9028 6262
814 8806
7882 9663
8307 4366
9220 7131
4050 1614
5679 6758
2286 2225
1723 2093
855 7120
6083 2175
9492 1329
4267 7040
5148 2335
3530 6589
6392 3480
7298 7002
9173 5943
7254 5995
1008 1808
8486 9942
203 811
4071 2251
2563 1281
4005 715
5107 4784
1125 5457
806 110
2462 5628
1382 9100
189 8619
9784 8963
4532 9670
2686 8350
4287 2295
1069 735
5159 8897
9152 8344
2051 2092
3212 4678
7083 3733
1504 9931
5887 7234
7332 3188
7033 9030
2785 1877
687 9372
7725 7993
4748 928
159 4745
9434 2056
9001 9255
32 8569
8360 354
3468 9296
126 2352
1717 3828
4136 625
3253 6685
627 4638
6926 6177
6355 683
2607 7366
6322 3957
2995 6265
9060 3402
8625 917
8729 6261
5112 7292
5319 3991
656 7008
7425 1366
1453 253
7223 5528
6445 1450
1998 7179
2850 1278
5148 2444
2977 5483
9472 7172
830 4139
3783 6603
2463 8103
8465 4273
8807 5834
3522 2460
6785 3251
4790 3531
6902 6375
3687 3614
3733 3313
9702 9864
5838 8814
6678 8561
9215 9717
4937 2326
7268 8874
4382 3455
6907 311
7055 5116
2223 8603
1553 2362
5326 1122
8029 4804
4852 2601
8867 7346
5525 8733
4182 1823
480 1656
3940 9151
8798 8583
6424 8473
9766 6859
9832 7110
8212 4287
6042 8797
2886 1257
820 5146
3384 2795
3466 3785
8693 4568
1198 232
3870 1803
3331 9136
3755 5745
7151 6895
970 9396
7309 371
174 7228
2966 7133
4682 9450
2237 6932
5328 6917
6269 5716
9852 730
4643 5864
8741 2540
3255 1244
4958 8651
5629 3185
961 9787
263 3524
6965 9978
8056 2776
1637 1205
7690 5530
5845 6192
2466 5133
2180 9711
3125 5261
3838 4400
7431 1392
1545 309
7748 8232
2722 7768
6503 7668
4171 3829
3316 88
678 5398
4366 7175
5737 1496
6025 3427
6854 6636
447 4743
4386 4616
363 1206
1893 9148
6097 8520
6510 8021
6093 7632
8993 9007
1274 6760
1375 9712
2429 9128
224 579
7302 4505
1816 2696
6675 7206
7298 7810
2664 582
5943 2126
3913 2692
2233 6808
5071 6048
6540 1145
5422 5234
7266 7641
3964 6671
4866 8277
6402 9267
6941 4519
3738 1600
5660 9843
3798 151
823 7345
2365 4691
9163 8713
2990 549
404 4644
8336 7122
5339 1428
4744 199
5722 351
4262 8020
7064 1692
1062 6335
6363 8310
3573 5045
8747 4398
7107 9055
4843 3617
7149 1584
1072 617
8218 6303
4280 5630
6395 9466
6202 4982
4812 2487
9792 7814
4092 3856
9023 3648
7774 1820
7266 2609
826 5152
2289 335
4168 9458
5277 9954
6667 882
4632 2928
3535 7162
4899 4459
4547 9104
9742 287
8611 571
3366 5958
685 2072
425 4073
2450 4759
3707 5777
5179 7793
669 1533
527 5870
5331 276
1371 7684
3698 2105
5694 6200
8784 6709
3207 1585
5284 2210
4276 6053
2611 8325
5027 8479
468 1223
3798 4616
5749 9246
2177 1886
3003 5973
8526 9587
1057 7820
271 1159
3233 9602
6155 2314
8246 9914
1444 586
5893 4427
1287 8258
1925 4778
8727 5637
4669 5340
2159 5429
8267 7178
3492 508
672 6507
5300 654
841 2122
1367 7878
9348 9561
3574 8262
3035 7903
9553 2262
6048 8534
9884 1274
4618 6643
7505 4722
4090 4710
1974 2207
1113 7886
7575 3592
1619 7673
7664 8577
2341 7320
6092 3049
9026 547
9784 2359
9214 4264
9447 3114
6333 2566
9731 5333
2713 4621
1045 1688
4483 7421
1340 1514
9079 45
6336 9589
3943 9368
6000 8448
55 6572
3441 3873
493 8540
3776 8737
8534 1379
8290 3889
2177 2256
659 9592
2827 4516
773 6893
6032 5801
8189 9014
6021 4295
415 2893
4142 7119
4908 4568
5576 353
7470 3966
9029 3309
7007 6643
5417 3689
1823 4775
4433 9819
4955 7074
3469 3230
1022 792
9665 9972
9125 6049
255 6724
2670 7097
9743 6442
7653 7930
7292 8412
1058 1067
9654 3744
356 9670
9529 5390
595 9300
5753 7737
5607 878
3178 3914
4843 4957
2370 9625
4844 6038
4744 2922
265 2027
665 5774
1781 8224
2292 9193
9822 4334
5552 1268
5956 1120
1436 6037
5318 421
529 4957
5549 3619
8021 7677
9663 6385
2320 1962
7660 8974
9825 7148
2128 7476
6466 1317
8315 6205
4098 529
2243 1679
916 9188
3072 7671
5874 4390
8737 7009
7000 3567
9612 4353
6356 6526
8146 5863
8195 3989
9563 513
9180 9789
9470 5822
1473 839
1863 7498
2776 9519
8578 2687
3134 4389
1037 836
2507 835
124 1149
8748 5384
3529 5179
9607 3578
2781 4955
9290 4962
596 6893
9124 1429
7087 3546
4563 2795
4514 748
9021 2304
3292 4066
9305 9258
7527 5705
6580 4952
6062 5851
3779 1420
2969 2412
9195 141
4678 5066
5937 6586
3176 9169
5775 6125
8970 8813
6972 7391
8750 8281
3574 6781
5331 4936
8872 1083
163 4505
723 4125
5308 8791
5872 4922
8688 5268
7975 6863
245 924
3319 3866
4961 5769
8055 1727
5534 8344
3050 8730
2819 3997
2397 6802
2657 4461
8787 2159
5753 2133
524 3521
728 3815
5129 5514
2893 5092
3073 4283
2322 4407
9773 1206
7195 5684
3549 128
7419 8052
2837 3199
2131 1019
2887 7283
6747 2667
957 4748
7209 2221
5986 1384
2641 5008
5704 7559
9199 9388
6581 9996
1062 6198
2885 6521
7728 7202
3793 9822
4373 8262
9386 614
748 9725
9375 7007
8734 5158
6853 8063
3122 4646
202 6051
1999 1001
6484 2671
4319 7263
8467 6832
176 8817
18 7961
8496 2757
9776 3270
9471 5861
4940 2240
7278 9302
6474 9295
4474 6382
7694 334
9651 4885
4601 3903
1480 2728
4645 2028
821 369
165 6648
478 8185
74 4360
4312 1853
6454 9335
8221 7055
3382 3843
3114 552
226 6972
6579 8873
25 9079
1532 5953
9389 8621
53 3178
7460 6692
7582 6554
794 4861
5032 6728
6021 8449
3089 8240
6039 6438
8886 2229
9338 3269
2515 1078
9699 7031
2375 2491
5916 2299
5339 7832
7398 6524
2939 5332
376 5547
4775 2549
5265 5555
6041 2387
5335 3663
5223 4754
8467 1608
2733 33
1891 2350
4906 7490
830 4162
3793 1530
7584 2504
3038 8131
1237 2910
3028 7078
1225 4287
677 2652
3876 1080
9712 3146
4152 6454
9257 8694
673 815
7248 7674
3670 954
6440 2204
6770 4334
2243 6480
5832 3584
220 8286
6583 7296
9695 5006
3281 4062
9563 2739
2252 5517
3608 3593
7633 7231
2156 5096
7319 1623
63 6729
2586 5768
6111 4832
8282 5561
8696 4032
2680 4179
9482 2628
4368 165
878 478
386 1963
7454 1211
3494 3976
2275 4868
5621 8844
1024 8253
5720 2526
8013 2764
1951 1247
4224 1491
1931 2610
6177 8214
9228 9602
8527 4698
8975 9899
2929 1738
91 4283
8144 4736
7591 6982
7526 8268
2251 9708
2076 4078
7980 741
9341 2139
1813 6450
8545 2733
4881 6255
1260 5511
8743 3342
5975 4572
4099 7565
4142 9223
2475 4966
3208 3507
3764 6846
6986 1237
3926 9250
8349 6557
1837 2239
176 987
3484 3670
2 1130
9640 1491
332 8705
3657 6861
831 4452
242 1348
4502 9420
4638 1027
2968 1107
6484 5583
1676 3775
4946 7337
6756 4795
1182 3766
4828 6372
5329 456
2258 7254
512 1907
3476 7519
2668 548
5698 2772
1484 8914
2426 2128
5386 2402
6850 6384
1547 5899
6676 6146
975 1470
2035 9903
7129 2533
6804 12
9947 6185
4771 6860
3562 4043
2527 2284
6882 2878
4345 5138
4300 3731
5033 5996
2506 831
7452 9945
449 7602
528 2828
9989 9028
1189 2157
4538 9294
9628 3606
6525 5761
2126 1341
2396 8253
1530 6683
9489 5850
6227 2516
3893 3039
6154 2005
7431 6654
9821 4834
5991 1491
518 9037
3884 7034
5596 3578
4061 9359
5963 9245
1831 5654
2948 220
9925 6458
9883 3151
3084 6580
2436 4518
9477 9414
7943 1536
7260 7776
4028 9144
2409 7097
3799 8761
3134 1912
8200 8416
9360 5819
2839 3427
7247 6656
8253 7929
4104 9303
7975 1135
9754 3028
2178 8333
9272 5191
7857 4912
8875 2728
3719 7787
4736 2076
1504 169
8960 5562
4638 5378
4397 8724
8241 59
1554 593
6145 5798
8172 9941
7434 7283
9656 6586
3091 7259
8883 2444
5968 590
1640 5497
2265 5016
9166 6462
1417 2048
9293 8069
6948 2573
4012 5657
222 205
133 8700
6995 5537
5023 1815
8446 6566
8847 2824
2665 4328
9468 6656
2582 605
8912 7815
9371 4770
8052 3535
6798 6939
1087 7790
7863 427
2101 9723
6645 100
5983 7814
7616 6098
9167 8516
9733 7960
7921 921
570 5816
1133 56
8569 9686
4420 9904
82 4053
1986 7915
727 5240
4328 7133
211 3919
4838 5473
480 4308
2656 3285
2917 4688
2609 9323
1181 4685
7073 6756
4765 4979
7351 2063
1960 5432
3285 56
5109 3806
49 3756
4041 9440
257 1101
9573 3678
2881 3809
8461 5806
660 7002
3308 9837
6639 7289
8383 4497
5627 6363
8027 4827
2131 2098
4227 1393
2820 7006
5553 2186
6785 5575
2554 6510
8371 9731
1968 7
9544 7394
9062 5008
3531 8007
5207 3979
2370 6215
2327 9455
8300 3445
6446 718
8258 6110
9600 9200
9483 1269
102 5736
7503 3746
1026 6877
8737 5944
123 7522
3827 5699
7452 9260
8455 4327
8479 1028
2012 8514
4325 8713
2063 946
4021 565
1153 7625
7512 1890
116 7226
2630 926
5730 381
1181 5818
6453 5427
7933 4673
1309 4041
5533 7490
8498 593
5672 4823
3661 7806
648 8083
3089 3925
8556 6457
7246 1388
2780 1129
6295 5108
9590 9718
1485 4442
3849 5583
5089 4309
808 9859
7615 3534
2826 8022
2734 7438
9411 8277
7382 3026
1594 4519
819 6677
2297 2383
485 304
6930 8783
7806 4691
9727 8110
2037 4691
2446 3016
740 7595
5284 2946
2245 5430
4278 1542
432 9298
5550 3618
1245 273
3869 3306
5684 3996
7229 3087
2894 4999
9080 5605
9123 6020
5012 4963
7945 6297
1226 2773
3206 4228
6412 9907
2182 2827
7797 7123
9684 7943
2779 7302
843 5240
5905 1682
7483 5896
5927 9551
3410 5720
3512 4477
2335 594
4380 4893
4198 9994
4496 1915
3936 8576
6315 4321
3208 7282
1937 6266
6881 2088
1107 2833
3464 8109
853 8992
4185 1001
2046 2927
8064 4675
8318 623
4152 2809
2394 3265
4820 6519
7747 6812
9429 5134
9485 9430
4620 252
1397 839
2639 7157
5641 3592
8145 6131
8324 526
7106 1930
70 3193
1815 331
669 5110
4816 4691
5390 7267
1096 2129
9043 3523
4664 5441
3162 5774
8429 891
7273 5109
970 8896
785 2597
5911 7651
7378 3805
6624 6774
583 1114
5003 812
4356 7066
8423 8037
8475 7439
5358 8394
2614 1128
4148 5375
3151 92
4843 3131
9527 876
6157 9860
5896 8072
8739 3044
8663 3294
4775 3891
1507 8782
3942 1899
2108 7769
4389 1951
1277 593
6487 4072
4158 663
2384 9561
7591 2942
6605 1352
318 6033
9451 1343
4357 3446
1923 8695
7585 1364
2966 6561
1969 8440
7047 9989
5262 2070
356 1790
8051 1906
5456 2404
2661 9360
7394 2533
8127 639
762 8888
3000 3438
721 770
6815 5095
9626 1662
7617 615
5998 7076
471 5648
4693 9959
1844 3750
4976 4039
3545 6763
2984 8160
2150 8314
4625 8622
3103 2680
1507 8190
8738 8619
2809 4558
4494 2227
6097 781
1863 9096
835 7935
8337 4436
2307 5897
916 7461
9876 6429
9691 8198
1744 3088
775 6446
9899 1899
7697 7133
5311 7399
3896 9951
9582 4492
7738 4114
722 9439
9383 3105
2967 6571
4041 7018
3084 5577
1979 3454
962 3535
9689 883
1200 8258
8909 2566
9069 8890
5543 8811
9379 8309
8970 5621
2411 4981
3155 8861
2537 1288
4832 9672
5693 3360
3524 2564
9261 6963
8987 4513
8089 3496
8061 8301
5826 8393
6144 908
9330 5774
2789 2107
5562 6631
8003 2296
6989 38
4500 1997
629 7334
4805 1312
8860 9691
8126 48
3569 4586
4174 365
9025 2562
7795 6552
1298 1547
8478 9292
6294 1688
7130 4458
1117 4972
5925 2803
8442 1176
2625 1011
7964 9081
5414 6481
7354 2479
2606 7885
2331 9012
4544 5907
9882 1926
1161 9133
5493 4620
6584 8965
1971 1124
4731 8298
8215 8020
1828 8448
7360 6919
9660 347
615 2410
2417 3839
5521 8962
3025 15
921 6702
8312 7160
8225 542
129 5740
5853 646
2226 9007
8502 7052
7931 9117
1452 4302
3670 1785
1892 2482
3213 5467
2721 37
3300 1748
6067 9678
2217 1904
964 3431
370 2879
3893 633
9932 8874
4915 6654
7009 2718
7199 9776
7541 9436
4235 5842
4433 6865
432 8135
2652 5719
8622 8483
772 1409
6298 89
2862 5047
8742 1701
5959 555
5118 9457
2049 1686
3898 5356
423 5342
7948 3262
1306 4258
1899 2277
7226 6951
1520 6463
4285 3293
7371 2850
5413 865
6326 521
5138 382
3439 7597
1840 5711
10 9630
3025 2476
7923 8188
6221 3046
5882 2880
1048 7110
8622 7855
1958 6524
2090 6261
1780 1862
6766 5740
8157 8235
5055 7760
7079 3293
5927 8865
1063 2555
4246 971
255 8430
1936 6357
9305 481
8409 9518
3109 7538
6660 9623
4495 3578
7343 3820
83 7321
9121 8462
972 5488
7182 4866
518 2029
7862 1251
179 151
5728 4174
8922 532
1524 2818
7936 1875
6014 8111
1847 3708
8141 8415
6138 4895
8886 378
563 5848
9903 4580
3323 9306
5898 2219
3906 7452
7236 3068
7135 1589
3383 3827
9228 2382
4691 3319
6119 53
2744 9759
4549 1399
2132 5157
8780 5285
5064 6106
5137 9772
8152 544
4769 6285
5570 6865
5957 8255
9080 7353
2860 6373
8100 4917
3669 5766
6833 6089
5960 1817
1120 4352
3295 7867
5072 6586
559 8558
1788 4597
7218 3628
5727 8356
4793 9568
5205 2043
9228 873
1479 8582
6768 9751
9670 363
7414 7289
59 1178
2168 3467
3719 2222
1770 3597
3256 7989
8373 4930
8439 4929
5634 1695
565 3247
2673 6455
8573 5689
4474 6294
4167 4104
8373 6933
677 5366
6781 8354
8989 6428
1016 4404
7910 2634
2081 2816
9560 1490
8656 7447
2986 8346
8929 3463
1002 9577
9124 7956
425 2119
9515 5104
8206 3359
7718 2545
6321 6820
3940 3165
6524 6957
9426 5383
1853 5058
2435 6793
9457 3853
3660 7876
7286 7933
1329 2517
6542 2554
7088 8520
1789 6659
90 1215
6306 6720
7815 9000
1995 9028
4381 3879
72 9593
720 6099
1689 3082
8911 7677
2066 7884
1695 4035
167 9716
7309 1821
2729 891
9524 2307
2449 5695
8740 9279
470 3389
397 8557
3189 1462
8217 581
1046 7097
4811 4486
7496 1322
6254 9744
4113 1591
6908 7777
4771 3297
5224 6637
1700 9542
9488 6473
6910 5922
1097 2590
5149 8775
679 4856
8492 1141
8381 6336
7861 2943
2608 7035
9913 5384
4973 8922
4856 8529
598 7336
7887 9156
2604 2700
4072 516
1408 2547
6858 5033
4958 4655
8002 5348
2918 4040
7510 9775
5038 6928
4467 5787
1346 6250
5319 2737
7940 90
6925 7243
7175 9701
4478 1148
4653 4976
1870 7698
1799 7770
7933 98
600 4516
8327 3717
3040 6536
5596 9736
2109 5720
8176 3545
67 9796
4523 6574
6431 8997
5551 2961
8834 8811
3530 1029
5960 2320
6516 461
9882 3637
6500 2230
4003 390
6643 4495
9197 2609
906 1068
385 7351
1955 2538
4419 8945
2737 200
5104 2644
291 9926
9498 8565
6171 3619
9371 6158
5132 3161
1222 3173
5983 7048
6665 9184
9532 2795
1643 5783
991 7071
3074 8037
4628 459
6006 6158
9707 9426
5600 6030
4070 6864
183 6229
4751 4237
9232 8732
9822 6059
5525 519
1772 4306
1257 5206
5511 3742
1066 5921
9622 6343
8781 9063
617 3486
3688 4076
300 5534
1419 3233
9159 8973
6945 8744
7753 1770
6512 7840
2304 5973
5328 7801
4780 3534
6776 9479
93 8862
6048 6306
5394 333
1610 1737
5848 6255
7756 9506
93 5085
6158 5506
9365 5990
8323 9212
3073 8325
420 4946
7770 146
1606 4412
2691 1270
410 7801
1141 7890
8788 5882
9349 2893
4268 8738
5389 266
8535 1396
6877 9128
9439 9765
3421 9097
7459 6771
5536 9278
3852 4544
3250 2585
5838 5712
2996 9057
4470 5716
9178 6449
6142 3442
5585 7832
7086 5027
9887 4823
4295 1143
1725 6076
5371 436
2955 1184
2807 773
48 4179
3682 171
9520 5644
8231 1105
3336 8852
5323 9606
8875 7373
8117 2775
5804 8000
8862 5757
2219 2195
890 6755
3183 9283
1245 3134
2380 4503
1355 1364
6934 9347
6589 4176
2855 9256
2373 4320
4321 6763
1545 8388
6755 7124
2871 7971
553 5599
2420 2301
8848 5369
270 5830
2346 6507
2488 7814
4135 55
9775 6810
1694 3821
4886 2091
380 4008
6204 5239
2428 2439
2990 6861
7893 4130
7644 4347
2402 6154
6991 3723
4760 8019
3918 9511
7706 3965
4906 4172
444 6817
1943 3775
2033 4335
4525 2745
8491 6598
6724 1457
7113 7829
8950 1168
3004 3831
5499 5641
7533 2906
736 396
2764 4337
5805 2973
3918 1287
5504 4963
6789 9804
2750 2522
8123 1395
7428 4435
5135 8734
7268 3855
5210 6756
3946 5571
3215 5725
3522 8950
24 3205
8485 346
2761 4557
7137 3918
6256 9411
5095 3640
3059 625
3962 927
6269 7788
8121 4724
3563 3613
396 9397
4555 5908
139 4310
1615 6128
860 5912
7536 4586
4535 2889
4941 5148
383 4691
3350 4585
2849 3037
181 6390
2570 872
8704 2113
7470 7687
4206 450
3730 5876
8441 3272
2058 5751
1824 5982
7145 851
5014 1789
4316 7596
5014 9460
9536 2174
2146 9265
8105 2793
9859 673
1979 5554
838 2178
9522 3673
7818 9629
4818 1681
3599 7518
8665 4335
5436 1878
2882 7109
3829 5223
5411 588
4730 3284
4723 2861
8614 2728
7041 2152
8420 6242
516 7723
5340 4046
4543 6681
7553 1522
7632 3300
1113 6226
9440 6980
1462 1864
9275 9025
8883 8067
406 1753
3766 2937
7656 346
8614 3272
4005 2264
9824 147
64 6415
8592 1427
1931 9659
6452 3446
5183 5579
3066 8201
5454 8888
942 7079
4556 6303
678 8495
7259 1008
7101 522
948 2431
7654 3787
1095 1088
4411 9394
4362 4816
9777 6703
4167 7097
8515 9902
6422 6178
9315 3534
1693 8798
5490 7772
238 7594
8601 3401
8357 6738
819 2684
1674 7666
7881 1398
8523 2028
4737 6567
5090 1340
4807 9161
4292 6386
8888 5053
634 7901
6621 4440
2196 5507
8970 4610
2584 4101
9744 6905
5510 5497
1414 7662
9619 3266
7564 1383
523 5747
8962 9904
9008 5287
3617 2785
4536 9875
5182 4348
5801 1039
1669 2179
2014 8036
4632 8871
1942 2389
5403 7388
9806 2239
7501 6138
551 9369
2301 762
5823 1640
6735 4092
7371 6938
4356 5415
4290 5499
591 7795
5165 9711
5061 8131
5621 7688
2984 7384
962 5832
1350 2182
8899 133
2020 3333
1441 7353
9867 87
1604 4195
2256 1294
4954 1237
4722 4646
7450 5812
2704 3005
8539 6996
2191 6596
1207 1085
5071 9382
2206 2679
4036 3251
2101 7305
910 1651
3369 557
8431 2057
4294 5802
1871 9388
5801 7355
5742 4024
2372 1702
7989 5433
8350 9620
9492 2769
1168 9501
105 9818
3658 8444
4129 9946
147 6133
4999 2195
3905 2833
6193 9885
6875 3102
4624 5588
6443 4033
2850 9775
1976 3834
175 3027
546 3826
7811 451
9446 8017
2823 8703
339 6187
3064 8888
4571 8365
1454 8823
3601 8737
9062 2449
9091 8929
6772 7529
3069 3003
2380 7522
963 1695
9981 4415
2221 7697
8690 2494
3313 6044
1756 3546
9990 7307
4790 5671
9770 4520
585 6036
8436 3144
6580 1256
9762 6327
7222 2692
9124 9580
7529 6017
5318 9753
2173 1412
2223 4085
6543 5045
5343 4172
7595 9775
9564 6983
7308 7094
6238 1232
5337 5370
9901 9064
7497 9098
5479 1755
2835 6143
3587 2193
8828 6224
8836 3475
2801 4435
1001 1847
7606 7688
6916 8861
7323 4851
832 859
5385 1077
7240 1097
6099 9092
5381 1948
8233 5126
5429 3953
5341 6364
8550 8535
656 4506
3218 4287
7485 2766
7020 4907
701 3104
4018 5232
2211 4586
1520 1045
5435 2774
7504 4319
9493 557
8149 4468
5495 4978
7330 7926
859 3003
1983 7257
2302 8772
6145 7497
6525 8501
9867 3522
6890 3930
7763 111
4366 7351
3512 6468
3692 1970
1032 5472
3870 8581
3291 8153
3305 7103
3937 6040
3029 7353
700 8705
1762 4226
2843 6700
6373 3152
3735 8899
9738 810
5917 4679
6591 5486
4906 8033
7568 5811
4660 9826
4142 9751
632 3971
7354 6746
7981 2216
6158 4566
946 433
7560 1627
5105 2307
4428 9826
3410 8132
4927 386
9005 183
9357 8929
49 1519
5604 2531
4596 6305
9598 3137
6277 122
2497 463
2163 3014
1744 8173
1303 5752
2835 317
9471 9156
5455 8427
9912 5638
8111 6612
6744 1792
7919 2983
9654 8830
3368 6269
8470 4610
419 8359
4288 1793
6448 2670
4381 4382
776 7871
2449 5620
8549 1359
6367 3646
5356 9819
8703 4744
6367 4693
4578 3045
9141 8486
318 3757
8697 2236
7435 8200
588 5136
5982 792
3643 9447
7261 6277
6110 4341
5218 5293
5916 5329
6112 2491
1546 2340
208 2579
1318 4774
7219 7682
2163 6107
2824 350
7982 8441
9206 7143
1261 7334
1669 1670
4640 4268
3845 7890
3027 2444
8098 941
4823 6523
6663 1130
5850 2095
4726 3208
2911 7575
8479 1819
5811 3707
3406 2690
379 8607
9228 7668
4551 5299
9878 1345
8684 2247
7086 5019
8326 9507
6076 2663
7759 6200
7358 4767
6333 240
1274 5349
3207 9822
1660 5892
6270 773
3946 5151
1056 5042
7921 3025
2576 6814
1200 6509
6109 1051
7523 6810
5044 2488
7368 3398
1692 9540
4599 216
8532 7375
5543 6841
6565 2123
7537 582
6513 7921
3412 5008
6109 1067
9815 584
4663 4428
4545 4559
1863 1548
5613 8331
1550 5062
273 2768
967 9791
7819 9126
7388 5389
7526 9392
2981 5139
5772 9774
2423 1338
1255 1779
4290 3002
4647 3645
8385 6669
1684 1649
6055 2313
2959 1850
3273 780
3643 6748
6831 2744
8229 6214
8124 8874
1646 823
13 5877
1573 1056
3617 5723
7098 1543
4924 1757
7025 2468
7204 1307
918 9252
1616 6605
5557 736
2199 6432
1633 9576
4963 8763
5653 9838
5274 4408
9626 3473
5138 7133
4088 9867
7030 8286
6975 7921
5544 6627
4264 404
7609 8432
4822 1178
8332 7006
8882 7761
5874 7277
259 7489
8232 3351
6931 4736
1269 4476
7774 8754
6667 1227
5334 4163
1386 3111
2987 3798
1065 6417
3606 8886
7022 3668
5367 7251
883 6637
3816 127
2237 3197
187 2793
6846 5599
3064 1676
4197 1231
468 652
3309 271
8086 8677
9986 4600
7923 4127
9304 1570
6913 8803
7644 9728
8513 5814
4018 5298
2832 5128
8551 2045
3471 7592
8600 1493
5109 9324
6680 7216
5781 3365
5464 8252
5340 3816
5810 6714
8382 4757
9817 5196
2896 381
6274 1118
3328 8204
5848 9790
2538 7780
2168 330
5149 234
4039 2594
9004 2860
3274 36
7516 1744
7398 7254
7841 986
5878 6908
9106 2343
5274 6430
613 5906
2322 487
532 9552
6466 568
8189 4313
5573 7796
4713 4173
1425 614
2595 2275
5164 1105
7694 6328
164 8464
4800 5122
347 1401
9406 1396
8879 5570
1233 9093
3308 8443
3556 7863
8016 8422
5453 5891
2811 3562
5569 9397
9671 4976
5514 3650
6968 2526
9565 593
3066 3100
5261 7022
2633 6639
1892 5352
3705 8816
7098 744
7261 7291
6361 7110
9600 649
9198 9283
4604 2735
8307 4409
1116 3934
2042 1333
649 2479
9209 2788
6148 6372
3809 9880
1574 7611
7052 8244
7948 9084
3205 5642
5391 7214
412 6111
6140 4609
8136 4712
7101 2294
693 5023
5417 4980
873 5177
7798 3566
8743 1120
8510 1182
6567 9059
4567 523
4592 251
8706 4980
8555 8545
8898 913
8138 5227
464 5996
8653 3401
9109 4829
2172 6411
3013 3160
7898 4271
166 3491
6270 7653
1477 115
1406 9699
142 6918
5958 5895
1070 6888
7109 4818
5396 1928
7025 4750
9581 4981
4731 4204
5557 3537
802 6835
4836 9894
7584 5570
9370 997
9782 7598
6962 9403
3608 9267
1080 7030
4938 2807
291 4422
3762 3557
192 2229
299 8390
8756 1655
7751 7880
76 9766
1477 7491
1624 5993
4606 1220
454 7474
9627 715
6360 7097
9641 5643
6237 3786
4331 5832
9539 4043
4076 5293
1414 1632
1334 2126
7418 4506
550 9479
1907 7202
891 4895
7560 4572
6902 2516
5335 8411
9197 7064
9758 25
4420 9796
5470 5266
6382 3140
5448 1928
279 3369
4943 4984
2315 7105
2671 5082
5687 9767
8225 3867
1544 4899
7421 5693
7621 6016
3543 9406
2102 6984
2695 1862
6941 5889
9364 6123
5817 4251
551 3639
8059 7086
3357 162
5704 229
5562 3131
6422 371
7829 9396
3866 3233
6292 8939
2877 8655
5218 8042
8664 5671
3064 3079
523 7974
6294 4700
7367 927
1155 712
8592 9320
885 1082
8336 3773
8256 3588
3003 9832
5281 5808
8815 5361
9303 3056
8141 1703
6089 8572
5887 2174
8250 9271
7321 549
9985 7952
5793 1471
5735 2989
6902 9251
3826 3765
2870 3853
1699 8724
8576 4324
8331 3710
8291 9218
9707 604
9600 5949
4029 9488
2002 721
9166 9071
5067 9005
8373 3872
598 3393
7998 9615
202 3725
7979 3832
5607 3680
348 5216
8848 5163
9638 235
4826 3243
3975 6771
4772 4758
6410 9082
9492 3139
1863 1605
5278 4282
2152 7853
4495 6151
3952 2644
6119 4176
2341 4543
2371 1671
2386 7647
6393 5281
2795 8224
580 5757
9998 5957
2153 4995
9742 2678
9921 5400
3975 2673
1325 7967
3791 4112
3268 5253
973 2085
4045 322
2968 4953
3699 1546
3398 4391
4876 1546
4899 3035
1877 4134
8552 8678
9649 9086
8350 1855
742 9720
3971 1566
9171 3863
1471 4938
4240 8900
1641 1738
2928 3904
7565 9676
5510 8797
6208 1029
6176 5798
4492 7346
6158 1521
3822 5438
6785 729
7802 2654
9798 1847
4516 7735
4118 8338
6971 3691
8279 3629
4821 1552
4758 2305
2683 8574
2760 1189
9648 4319
1510 5078
4690 7959
331 7772
7004 9459
1603 672
9424 5821
6017 5811
8635 2133
5488 8624
8681 5848
873 6865
2942 9637
789 7884
2256 8748
7064 6640
7390 2194
8685 5757
102 6376
1575 5202
2267 1763
7849 9620
9702 1080
5628 8815
2843 8597
4528 8893
2308 8307
7564 4749
4697 5590
8861 5352
6279 8030
503 3978
555 7576
3278 2415
792 2171
580 4537
6134 6876
8038 6259
1362 5277
3836 7913
8179 2176
4660 6097
8014 157
1537 6572
7523 9015
8377 8932
2265 4306
9814 3193
410 8504
6309 3223
9218 5618
776 4776
8339 6563
5415 2806
2406 130
5681 9268
5042 3862
5075 8376
6814 1398
2534 8592
6316 3940
3351 5761
207 680
1916 4680
421 4660
1976 9787
7028 9083
61 6786
5531 4458
3821 989
8811 2618
4318 7684
8542 233
1729 2010
259 1022
5117 6695
4883 5880
7721 1785
7592 7257
4403 2999
9986 9812
5954 3175
9265 2883
4706 1380
7080 994
6831 7682
3532 2682
8934 7229
5264 3338
8861 133
3411 5211
8943 4055
6553 3525
4177 508
5200 8345
5221 9405
8965 757
5605 8654
255 3482
3158 7922
5287 5796
5355 9875
2195 1040
6496 603
3185 9636
8599 4155
8505 753
7875 1371
6471 8975
6172 8732
6124 2134
6566 8078
6799 1242
6002 6954
9383 6168
6380 6769
7408 7379
3648 8298
8584 2389
5870 1250
4530 769
4238 1390
5427 7228
7799 7360
2443 1490
3552 5860
6569 3636
5065 7810
3728 6477
2651 4289
8127 2587
8216 3835
7387 3099
1462 5777
9909 3172
648 7270
5910 5044
7964 9340
3551 8367
4575 8775
7525 5603
3534 3368
7142 1118
223 4868
8486 7395
1946 5243
8660 3614
2161 7899
3317 1375
1232 2996
3984 2515
5205 6689
9997 2842
816 3790
4396 5413
2496 2593
3164 9014
5060 5473
2475 9600
1720 4072
6722 10
7701 9716
7554 8652
1143 5861
7915 7757
3235 8369
1215 6091
6960 7354
3427 3923
7514 9574
7822 1468
2174 5973
8553 9414
3310 200
8455 163
6452 1799
7583 7356
2063 2866
7859 5199
4364 2823
7604 7408
2723 1790
3897 9294
8523 2930
9517 3904
9919 7814
3806 512
6887 7438
1922 1755
8803 8524
8199 5752
5262 9178
1670 2709
6203 8420
9886 4529
8617 7613
3162 1534
5615 1016
4226 6887
8151 617
5497 464
198 4411
4166 9558
3609 9672
9242 1438
3965 5021
1923 4029
4323 2598
673 7870
8296 9
3922 1595
9441 7004
5174 6241
3598 3681
9520 1945
5058 13
3955 5656
9217 1063
1583 7020
6627 2408
8815 7291
6261 7932
7735 2326
7122 1226
9275 6029
8897 1629
6101 4205
9022 879
5260 248
8195 4
758 5073
7371 1658
5883 5136
1130 7962
8115 6308
8778 4972
4411 8260
6101 8535
6945 7441
2609 960
3136 9621
5563 7846
6100 813
396 1617
3706 3763
4491 3016
8608 5750
5905 6058
5508 9657
5964 4748
4360 9643
4048 5912
7486 263
8323 9763
85 849
4925 1381
1640 7854
4892 2369
865 357
9621 5368
2294 5434
5259 250
7060 7684
708 5120
6453 6301
1926 6946
7031 6757
6274 109
4106 1887
738 7411
5939 2485
6861 8993
6929 1009
314 699
1608 347
5930 2800
5996 2103
9526 3587
7310 2110
6379 3835
9098 4864
9150 9459
9368 1342
6611 8036
1530 8395
2354 6519
4404 184
2433 440
1566 7293
7216 4175
9259 8231
2360 1179
9107 4945
7906 7474
2795 9442
4380 6757
1535 3011
3504 1684
9053 1335
8884 1653
8438 5802
764 5003
9988 5136
676 3015
8646 959
5914 7615
8907 2729
4166 2132
7330 1649
3911 8002
3798 4617
7734 3034
6360 1231
9337 3590
6851 8737
7052 9971
5152 5178
4622 9313
9020 9244
616 9483
5325 9248
8615 5608
5508 6480
1564 3291
4421 8482
7999 164
778 123
4388 8369
3022 724
3157 3452
7028 1222
9085 8010
9332 5250
636 7052
1172 9159
3130 7974
7846 491
1381 9666
226 3350
8104 9167
4202 7469
9829 8955
8045 9263
1991 3677
2286 7190
4462 8425
447 3996
9485 5040
3930 1228
3379 7462
998 8949
313 5527
9496 6263
2276 8643
9164 327
8504 5039
7874 2543
9151 9027
3080 5839
3303 5989
433 6755
9641 8133
7092 3805
3825 4380
1460 5653
9629 7109
1709 2452
663 4162
3395 6507
9017 8192
9450 8055
7190 7675
2059 1962
7062 747
8368 134
7991 2829
1562 772
327 9390
7310 5754
2581 9499
9459 9030
3233 1643
9326 3334
2422 5053
5497 7265
1139 8303
450 9299
3835 4021
2961 6166
5530 4145
5935 4875
9991 8690
8454 4014
2609 4392
2723 2440
5190 6203
2214 695
2879 8950
5020 7168
6454 6849
8163 851
5882 181
1635 7866
1784 1326
9139 8092
9562 7181
3568 9590
6556 1280
6357 8193
75 9898
3697 4884
4534 2181
4580 2040
3665 5073
9919 3605
3805 3897
3365 5102
6814 1499
9114 2341
8943 3671
1146 367
1282 8394
2806 4027
3234 9474
6363 6389
2278 37
622 7743
6899 2142
9827 5557
652 5013
8653 6418
9665 4836
9521 5555
5464 5894
7968 8352
4104 5613
9354 7743
7824 9813
8145 8361
4824 187
773 8846
1332 8672
1078 3221
7516 5464
6354 9577
5960 7004
8322 8264
1265 193
4191 4624
129 3876
6669 9091
2281 3757
4111 5515
9074 3229
586 6892
9942 238
2474 8709
859 6511
9680 4416
2859 3297
7857 6095
7681 7030
815 6468
3709 3943
4270 1487
1587 5359
6302 5929
4298 2482
4388 5436
4251 6685
9090 4877
2561 5331
7822 4661
1165 9729
6145 2979
7586 8948
6739 6744
9552 8759
9284 1438
8806 1377
9936 8739
8760 4918
6828 8050
6059 9089
7732 139
1964 2275
2531 9442
6831 4316
9558 4217
4225 5926
3382 1817
7324 8590
3089 5041
3976 2650
1026 546
5612 973
619 9839
675 8599
6090 9849
4025 1171
3517 4869
9877 6701
2313 1461
4811 5797
3974 2976
4102 5056
1045 6308
6045 4886
2745 9756
9975 6227
55 2915
6472 6646
698 1445
250 7694
4108 2715
536 2417
3705 2253
4980 2318
6167 6251
295 5787
1572 8494
82 3115
2893 3397
9781 3059
4336 3517
143 701
7418 1650
6198 5055
1018 5942
6087 7992
7589 5110
3552 3559
9832 7203
9260 2634
1206 740
8071 7876
5694 6539
5576 7111
8622 3238
6740 61
3870 9248
7869 6158
8868 2829
9043 2377
872 2867
9798 2315
8549 6944
2347 4563
6970 2049
2043 264
1454 4199
147 1583
1842 169
778 6410
4387 7318
9413 9301
8393 3924
5906 7696
3631 559
4821 3851
2942 4653
9206 5749
7118 6676
4001 9264
3676 9180
3726 3292
5121 3838
2342 6603
4411 8059
5020 3559
9577 5019
2562 2322
172 5818
4729 3958
5662 6142
8186 5990
6702 2563
4207 209
2707 63
2212 7856
238 8985
5485 7518
7088 5501
9106 4221
1890 231
9256 2582
8370 9933
7732 2021
4165 5638
3946 7147
9518 2657
6840 7134
12 7528
508 284
9105 8514
707 7509
7890 7224
2653 5571
9720 7146
1456 1640
4347 3437
5628 6435
6639 4271
5482 8568
7629 1558
6512 5155
1707 9142
9283 7333
2651 4835
841 2065
6216 1177
818 7772
8239 1431
9160 3685
5237 6733
6310 4499
1186 9942
6953 5858
1045 7569
9481 6660
7372 5173
4675 3750
8034 781
898 2358
964 462
657 7436
6056 9915
3048 2311
1016 3303
2691 8304
237 4122
7067 9569
5130 2297
5404 3838
3793 9699
3031 7259
5843 2440
3964 1960
6179 1686
2559 7626
340 9825
2358 3554
119 9342
7964 9898
3513 8690
3080 4380
6729 8854
6374 3327
2752 8808
9517 3963
8316 5487
6256 6436
4073 9947
2125 9113
6742 843
796 6180
3672 7713
3699 5527
1331 4644
9101 57
2555 9381
681 6235
9163 3241
7598 6210
759 809
1948 9175
51 7215
7601 5029
3626 7538
9254 4431
7202 4727
3444 2420
1209 1363
5914 2786
708 7819
9975 1167
3608 4257
8829 7629
2710 828
5994 3059
2826 6710
7662 7407
5846 9381
4424 5771
9251 7243
1418 460
9930 2984
886 9477
9518 5154
2032 1900
489 6401
1827 9294
8550 1860
1407 6798
9958 3612
8526 7259
5626 1574
7676 8238
1105 9427
3162 360
1607 4382
889 702
3663 4394
104 2934
415 6090
4333 8957
1669 4720
3454 9245
1 4426
7508 8087
2143 9709
483 4327
9853 1691
7446 5974
5382 296
8475 248
5869 5715
2503 897
8985 9594
5951 6717
7039 6340
9054 6303
9357 9623
8842 2657
894 4438
8524 744
8643 6976
6961 6747
8450 1187
8102 8291
439 1640
7782 341
2667 4774
2816 1402
8557 6050
4772 8572
8586 7077
3599 6849
3279 2372
9136 8790
194 5695
1783 4466
1825 8560
2366 6170
3240 342
8612 9930
2029 2005
7717 9317
708 7270
4812 5532
4953 9584
3925 973
5350 3058
4855 4906
7992 8047
4055 9969
5078 6307
8972 9229
8633 7594
7269 2426
6231 9283
4822 7967
7450 4873
2432 5322
2079 102
9818 7678
4493 7360
6540 7083
5267 206
6904 5606
6889 4913
8023 9533
8213 3856
8963 2833
9508 7920
6328 5169
7718 4386
9898 8030
3173 2458
5879 7648
7975 4825
5740 3096
552 7645
2368 4825
4539 7409
5553 7574
1083 6271
4725 3756
1773 5988
8941 5462
97 2723
2271 5252
6756 7597
802 7384
7905 5197
3925 1681
236 5913
6751 1371
832 8367
1639 2615
2630 7054
8085 1668
4444 1322
4872 6768
7022 6986
6758 9674
2449 3395
1658 5185
8924 422
3028 5701
1657 8542
2728 7986
7045 6224
3326 4094
3937 8917
6202 8936
2691 1189
1446 5892
6614 5981
8798 5441
8936 2347
3913 7091
6632 2498
108 7014
7142 1220
1442 8041
4248 100
4339 1590
9908 8240
3079 4372
7689 5247
4653 3297
6813 6734
7979 2661
1499 4326
1003 5464
6202 1081
1736 1694
8672 3571
5552 1471
7735 618
5681 642
8741 5721
7233 7005
7590 1770
9889 5101
403 4589
5538 8319
6966 1689
1270 2529
1 2457
2136 9723
3899 1754
4955 5051
5524 7663
2049 3390
7621 4364
3760 5251
7845 3698
3521 2409
1264 7557
7367 7926
8598 3007
4273 2364
1474 3486
6323 1697
2796 498
5166 6438
9771 5350
9305 6379
1567 7605
5781 436
9399 5190
5362 6239
8632 7176
5994 2929
310 9253
7905 221
7719 8014
4144 3456
1427 5614
1884 1296
4940 3368
4787 9400
926 1062
6986 1004
5458 4555
6523 5847
9360 4736
9664 4461
3557 1887
476 6142
6290 2934
1189 4332
5658 8952
5952 6480
2610 2905
6301 3228
1545 903
2753 6124
3304 5021
9346 3842
7294 9887
295 8556
285 1529
5177 2794
6223 1445
3444 720
2977 7591
7796 29
6929 4686
2632 6478
7404 5853
9115 2006
5045 663
7370 7939
3474 5372
9665 5414
1666 167
9691 9917
7354 2379
7118 1804
4185 9707
200 4605
9526 3998
5376 2134
5862 4042
1647 5351
2431 1820
8464 767
8793 554
4469 5369
5134 9535
1481 6605
319 5599
957 966
5029 5639
9112 2491
3229 3248
4554 8043
7038 9251
5597 8564
2854 7881
1462 9900
4334 2685
8295 7702
4572 5573
8621 1516
3896 527
2973 5408
9604 5987
1189 6611
7777 1671
823 3946
9377 3574
5837 6
8559 5576
5974 3709
6974 9347
1933 6388
1604 2132
6486 523
8299 210
5537 218
3450 1978
3128 7705
1732 967
9359 6077
4468 9740
637 3166
7063 9421
6293 9398
1783 1869
9764 7716
6623 7863
8740 3296
8499 511
6001 773
9754 8366
2535 2139
5489 5579
3580 3098
4680 8888
7604 9329
7921 7941
6218 3336
1610 8368
5815 4812
4513 2906
6388 7351
9668 3541
4772 9724
5411 2965
9081 3950
4353 1185
2823 1470
2738 4483
6731 2896
8070 20
9305 8237
6463 2695
3853 2584
8961 8373
6115 8174
569 4330
4489 6400
3661 8103
8866 385
3891 7222
6075 5949
2628 9522
6866 3946
351 7437
1852 100
2959 7533
892 9855
7348 8878
5936 4809
5498 3657
4729 6149
2229 2621
126 8647
7274 3964
4096 5652
9950 1217
5706 800
9411 6269
8409 5570
5059 3772
3615 971
8598 1757
1456 488
8288 3641
432 7899
5247 334
5641 6996
3149 2234
3186 7651
842 7179
3167 6405
2073 1799
837 5051
6568 8794
342 2906
2909 253
1047 6932
3662 6888
8128 4633
9688 9056
2480 9311
2193 7607
245 6025
8355 8302
532 7640
9343 3724
4170 7669
1139 733
3534 5368
4498 4613
6190 599
3265 296
4133 692
5165 944
9123 3190
4393 2934
316 4
7627 5908
5252 1063
1758 8664
1996 9365
6474 9197
7977 8560
9012 294
6146 492
1265 291
5609 1385
5414 3256
5755 3624
1985 4176
1557 8681
580 9895
1975 3200
9489 6108
7546 2462
3891 3071
1042 8226
5865 9338
4192 7989
9695 4200
973 7613
7241 8261
1211 4097
9143 7450
6565 9561
780 6203
5971 2446
4778 39
4045 8914
1370 2423
4247 384
6391 9925
9860 1736
7439 8314
8481 5427
3756 1711
9467 5437
501 6119
7082 4488
7039 2779
6602 6593
5156 7449
8369 3245
4691 9924
1930 7696
5922 3528
3020 2827
1484 9660
9175 8476
7510 4317
7855 8002
5219 9406
2340 2281
3619 7616
6527 9400
8751 2446
1663 8606
5902 1402
3186 2653
6383 1903
5512 3335
6343 2120
4096 3583
6929 3475
9653 4116
7706 5662
1272 5647
3076 2728
8084 7717
9715 9999
7706 9361
5960 9577
1267 3870
5561 6216
549 7189
5763 8563
2329 976
8818 2206
7258 3860
4400 1534
3480 7343
7638 8575
1771 4513
5679 4084
5705 6403
8737 7396
6525 5563
1044 9294
8851 6267
193 7377
6956 2201
4964 3346
4046 7894
1059 5128
2896 4858
490 7518
787 2179
4976 5647
7795 3622
482 6130
9418 13
5663 762
8533 1553
6122 4713
9205 592
9149 8816
436 2405
5755 4499
8908 8351
6002 5833
1082 9908
2807 464
4215 8895
3644 6659
6498 7699
3949 6479
3060 6482
6644 9947
2403 1281
827 3571
9150 8404
6527 9575
6829 4332
5821 6336
8343 4293
1483 2712
445 9093
8439 6312
7833 6732
8833 87
9930 6437
7933 7334
1941 1261
2216 3660
667 283
8120 3044
365 6662
6080 4857
223 4463
6768 781
9773 4836
8717 7352
7599 4840
6932 4373
7658 2844
6839 2450
1696 1567
5059 9876
4388 9523
9557 8840
860 1929
7914 7791
3688 2013
4686 3938
1374 7549
7850 7615
4838 8046
362 605
3267 1717
8835 3104
6493 2103
9577 3912
7895 86
1587 685
7540 3521
4670 5474
3011 5469
3049 3422
3687 7071
1563 3269
5145 1552
3757 5858
22 5548
6208 8980
915 7414
3019 9856
6358 9023
4260 3728
8348 8839
6571 9751
426 7636
2672 2202
1062 3901
449 9840
7033 7429
7505 3400
9139 4308
3285 8653
5708 6695
2902 4669
4863 746
5028 8469
5799 6056
9757 1858
8044 956
2927 1390
2248 9717
3333 1816
9305 9858
5850 2743
6928 7654
4604 1931
8380 6679
2493 6291
2504 6241
391 6735
3320 378
7622 7168
4622 7585
7036 4576
2400 3072
5674 2336
5369 6717
9335 8158
6394 4527
4359 8564
9219 4558
2014 8020
3091 2009
452 3292
9271 4283
6162 314
3678 6571
2886 3369
3986 4709
9762 6764
3818 7967
3115 2793
3970 45
8570 9039
5198 6635
9798 6538
632 6134
325 9597
8020 1114
1526 2574
36 8330
9327 7204
5680 8958
6545 1964
3092 3921
3697 261
3785 5553
7984 3508
7095 2976
1909 7297
369 5770
4453 440
2182 3664
4230 3946
1651 3323
3976 357
5019 195
9863 7220
6450 3495
7073 7502
8295 5132
7794 6889
4926 1781
3392 2675
1822 8042
3064 8267
4601 3119
5695 927
4489 9216
1486 8077
2666 1664
8347 3524
3558 8203
3177 2486
4582 5801
8928 6969
5488 2050
4992 6088
6335 6418
4792 7552
7857 7674
8575 1513
8467 6136
392 3514
1991 5556
5688 991
2097 9407
3701 4293
5417 8942
4829 6203
4119 3393
1793 3094
2468 3469
2996 2882
8218 4684
8302 9827
7293 6765
1925 1769
1656 6906
4771 9934
4999 8097
4212 9438
2322 699
9448 7045
5644 5213
9479 9964
1198 933
9571 5909
620 8915
7687 3612
8824 3335
4835 7714
6891 751
8963 3854
286 2479
2003 7128
5097 157
745 5495
4430 6894
1911 2447
238 7873
6614 5712
2863 9458
2929 191
8979 3512
6818 1995
538 6864
9847 3952
5210 5636
9901 1425
5888 3979
170 9545
7219 5223
8413 1636
8808 7749
512 5090
9875 3895
8423 8889
8904 5831
3388 4573
4783 7347
9715 2145
6536 3528
4297 2767
2046 6650
8331 7483
8405 2658
5039 5103
3376 3016
486 1612
4108 4067
6460 8927
6197 5326
7465 8112
2472 4014
7999 3683
620 816
4561 4477
269 9776
8079 5234
6981 1505
9718 314
6736 6050
2498 2460
2781 6925
8405 8713
2647 1753
3541 7703
248 4965
5174 4857
8661 2995
6990 6979
1432 3463
1656 4861
3366 4083
9951 3778
7344 6515
6725 779
8629 2895
5579 1741
129 6846
82 5142
8318 6705
7362 4818
5576 3574
5406 4037
8125 6005
9508 7064
9299 476
1966 9179
1193 7607
2716 9611
6459 3295
3888 2251
6966 8418
2351 5165
5742 3733
7608 7046
1497 3706
3428 1559
2852 8103
4888 1454
1311 1030
1703 1661
4537 7855
1007 3648
5904 5771
7021 1922
8534 9314
6728 7978
6989 8050
7904 2487
4159 7288
7945 372
4640 2235
6174 4236
4179 833
7020 1647
4169 2700
8462 7216
8231 4136
1789 2726
9704 793
5468 6937
1281 3256
2930 2309
7302 8226
2897 1086
6295 5
2432 7215
395 4365
9387 1860
1773 5319
2722 4504
5338 8490
873 2065
1148 7953
1152 2067
3174 3759
435 9579
7086 9612
5228 2533
9547 5151
6949 3937
5637 4379
7057 7389
5579 9142
3117 923
6320 2712
1001 4816
2618 966
9885 366
3144 5012
7541 6781
9899 1836
7345 2273
3292 7915
2932 1192
9048 7819
9763 805
9280 3105
920 8994
2159 2888
9939 5872
2848 226
6516 7680
6278 846
34 5298
170 5188
991 962
1362 9005
5361 882
8661 3986
8876 3442
3516 7544
2289 5566
7595 6250
7638 8086
3764 6651
8317 3683
4991 1209
2037 5370
5290 1805
2106 2740
826 4636
8904 7463
6163 8142
7997 513
2195 3204
2723 6135
7837 5590
8012 5993
3669 3653
9702 1590
7931 9399
7906 1617
7984 684
6096 5070
3813 226
5339 7013
9551 635
4483 7819
8307 4692
9832 9016
7480 4873
5573 3860
6952 7560
3007 352
1589 4512
9562 4837
2252 431
2188 6250
1849 9595
7415 6805
242 5711
5289 8509
7048 5652
8055 828
6368 2388
7056 8222
2462 2677
7621 6945
198 3815
5069 5066
1695 5076
7557 6406
3512 2479
134 2176
1220 5175
7037 9406
7478 5423
1895 1013
3910 6042
4694 5390
3944 7829
4919 3025
7559 1330
3022 8181
3955 5749
6796 8493
5553 2170
3333 1156
1778 7705
5339 9186
7984 7492
1250 4208
1980 108
9422 2183
9486 1572
8263 6445
8062 3088
3934 2649
9140 9274
8516 8296
6141 1973
3355 536
4859 2009
7538 5864
5306 1703
7577 7508
842 3457
6614 2556
6507 4668
1387 9052
13 2069
5864 5853
3236 3113
1905 3879
7401 4807
5439 9471
4595 4509
2044 8578
971 2310
4930 7059
2068 8976
791 9422
6541 1260
7942 275
7572 4869
4694 8023
443 1554
4846 9889
8783 7237
4423 467
3590 9294
8807 6771
7055 2345
7788 6468
699 6306
2984 2458
1411 4042
5408 9499
6233 3231
1064 4121
695 8921
6832 9416
6112 9426
8267 7213
4281 8213
2114 1388
2855 6090
7323 1091
3027 9203
8103 3739
7042 9662
1399 4041
4480 8070
2669 1292
427 8497
3942 8469
5950 9529
8992 4619
2784 4046
7505 2565
3043 4930
91 3938
9953 4617
8372 3566
7108 1078
2713 8484
6327 6030
3319 8519
9227 4776
9668 6185
3850 6218
238 9246
9228 9795
8722 7436
7159 1583
8410 6838
3549 9657
3029 5540
2994 5450
7891 3279
7722 5410
1352 4195
9014 8987
8582 7764
140 8049
5965 6397
1696 4893
5597 9408
1245 2466
4014 7457
1493 6803
1322 8555
4689 7332
6543 2316
4630 6880
5379 6248
1103 1922
4429 4496
8525 5994
8567 7659
7502 6612
1422 1338
2487 8981
4503 7192
6645 7073
4843 3345
9217 9566
237 3742
1270 8134
1984 1446
4039 8686
2006 497
1342 6074
5489 8607
5107 5192
8100 9432
1990 4764
9739 4794
2987 8669
5708 6345
3087 2288
4539 9632
5418 1339
6460 5590
4687 8773
2914 8202
3397 7244
2388 5208
8710 6752
4741 9245
3911 2731
7706 5171
5025 3169
213 190
945 1768
3726 5157
821 2035
4643 4776
8215 1627
5826 4663
3443 5139
5554 6319
9114 6181
1412 1625
9596 6850
1291 1847
9130 5424
6621 2156
4269 6422
8975 9023
7178 7278
2891 3526
2561 5781
1999 9707
1100 8787
7920 4135
940 4714
9649 4353
8939 8119
6884 7019
8370 5999
6778 7848
7187 1948
3927 3645
9343 1132
8446 2168
3466 5564
8282 2497
8085 3371
551 9090
4203 9194
9824 5700
3900 4508
8667 6080
3313 5185
6930 4598
2527 6228
5538 7166
2706 573
8254 8046
9455 850
5580 6605
1276 3190
5822 9571
8459 1426
7466 6439
7654 5404
9635 8060
2354 7210
8541 9529
1955 725
9561 6125
8796 8366
8844 9137
1815 2404
4341 6890
8427 7331
4265 5840
8633 347
9563 6211
6724 7323
5731 8417
3703 5347
3987 7441
2687 2084
686 9521
839 7510
9042 1462
999 7685
4299 627
3272 8748
4560 2375
3663 548
8733 3666
2640 2675
7599 3798
5624 1679
3934 4275
8277 7167
1914 2786
351 6276
9753 1357
3821 425
4518 2720
2056 6416
6702 9546
6416 518
2605 3904
2987 8389
6473 1483
127 4415
8833 4786
1532 6876
4594 5915
9486 9337
6086 1397
9772 8164
2234 9240
609 7004
7140 328
5693 9609
6328 7647
8307 607
2928 9816
843 7998
6681 1788
3594 6729
3284 2109
6962 1966
3591 8158
9300 8993
9822 7629
9491 3740
9214 9811
7022 6244
9946 1984
6420 9252
2618 4611
8877 6847
8763 9363
6452 7127
1333 7527
9827 5010
8474 5734
9998 7608
8747 883
5821 2673
4907 1891
7841 6078
8657 3878
7375 958
4935 3445
4380 3899
3270 3453
5214 2728
864 7830
9986 4228
3864 3476
6047 9789
3827 5913
4285 4036
945 5699
9965 2630
9395 5883
7071 4373
918 8523
4984 4296
7896 9721
6372 2438
1244 9825
6562 8387
9266 1688
7082 3621
6612 7666
3157 6758
8521 9585
233 8559
158 5387
7190 9028
4393 5494
3127 2176
3960 7686
1802 4520
3624 1566
6126 8036
4859 9354
3547 4854
5448 2117
2164 4664
4133 5943
5847 8959
4566 9678
7000 3325
3838 3906
1059 8027
1810 1432
786 9152
7500 9907
1907 2816
5741 9866
9261 4598
2221 3186
9965 2489
4058 4803
9070 2465
5399 9915
7588 6481
4278 2420
2240 2987
8223 6795
3735 2665
5906 8987
7772 1544
173 6827
3243 3793
2356 1057
5933 5407
215 2342
7835 8093
5177 5067
4881 2470
7123 5517
5306 7884
8225 8609
9334 8311
8920 9849
4715 3198
1371 2839
7577 4007
7308 5063
1536 2979
8237 268
8305 3470
8287 6682
7610 2891
8142 7934
3742 6768
7815 6366
1127 1814
7282 3284
9716 9162
6422 3706
5721 2066
5029 2283
8291 2523
7231 4511
8232 4071
1110 7451
459 1530
5159 3615
8182 7445
2031 4684
5129 9130
2446 716
6316 5245
8493 953
2012 8535
4068 4401
4182 4516
7925 2885
9109 1764
5653 1286
9970 5745
5577 6468
5531 4758
3504 4552
3707 248
4617 7388
1497 7982
4334 5470
5797 1820
4263 5313
9642 2096
1931 829
2065 3620
6912 3110
2862 1909
358 4202
1296 230
660 4407
1963 9797
9500 5883
4405 7301
3213 6075
1500 9620
4417 7066
2546 3974
9189 6210
1234 1397
2983 1353
9484 5054
9062 5121
1815 1474
7617 8295
2186 6071
7000 8878
8285 1669
256 5005
8025 8787
7538 351
7703 1935
6714 5481
8849 2978
182 6784
8480 6085
7825 4825
7499 9287
222 740
7812 9595
2903 6129
2978 303
960 4330
1891 7229
7855 8268
8368 389
3543 9216
3802 8584
238 1159
169 9078
4900 9622
173 2856
5254 3380
5030 8561
1248 2630
2939 4457
8628 9094
3428 6275
7930 1468
2745 6129
1799 7971
9628 8103
7012 2276
4649 5829
8699 2072
9445 3157
6946 8180
1651 393
168 2980
7598 7022
8167 7262
2381 6091
716 2261
9213 238
2744 2200
9077 4195
3659 1743
8257 8569
4413 5589
1624 6928
6194 8850
7308 7915
3857 4446
1762 8529
8518 3028
5386 9548
3777 9296
3168 4090
1763 1118
4731 5473
8202 4223
1262 5383
5725 2905
6357 3613
292 1885
1834 9171
7970 5370
8376 3990
7112 2892
3667 855
9388 6853
8915 2230
6076 9017
2792 7857
1179 9812
420 2482
4717 8607
10000 4125
5924 1483
4146 6747
4178 4483
6654 4082
8269 3737
398 8922
4295 9848
6044 6385
4005 3156
7931 1076
2017 1780
600 2853
2458 6611
5511 672
5763 6803
7194 125
7405 2053
9535 3794
5037 2925
4138 3560
5070 2153
2054 3088
6046 5974
3076 7142
5731 2167
8673 5871
7886 8400
7276 4970
8481 1980
2650 4701
1309 8286
3125 7568
4620 6823
2047 3352
7840 4658
62 163
5805 5427
3560 7148
7154 5604
860 5484
9257 1475
1350 290
9282 7007
7278 4237
5662 7887
6142 441
468 9924
5567 9510
416 5182
2163 3658
6770 7138
4185 9833
7389 5420
2754 9529
8256 7251
7563 1348
4097 2447
8352 406
3121 1872
1621 9855
9424 5242
7486 8101
574 5914
4815 8817
6494 7873
3720 2669
2173 6848
2597 9153
4680 6900
1868 7905
3054 3280
135 3131
9711 4176
5633 6621
7736 7949
9227 5055
4199 6071
6009 4858
6849 9635
6584 6314
6472 6076
3684 6261
8869 4455
7662 8352
4167 7925
7453 1942
7270 3987
7044 6500
788 1972
7975 8594
2441 7641
5262 1962
3118 8659
9020 1222
4879 2847
1859 1790
4624 9821
1992 5793
4166 887
2130 7911
5438 2169
9873 3451
1302 3025
8346 2158
8574 8271
3095 7702
201 5743
7787 3928
2926 4034
2190 7548
6484 3002
1738 501
9840 3581
5539 2899
6221 8068
8646 3583
4443 4368
4155 2826
5191 8170
3690 3592
146 9167
4805 7774
7058 1383
539 3625
1637 4316
2610 2781
5672 1081
2325 5593
8195 4505
3176 375
4470 2287
5778 6341
254 9558
4149 3368
5992 1884
1823 3489
8587 5719
2974 4699
553 8803
2896 6449
8502 2365
1047 5173
2883 8058
884 1073
5891 3936
2883 2659
5620 2469
9307 8016
1274 3162
8815 2063
8094 2753
8018 4799
615 9125
3720 9636
5948 4206
3725 5766
1657 22
6318 4872
8556 3388
1449 6833
9623 1912
444 9033
6354 4348
4515 1428
1745 9345
6237 2472
8192 7716
3100 4406
3209 2417
567 6394
3743 3350
7207 7131
5282 3364
7043 2661
750 7577
7628 2923
4651 7192
5844 8489
7031 4194
5671 5891
4150 2469
7792 9129
8209 5094
1391 5728
6059 3961
9209 7839
6992 3179
9707 9966
1026 4104
267 62
2641 7014
9522 2775
2013 185
5536 163
2758 7893
5113 9024
2995 1306
2710 4439
2873 2084
546 7030
7945 130
7941 5063
6336 9514
3516 7585
4367 6123
6609 5130
8365 8227
1127 7819
8823 5255
943 3813
5975 8725
4567 8703
1551 8714
1738 3991
112 1716
178 6661
3834 8466
4935 8406
1957 6750
9791 8160
6629 2203
7068 7524
4762 4769
8772 6642
9696 85
3738 1891
1971 8568
6797 2157
9952 847
552 6902
3960 9308
9451 8040
7408 129
2965 3190
3363 9400
1189 6288
2267 863
1855 7186
2137 4896
8794 7086
7410 50
1936 1661
1348 8161
5319 6380
1581 6754
7709 5600
6784 7784
3430 4482
1138 7565
7769 1076
2988 4356
36 8595
4328 1403
5640 8233
3849 704
9941 4470
6067 503
7611 5655
7166 7960
7097 5168
8255 9812
6276 9020
6764 7402
1259 4133
257 7512
2565 1168
5880 6930
5682 753
5019 533
7664 7770
5627 3834
3394 6914
8953 4220
294 1247
7218 5502
6626 9538
9521 5642
9622 4314
4933 1188
6113 4679
5229 2934
6989 8048
5061 3457
2506 2385
3064 1914
7788 636
4374 3750
6276 8254
3678 3378
8072 4872
4029 1169
7673 1264
7931 6124
9403 4790
4934 613
3320 9064
6406 4015
2922 3960
9917 9836
1384 4677
4275 1384
3911 3805
7416 6404
5988 436
612 9573
2391 484
5011 2599
7770 2060
4427 8425
2319 9884
9351 3173
1753 434
761 2250
9889 1809
5755 7644
4386 4624
5849 9852
7981 4254
6021 5372
3738 2842
8514 4001
527 9652
2920 2509
9702 2469
6531 70
8407 4546
4452 4905
2074 9039
9188 5341
7903 2346
8640 832
8337 243
8324 2083
7338 7510
2897 2682
6511 8262
3814 8115
4946 8891
1666 4630
5725 3925
7888 7131
5339 6070
3405 2261
3175 4668
6828 8705
9593 8062
20 3964
266 2496
2951 2434
617 9227
3606 6639
4713 121
439 9665
9123 7641
3120 3941
2196 594
6062 6138
7881 3403
9555 971
7699 2159
6267 8169
2252 3586
3765 7812
3962 3809
1431 9406
8013 3501
9201 8187
5561 1389
4872 9919
1717 1550
1030 496
4117 7718
6953 7561
9931 8885
1884 2382
119 5623
9678 4817
5397 5931
2078 4121
7082 4444
5313 5352
9417 725
7658 8745
9580 9118
2612 3356
6651 7138
2064 1273
3096 9532
4071 6354
5470 4788
2888 902
602 4429
304 3926
9773 2033
2321 7334
1724 6527
8099 9282
6309 3046
304 4368
318 3174
9283 3927
4514 891
1968 1305
7792 9485
3414 5809
1890 1622
9153 5802
7488 2794
8778 5825
5383 2828
7643 7392
8314 7676
4698 4152
5042 5132
4466 6367
2612 8723
8584 1031
7614 4019
4341 7041
7342 732
904 4979
7008 6490
3747 9779
1071 450
9400 6323
1689 8620
4455 5034
3080 187
3351 6279
1627 4536
4679 4434
2814 1755
2714 5577
1122 6782
2560 3723
283 5973
5426 6695
7722 5128
1895 4500
795 9625
7035 7909
8453 83
2856 9354
4066 9475
280 9247
103 6752
287 5761
209 941
9643 5398
6243 5459
5637 4940
6490 8249
3287 1122
4574 4441
1828 8645
8291 9279
1139 2379
6508 9183
2649 902
1240 2258
9349 618
3956 5134
1612 7819
3363 4186
8126 8234
753 5833
7890 5242
2235 6359
3582 1857
4739 3319
7120 2603
8235 7687
6055 3696
9687 6559
6261 9410
2003 2783
5448 3120
4333 2887
3927 8285
1332 1224
1890 545
4447 1857
1607 8259
9737 5544
8383 8074
7805 518
9153 6596
4773 7871
9090 943
1870 3300
6768 9789
5302 4392
6699 9103
9778 8938
8422 9414
9703 6209
8403 5033
2653 6452
6241 8627
7925 1577
8188 5478
6651 3246
6299 4618
2647 1145
7032 4025
860 5455
6716 8641
9804 9263
3600 2307
5506 8026
915 4156
6173 962
7829 9240
1814 2140
1479 9521
3702 1976
6226 3903
6186 9886
922 7013
5693 3002
5664 4914
3286 6006
4185 8750
7012 1539
1359 1319
3720 996
7948 4439
8686 9866
6032 8178
8183 6785
6060 6605
6260 2659
9935 7866
7884 999
9572 2176
5580 5311
3171 3631
375 72
2302 2209
4819 8882
1548 1111
1959 1614
249 8844
2181 142
345 3056
540 3505
6155 7753
6931 8431
9733 613
8002 2277
8719 430
7977 2602
695 5392
7839 4074
7312 1319
1164 5424
5641 5290
4614 4596
1390 582
8299 4040
7895 227
1031 6079
8830 5288
9849 3592
9451 1835
2800 99
4158 9907
6567 1449
6081 6547
5032 8156
6373 6558
3211 4413
5382 9429
9028 5074
6559 1993
1630 291
4172 7524
2165 5768
1826 7461
8825 4049
4472 8739
9355 9388
5144 5391
7524 834
8869 7250
6739 5921
1693 6304
1605 4724
180 5927
9978 1800
3045 4597
9222 2263
6490 5474
8881 8144
7478 1091
1151 1510
1979 3569
9101 9780
5261 2712
6157 8923
7191 2226
8493 2996
1168 1403
2603 6353
6699 5593
7992 4295
6100 7733
4685 7606
3754 649
2904 919
6786 9093
7937 3026
1717 6786
342 9311
4438 1402
6401 3700
7894 5103
7049 7571
7398 9574
8460 6320
7569 6236
537 703
8941 6800
3815 8199
3903 5208
2026 4785
5793 7460
9661 781
9588 5138
5266 4154
648 5900
4155 8873
3751 5360
6858 4255
7206 3254
1846 446
7402 613
4127 3225
2070 5588
5926 633
4892 8156
8840 751
477 5614
4390 2810
7994 7161
4539 3246
2213 5536
9646 4166
4864 2638
1083 6100
95 6584
7772 5330
9167 589
5580 6665
9019 5930
4720 9553
5119 9638
1929 464
3803 5563
9145 43
9734 8368
816 3105
9936 4850
1832 590
6591 5855
2316 9598
6070 4044
6051 9876
1068 7449
5980 8069
2290 6922
7320 3775
441 1485
2299 5226
6241 9933
6058 780
756 1712
5133 9001
9050 4247
6136 9336
353 2037
8254 3723
9235 9489
6168 5121
1200 9
9315 105
7635 7438
1427 3050
296 7135
8700 9395
7216 5929
8207 305
584 2089
2026 967
9248 9781
7880 5157
7916 6724
9500 7252
4056 6450
581 1667
9771 7415
2300 7807
3136 4924
6769 5541
8723 4003
1085 7641
4435 3754
3547 8883
5527 7816
1029 2076
9561 7882
3432 7365
2038 3080
8974 967
7513 1126
6492 3432
6305 2548
9573 4201
4327 8165
1857 2615
3249 9720
9117 1981
8110 392
9466 9323
7773 5808
9198 2829
8442 3985
9227 544
4997 7400
3653 3446
5189 9066
4011 6777
2963 5480
8943 2035
8357 7682
5321 6409
1192 7134
9539 2957
767 2086
6762 9263
7797 8235
2106 475
8991 8045
5437 7332
4613 7823
1395 7934
5505 9641
8880 8342
2701 2471
9549 5268
3805 5554
468 2221
54 1935
3526 6313
9887 7648
7561 4498
5268 1419
6264 9707
6349 2014
849 8248
6981 2351
6401 9536
7320 4109
5875 7845
1925 2310
2300 960
9980 8167
9911 1730
9299 3749
5447 4690
6819 350
3755 188
3808 219
7217 1106
6855 8023
2038 7
6536 3387
3392 1100
9578 5607
5994 5363
7347 5907
3111 1758
8987 9433
2236 8712
5898 7105
2878 2203
2356 2140
2659 4501
9435 919
122 1565
5159 6484
3139 2518
9997 4677
530 8033
7392 1234
378 2758
2493 5060
9055 8074
3972 7959
2456 2498
2802 8030
6757 2567
8938 6901
2238 1830
6037 3695
9864 9304
9030 7296
6794 289
9672 5629
7083 6928
4699 4390
6190 8017
9459 7317
6183 5860
2937 9401
5653 2028
7062 1751
8555 2868
5210 6540
9828 9976
8970 1312
6615 9420
3030 5633
1212 6709
1668 8769
9841 9826
1596 6448
3624 3413
67 4098
950 6233
8689 5365
5877 8173
6885 4118
4928 1775
6660 650
7349 9229
1489 449
9546 2769
1249 4486
6559 1022
5950 6519
5434 103
9219 5081
1165 6686
338 7795
2870 821
5048 7596
4315 1400
6459 196
2563 6690
7402 1052
8782 275
7575 1705
4983 914
7830 7988
9829 5111
10 4532
1956 7057
9342 6978
8548 3593
5320 6566
7822 6685
8692 499
6763 1159
7267 5696
3262 7634
3563 725
1863 8232
9614 188
1331 9437
4248 4894
8248 7782
8094 7439
8932 310
6034 955
1703 7782
3038 1454
7545 4390
3529 9153
8039 9993
9466 190
8854 7242
4237 5487
86 9958
3940 7492
5004 5979
3868 6659
1121 7093
433 8983
4133 6877
7125 7011
8334 333
4730 6461
2409 4617
274 885
4278 8333
1610 6700
6243 6814
8642 6929
7143 5599
7789 7957
7202 9176
6551 1573
740 8242
3572 7147
1220 5885
488 3187
2777 5854
7196 7113
9086 4575
9051 2816
8756 4843
2349 4845
2300 9780
6245 6769
8102 2290
9135 2397
8394 6559
5823 9938
3134 3257
3120 1753
1533 910
849 9501
3003 6951
7544 3060
9023 6084
1696 2126
7152 3015
6186 2042
9003 8198
6980 1505
5840 8470
4155 8375
3850 725
6831 6726
4584 605
7210 1191
1948 2415
9790 8908
8726 8068
1609 8760
7253 7355
8686 4417
6523 6741
7667 6296
3671 4893
8981 1793
233 9642
2655 3652
589 341
1438 1598
9779 8044
2621 9763
9401 2454
7512 5143
459 9585
5888 9371
6946 4805
4468 9046
4740 747
7781 6354
7868 8266
9405 3123
4543 5679
4999 9610
4760 6678
7168 6177
9164 5618
135 6829
7129 9733
1205 9100
8266 8880
9827 1559
5607 6517
6662 1032
2319 5473
1323 6807
98 7688
5746 9752
7918 9978
3472 5034
2475 8203
6946 7666
8586 4420
8143 1063
7766 5894
1889 226
628 3902
4443 5881
3188 8757
6021 2100
5912 3570
4097 8645
9734 8077
6535 7780
4856 7613
3319 8919
281 2990
4097 9963
7959 413
4516 269
9947 8575
2998 9994
4386 3503
3804 561
6448 3088
4990 6903
6583 1355
2723 1699
6320 5501
2978 3523
9453 7770
2150 7339
1879 5492
9828 6167
6060 3860
1849 7803
8534 3837
5149 1577
7088 7856
4027 4185
8324 5476
8421 913
5515 9613
9385 1883
3422 5780
5782 9523
9405 4809
1628 5687
5020 805
9155 4271
9192 4736
4002 2845
5041 8696
2331 6394
8300 1517
2898 2581
4716 7708
7806 7596
2212 1925
1653 2691
9745 218
5956 162
6868 6885
1585 7681
5554 2874
3717 6707
5504 1197
9752 6552
1625 4274
2435 4539
8817 9066
3592 3052
4837 8855
9098 3536
544 8108
8619 2494
4131 4175
7554 2218
2841 3122
732 8281
4803 6824
9048 1205
5091 2590
6675 6656
8203 74
2247 8478
3574 4223
476 6225
5989 1882
9759 980
8749 4910
5004 8932
5099 5314
1295 8784
8093 1877
1860 6550
7500 9236
7868 8460
136 4743
7638 1049
5382 6432
2856 4248
924 2220
576 3335
9904 1686
9137 7092
6217 3466
8212 2941
875 6621
7291 1030
3344 3701
1074 8347
5957 5101
6528 7068
6729 9302
1399 4885
4318 8707
8725 2527
5688 2340
9614 4091
7069 7014
4086 9043
7317 2106
6938 7340
1198 9215
2133 8343
7968 7285
7719 9502
6917 1086
3299 8168
4824 5682
9966 9367
1770 7437
6674 777
2812 4925
5788 1668
3644 58
9233 3909
1201 8520
1666 8681
9171 6392
8248 3189
5229 7941
8891 73
5065 5828
4707 1056
2029 9777
164 9832
925 5179
9743 6583
2832 2339
6834 609
5245 8898
8876 8561
2231 7302
6793 1729
6060 3241
1625 7124
7049 8883
4577 2132
8630 6123
3686 1113
3020 8311
4602 234
3297 2814
9649 2081
2104 6931
3157 9205
6444 5643
6362 2397
7872 1898
7097 9486
1956 8018
4941 4653
3765 6427
645 8707
7310 9921
3808 9404
9376 505
6135 9569
4993 6046
387 9680
2281 7424
4441 9069
3183 1773
4009 5022
5181 2560
8219 5757
6065 5848
8852 6954
4338 6761
3210 6880
7521 9735
2531 1265
2985 8082
2303 7118
1992 7521
1197 8327
1554 663
3619 1156
5249 9020
8349 4546
6811 8887
6465 183
1674 2003
8529 4755
4472 1197
5663 5581
5945 5042
1235 1977
2214 9861
9572 6190
4098 4114
7577 5411
636 6491
5311 3561
6671 1900
893 8654
7444 840
1261 4611
7925 687
295 7549
9056 9932
2462 1974
4797 6092
6805 1500
5963 3966
5720 8932
6355 5496
2066 3931
9787 1840
3705 4083
6741 6894
1271 497
7084 807
2094 6446
2059 7801
7689 7950
8296 6075
2657 3205
332 5646
4843 1539
9661 4728
1139 2906
5817 25
5141 7333
466 1788
3564 5223
1442 8201
9714 4561
1139 3832
3164 1826
147 5189
9824 5076
2280 9763
8207 2442
8556 5931
9436 347
2482 2851
3619 3680
2877 1756
4093 5693
46 4919
3143 4251
705 6319
3375 7065
7195 7852
7294 7282
6751 5574
4924 9919
9424 5924
8548 616
6706 2095
3599 2287
1778 4310
4372 1946
3332 4670
5137 9575
9425 3478
2023 3576
1026 1511
7533 8122
2990 7438
374 4835
3253 8311
444 5653
9734 4191
3222 6835
2492 1575
4845 5686
8479 5194
8857 5260
2236 3202
7806 5250
4335 1998
9910 4507
3528 8777
2129 2557
289 2162
482 3958
7342 1748
2365 5389
9142 607
2569 4156
7546 7171
97 2984
7476 5882
5269 3379
3350 4108
4827 5118
3233 9371
7189 4600
6457 759
1496 3290
1590 5984
5361 5819
840 7129
2125 9634
7969 3861
2529 6242
2933 8241
9797 6102
7052 947
7799 3827
9394 656
3200 9578
5644 9029
4601 9860
4974 8312
2334 2508
9203 4501
2923 1991
9281 186
9286 6352
9553 5804
3353 8038
6466 5800
9818 888
4464 2373
6419 9702
9712 883
9649 6629
5317 6058
798 9699
3147 2414
156 1984
1392 2005
7774 6213
7944 9185
680 9497
948 7368
6000 9008
2563 2110
3777 7337
1153 5682
7398 9115
8988 5636
464 4718
685 9508
9151 2182
2639 4431
4736 4287
7459 1167
8213 2900
4932 5922
19 9511
2723 91
3885 3586
2914 1994
6134 3538
2599 7503
7688 714
1640 719
7273 5065
5598 1868
130 5061
9820 692
9685 8600
1636 9445
2855 8295
3144 8856
5593 410
1778 7024
433 4949
9137 8908
6221 3807
9960 9884
9760 6364
3542 9670
5490 6675
5060 9173
2133 2096
6113 2793
1214 9246
6201 3043
10 1566
4624 9036
7666 3731
5760 920
3375 5513
6722 877
4904 8163
1954 3416
3314 1865
2568 4401
2961 5661
7385 2964
5947 9303
3132 9658
6652 1843
1729 6919
6590 9331
6034 2093
4566 6770
4333 5413
4560 2002
1245 8430
5830 9204
1881 2600
1256 3979
8364 5339
176 1231
8192 7490
7710 3145
7501 9554
8197 888
1231 1251
8120 2479
4003 9412
2628 1389
9988 9921
4720 9355
991 1902
4016 1968
2627 4084
1150 3580
3434 5682
6336 6879
2300 372
6215 1943
4985 5448
2984 598
3336 9059
298 5988
1981 9791
8739 991
6171 760
3792 2294
9249 4129
1507 545
5759 5678
4945 6139
9686 7944
5302 2165
3001 209
8330 5568
6595 6162
774 5647
9013 5291
5694 7233
62 155
6815 6834
1595 6606
2249 3855
4573 6000
3074 4581
5675 6043
4004 3098
1156 9427
1923 4136
6007 6145
5618 9801
6367 8240
3799 1526
5396 7192
9900 9816
9893 1728
4558 8035
2955 1522
530 5115
3475 6336
2526 9449
8133 24
3280 5438
8136 1338
9379 9609
9904 906
5157 3681
5725 8607
4228 8875
1046 6744
7792 201
2050 8621
7262 3762
8415 3950
3390 8553
349 68
7917 9640
544 2343
7621 615
432 7450
6519 7562
8581 4856
1844 7436
3271 3120
9149 2853
1846 4380
4089 5488
6932 8566
500 4735
342 3754
9351 4377
1395 6512
2958 236
911 6973
2312 2224
5397 5396
3267 7679
9721 2145
5324 4395
6720 7262
6623 3536
1167 5236
2968 5424
4599 3315
7301 4177
8777 8795
5545 7171
448 4645
8280 3658
8688 9275
2704 2723
8220 4224
3383 5245
1073 8963
9933 5233
564 6505
4408 992
5407 7455
7667 4469
8918 7759
9795 7163
9746 188
8610 9113
8000 7072
8483 8206
1033 4703
8541 937
566 6110
4402 7579
5748 2881
9537 2586
314 9943
4071 9036
160 154
5613 6157
2489 6539
1889 92
8235 1049
7669 5307
5994 9481
6100 7871
4958 1310
1818 6749
2436 3899
107 4665
9666 6112
2051 8019
9370 4460
2366 8080
3058 4246
9559 5532
6984 2671
9772 1783
2103 3122
2015 8549
4990 3204
8042 1030
3376 2326
2620 1280
3639 3045
3988 5550
9072 6595
2514 5173
7207 4858
2363 2699
7514 5023
9234 9736
6604 8986
3958 3034
9558 6818
7475 5926
365 6280
3021 4816
6707 7019
2493 5163
2237 9687
5035 5574
5052 9366
4380 9910
2425 175
7871 8683
7532 3220
8806 9120
5234 3587
4230 7563
7902 4510
8571 9729
3311 2793
7596 8462
7176 1503
2768 9727
2132 973
8825 8345
1815 5359
9976 1381
7693 819
1999 6767
3666 4211
5243 7137
7249 6438
2996 2799
6691 1547
5947 6304
9803 5278
9106 3679
3018 1907
1825 8338
9856 7850
2261 4013
1508 1969
1190 7444
8097 9145
7470 6325
7064 1450
9979 7018
7266 9037
1867 4828
1311 7180
1419 6196
3696 3070
867 8003
329 5875
1943 2845
7758 5085
7633 9350
9412 4147
7503 3050
2033 5067
8216 3534
5226 7907
2299 2728
8983 2384
4076 8262
965 7022
5453 8721
2541 3088
9561 8356
6028 1953
7013 1086
8844 8962
7905 9110
2334 39
8905 1623
8899 4905
1331 3244
9522 8388
2580 5234
5645 7045
4122 8769
4989 4241
270 1690
572 3978
6206 1964
5121 4965
2527 1826
745 8071
7728 7672
8349 6610
4126 4138
1245 9303
8040 5880
4320 3563
7394 5016
6962 5707
2628 3757
1642 2299
5017 3169
7255 62
6441 1158
3137 7606
2812 5020
2059 814
457 8366
1288 569
3452 8916
2560 2352
7621 9759
4582 7640
6337 3518
6089 5784
1604 1347
1165 5546
2004 8026
2493 9914
6590 7223
9740 4916
3872 3526
1819 9209
6162 2665
5174 8294
5375 4443
9400 4332
3083 3512
6415 1601
9563 2951
7139 1154
5418 6978
4732 4119
4294 4324
5620 6034
6561 7876
4323 2318
7306 1617
3778 4095
2940 9785
9048 4128
5167 9738
9810 9488
5315 8402
3190 6225
5986 1290
6962 5310
2809 275
8053 7900
5557 4005
9759 4440
7206 7413
9911 7242
4181 8363
3915 3747
1469 7634
4775 9092
5874 2049
2939 3409
2033 3242
7162 4191
9014 8837
2576 8707
2956 6269
8225 8061
1159 2435
9301 6944
9368 9627
7020 4224
9073 1664
8346 8396
3062 9032
2727 8088
9905 685
2717 3241
4164 4965
5740 3567
4951 6460
8304 950
2222 5355
3424 1536
6668 5236
6199 7819
4047 4249
4675 4597
9397 5626
4966 1769
2907 4838
9621 6010
1296 2023
2425 560
8976 2608
8974 5980
7316 8775
4531 5820
370 118
9734 6277
76 1227
4491 1674
2945 9821
540 6640
108 6488
2309 4778
2019 9019
78 9133
6297 5356
8496 6957
7661 3357
5280 2407
1762 2728
256 3099
5104 378
3763 1685
2572 7198
420 8858
7283 2631
4914 653
282 745
3589 9163
2312 6576
1753 6133
1651 1742
3836 6501
9164 6383
4168 7105
3119 7690
8044 1750
9095 2782
2936 1522
8596 9359
3861 2604
1341 9805
8725 9013
1110 4901
6257 5860
1326 6197
3907 1550
7332 3988
3118 6919
4632 2670
3632 7902
4735 246
5803 6341
7450 4092
6606 2913
2900 7832
2546 6827
7825 6885
7529 2549
3940 9605
7955 9574
4833 9463
2010 8078
8330 7278
7010 8051
6303 8995
6073 2445
7041 8809
4345 3102
4751 9670
7642 1668
7 6845
5752 4554
2534 2236
1443 7673
9432 6181
1215 5656
8197 9076
9423 4512
2392 9149
8954 6549
3602 9148
6168 6230
3301 2079
4395 6831
9411 1132
9352 966
3350 9886
167 6494
1569 1515
8813 6039
9209 9331
2202 2545
4770 6797
5670 5864
4227 7674
4886 7217
2511 6894
9179 9787
1048 1990
1629 1213
4562 519
2122 5602
4834 3444
145 2524
5743 330
2348 6011
1937 9348
5238 6315
4920 6381
2270 6092
1608 6821
195 7111
5113 3561
259 3559
3923 2112
9817 5310
4314 832
3672 37
2809 9735
8904 1643
6988 7828
1126 5793
6995 559
5385 602
3909 2632
4707 1915
5876 6870
1197 5147
67 1781
711 8943
8180 7219
8072 9613
5604 2264
1263 7824
2178 4621
9557 7909
2740 3518
3614 3858
1016 8061
5247 3770
2621 1159
6562 77
27 8464
4463 1909
2413 3355
6941 522
7343 3394
8959 9790
5900 8165
8985 7552
9289 1297
5091 3656
1334 9880
3277 2581
5335 9559
2193 2223
2999 552
7684 7346
3174 7075
8199 8470
444 4158
5101 4339
1768 7431
9597 2051
2744 7282
9761 3750
5974 3901
610 56
718 1124
8 8957
5711 2087
8744 6957
9443 4617
1570 4841
8246 8066
1111 6259
5039 6703
9196 3172
4750 9268
2099 1332
3167 3448
7019 8630
9734 4119
1168 1728
4111 3955
6793 916
5088 1387
2760 7783
1371 7013
2222 4
2336 9151
7203 2413
5660 971
6198 6697
8422 1175
3506 3458
6538 5968
6111 3418
2797 4653
6150 7663
6137 6964
3224 6322
8095 9177
9156 5531
9455 7157
173 3066
5846 5671
7488 6507
4670 8661
3481 2241
5182 2231
6754 2734
5611 828
3168 1455
7964 3711
3162 1778
6390 8428
1771 4149
8437 3993
493 4102
5672 8238
8822 555
9521 4939
7185 3216
7153 6147
1367 4931
9379 7696
4705 5973
3078 5566
6606 1388
9440 5159
9394 2901
9073 4525
2046 6593
1082 7646
8789 6161
4180 6468
6901 3262
6885 5667
9498 5527
318 5360
9507 6491
8943 2726
4106 5948
9668 1774
2974 9260
9807 2487
6197 577
8065 1580
591 862
8558 7264
5177 7300
1979 7763
461 7514
1004 5923
4365 6417
5139 9055
8770 1614
6207 9989
4793 2578
2714 4426
66 9792
8291 4620
1269 7788
5384 8487
9462 7831
1682 7051
7811 5948
2673 6401
5016 159
962 2312
8518 4988
5997 757
9927 1126
9109 7137
509 6499
6160 2270
1796 832
6262 1339
2298 1383
6152 3752
7077 389
5757 5808
3312 5797
1558 3350
3198 2461
29 589
6477 6972
461 5058
1951 6426
2027 324
891 7513
539 2152
7748 9547
1115 6453
8458 2923
498 9159
2481 6508
4168 6197
9303 3858
923 9929
9678 2797
5961 1087
9025 6040
4692 4675
7133 8031
716 9062
4287 2563
1633 6583
8317 8453
1333 7751
6251 2583
1691 4466
1142 2827
3074 4580
1159 1625
5985 452
291 1282
1147 4683
9174 4691
7226 6039
4355 2929
7105 7492
7353 7406
3675 3990
5817 1939
655 7065
6591 7045
3615 4887
8300 1749
4378 3666
4707 1419
7984 2346
7031 7115
7258 7513
2286 367
3992 6572
2124 7694
3911 4584
1486 3351
7762 9620
6332 8828
3617 140
7249 4505
8464 9882
5748 3440
1638 980
4025 5295
6377 2929
4352 5353
4448 222
8703 5640
2155 4104
2152 264
1918 9615
8276 4079
6175 6417
5115 4846
7261 3962
6146 9480
4179 8905
3831 6471
9467 8042
7346 5099
1831 6749
3283 9210
9366 9210
5477 6514
1329 2336
3642 906
7595 7203
7419 1163
6519 2545
2209 3048
7629 9788
3 5463
4423 2841
9308 3876
5397 8193
6082 4767
9970 5105
1768 104
9465 2501
8896 3501
2114 4085
9143 4675
1742 57
8574 3127
8485 7072
9087 9648
9770 722
2816 8334
6915 9053
3082 6947
6594 5351
8177 61
5764 9616
7011 9752
468 5444
1047 915
8898 6721
46 9507
7021 4509
2389 4561
8052 9353
6143 8193
5929 6244
116 7639
3477 49
8025 6512
7115 9297
1940 4007
737 1405
5167 3489
5937 4422
3242 7769
6419 6591
3723 8544
473 3044
4401 5106
3112 2016
8811 5726
7939 7150
8559 7897
9087 8477
292 9998
7564 5879
6442 3453
198 4184
3675 106
6407 9145
4878 8999
4232 6773
7198 1639
6163 3078
1206 4862
4702 3115
5305 6341
9531 9380
8879 8372
2204 3985
4618 6867
5845 9737
9177 7508
9994 4958
6546 3360
9487 484
7469 4179
6702 1778
6490 8452
1291 2087
5489 697
6568 7131
9655 5541
5933 3858
7582 5778
2551 1954
2550 7726
1296 658
2110 8617
3359 8142
2589 8507
6057 8274
6752 4273
7957 4693
9335 697
1286 7414
2708 8424
8129 1784
2951 5589
5357 8997
4265 4113
2199 9079
279 8514
1130 1311
4661 8959
2651 9857
3735 961
2011 7551
2282 1201
3173 8716
6406 1367
5860 4076
2410 9660
6480 9718
7664 5657
3338 8654
7575 6450
6484 6901
5098 3128
943 7828
2941 7469
3354 5985
4215 7043
3905 9523
1901 4929
3841 7626
96 6246
660 7094
4263 9371
1747 4984
6052 9865
4074 7786
8062 711
4543 7191
1792 8379
212 2402
34 8441
9831 445
8155 2190
2399 906
2689 8714
2655 4572
2044 3249
8422 6729
3774 2940
4946 2190
6397 1679
4353 5607
552 6975
2929 4005
4496 7227
2903 4076
1829 9336
6751 2577
2255 8293
9543 6352
924 9653
4872 8823
7261 4988
9061 9544
2430 366
3108 5030
9900 4673
9925 2241
4351 4699
1901 7645
2275 5676
8046 8575
6802 6006
4585 7974
7061 6630
3671 537
7114 6298
1460 879
6573 1420
829 1445
7989 242
1189 6113
861 7938
7964 5255
6412 3147
1846 7957
3282 9389
8426 8091
987 5339
2899 3128
545 994
2242 2640
4152 2877
6162 768
2913 9905
44 4105
9031 5910
3598 2040
2806 5353
5632 6404
6482 8485
9169 4790
2111 9771
9042 9536
6022 2705
834 112
480 1389
2511 8598
9776 7987
2685 7377
3822 3301
3726 3639
4633 5717
7438 5456
347 6731
7340 1849
8762 2411
8962 8945
9638 1998
7785 5813
4682 586
6412 2739
5588 9614
1150 6395
4000 413
1296 2097
4306 6999
8786 7210
7043 5586
6539 211
4145 7758
342 4261
5660 3654
382 4239
8900 9481
399 1151
837 7246
7764 8558
9984 6258
6818 1017
1542 9432
3124 9315
1259 6059
5485 5450
297 2753
6503 2672
3976 9514
5798 9621
7904 1966
5426 5754
75 4692
9022 4584
9188 82
4997 4879
8033 2468
7625 3872
3844 2908
7117 2304
6825 9102
9840 7868
7373 7420
3405 397
5745 7970
1304 5250
4030 768
3169 4689
2771 2191
3827 4341
710 2623
3114 8254
2235 8579
768 5037
8336 8647
5228 7850
9829 3311
2802 7557
2115 3977
5902 4085
1157 8026
2843 9424
5218 9035
7758 7498
3275 7593
8459 5939
4384 2152
8496 4773
1604 4279
2212 1976
1773 6930
7893 9819
5235 9947
1616 6970
2151 2636
8062 3002
206 462
7335 2550
3447 1340
3905 1563
1273 5537
3746 5238
4331 9246
1634 8408
2232 6960
7659 1376
5339 1500
6576 1086
4571 9791
8184 6915
5606 1258
7464 5429
1238 1964
1896 2705
8757 9181
7266 2236
9592 2855
3406 6640
4985 2601
266 4846
417 6751
2851 8602
10 9643
4400 1814
255 4469
7141 5375
1709 925
2357 9828
5283 4141
8736 6092
524 2372
3963 1617
5205 6933
9897 822
2987 9930
6571 819
9039 9986
4054 2871
1810 8556
9428 2692
8961 3329
8284 6813
4951 2964
2850 3374
1445 2366
5787 2779
3182 6071
4209 3593
1090 8377
126 6994
8282 2948
6443 5723
8735 9737
2380 4820
6552 4522
8708 281
7738 9170
198 5642
2472 5962
3966 3152
2476 9925
8106 416
8338 1769
5754 3193
7057 4057
1229 5733
7342 8965
9730 359
1356 3412
1378 470
1467 9463
6990 3414
1369 4004
6223 2648
7781 1223
6432 2420
4567 9951
8714 8363
5361 104
6833 9100
3691 3502
9190 9829
465 3536
5336 7386
4490 8551
6812 9734
1090 7226
6058 8827
5779 6012
4828 4641
9596 4891
6835 1185
8668 878
3000 4002
3152 4715
3903 5308
5868 7352
9864 8691
2873 741
4913 7383
4364 5410
1575 4156
6990 6639
8762 3277
9618 8027
5324 5291
3002 7903
660 4197
6248 5090
9016 5253
818 9601
3837 6911
9856 1990
4358 3375
6015 7976
9265 4401
1777 6039
1439 9501
3181 8187
8329 9527
6387 3364
8796 807
7071 4188
7306 4551
4430 8930
1879 4477
3883 4781
464 6748
5823 298
5904 2132
6237 5661
1259 5328
7152 1556
5391 3145
1399 4189
8584 5064
3750 8080
6464 2627
2882 8946
1201 6180
7585 6438
6471 8601
3859 9730
76 9551
153 9829
4194 8372
3445 7567
4293 5701
7832 1204
1720 8522
8944 4371
3044 5547
7903 8868
534 5523
907 4976
9538 9780
9166 8023
7139 2814
4795 7805
160 91
1430 6510
8901 2294
7824 7710
4296 1082
1175 697
1999 747
3397 3688
4605 7971
5439 4350
9216 498
263 7104
8399 4371
3640 7886
1281 5135
9886 937
5303 6876
6091 5080
4219 5048
135 5391
3039 4458
3883 5020
3678 2544
1680 756
5091 4075
5208 2838
1083 259
9092 2454
4465 5160
1957 6214
3036 5548
8589 4401
287 1211
7629 3976
4636 8985
2587 2209
1053 8103
250 8643
9425 704
3197 8043
9930 8033
6004 8974
2594 718
2099 4936
2997 6160
3705 2882
8047 7493
1392 1078
7491 5232
7470 485
4866 1595
6831 6467
2271 3072
6483 1808
8594 5772
3891 4010
8663 1227
6149 2547
9264 682
3375 5920
2477 676
4000 9839
4488 8929
1516 9759
8531 2662
9048 8397
2052 4405
8929 127
2019 3067
3285 4962
1220 2502
9533 5616
9597 5446
6188 3308
1976 6369
740 8661
3649 1480
7337 7409
9388 3994
8521 9686
4238 6762
8030 1368
4132 909
6935 6686
353 220
7310 8948
3889 1968
8901 526
9489 9915
59 7522
1722 8118
704 5591
9319 5096
6141 9677
6983 2438
9650 5373
9306 6655
9272 2610
8958 6002
5529 7068
106 7828
6205 2627
5500 1774
730 4286
8784 5751
1468 5400
5439 6438
5697 8518
2020 8399
201 4115
2440 849
9385 9556
2426 8926
6370 669
2078 9126
3315 9927
340 9909
5702 2592
9910 7663
1277 165
5228 298
9768 9756
776 5971
2876 5775
574 6459
9706 7121
8841 1613
4704 171
3572 4231
4139 1535
9219 5356
9754 1661
6813 5658
3521 8838
3912 5183
4931 1250
2173 8192
5818 7577
9935 7130
413 2719
9613 2800
7506 1847
1142 2736
8733 7278
2170 9920
1548 3023
3131 7522
1645 9825
1319 743
612 6593
2321 4177
2369 4662
3276 2525
4781 9008
8402 4159
9472 7655
6606 9614
3689 1673
4590 3414
8 1496
5360 809
2270 7108
2697 716
1600 9310
3119 8125
7833 9168
8350 9380
3360 4343
7598 7915
7671 537
6287 5238
2326 2442
6175 4956
3067 2781
3056 8829
2090 1485
1026 9553
4421 1766
4044 4945
4254 8166
7008 787
3595 546
4782 3064
8896 6557
6652 4968
8901 4483
6440 2017
5870 7473
9654 9303
881 6250
9221 8884
2918 741
604 6992
5145 5151
3606 4980
3701 2351
3414 9307
7852 6307
7573 4244
3333 6410
7043 9791
7580 6474
8461 659
257 8219
7366 4316
9433 1345
2164 199
571 5784
6361 8856
6868 1476
9486 3840
7847 6117
5935 9484
7406 1428
6415 7770
4585 3654
5479 7589
4189 4025
7550 6121
6275 9663
9020 280
9974 5051
9684 6077
2724 7917
8590 6900
7274 2805
5141 2923
7513 6327
1731 5661
1016 797
9882 1319
9307 7160
7444 7026
1335 5892
1458 593
4102 1854
2581 241
929 647
613 9767
3904 4167
7337 2416
3726 7850
9824 505
4417 2461
8927 594
89 3369
9557 3324
2765 7510
1386 5123
935 6645
4118 7387
2210 1883
8900 3695
68 2393
6550 5787
5910 5766
9573 8757
6564 3969
5254 1918
7553 1304
6276 8144
2061 8670
8956 4275
7752 2160
3631 534
2670 3578
2208 1738
9296 8916
4391 4618
299 7764
7743 471
1133 5521
6251 1309
6908 9546
6733 1579
676 4303
6609 4220
8558 2513
3076 4497
8317 5323
2423 6190
4220 4796
3371 3332
9573 1816
9257 9440
7074 3170
3990 7061
387 9577
1717 4842
7854 3240
8716 7973
6909 820
8527 3036
1266 8452
223 3914
4246 6122
1960 8250
6953 7388
4412 307
1500 190
4089 8329
5781 609
8644 2965
716 5203
6401 2488
1293 5372
1587 3376
3156 5816
3141 2597
925 1277
4079 5161
6030 3821
167 8487
8886 3515
5888 2615
6807 6286
2574 5220
4792 5770
7088 6368
7645 1900
2847 1974
6948 4908
5082 1878
2304 8186
9750 1079
6253 9762
481 2810
2668 4993
7798 9950
5158 3933
5083 8478
6677 8614
2772 7318
5595 2365
9560 6905
2586 445
1566 1480
1603 6961
1222 422
4805 676
7783 6600
1424 5804
6841 5915
7308 6161
6753 1948
3052 7743
698 4874
6254 9430
9894 3765
7697 5004
4980 315
7277 3864
466 1439
1072 493
48 9975
7267 6689
5432 1181
6372 369
7102 2694
3509 7462
8720 3843
4432 4264
2405 7131
3641 9535
623 1256
3251 4697
8658 7433
299 8843
3793 1513
9724 9054
2717 8151
2707 8132
4752 6675
7362 4705
5113 4536
3382 7133
8767 1749
7124 6970
6042 2548
9157 8428
2770 8262
9178 2502
1455 2405
6767 4714
885 375
9968 4199
8816 7460
3776 4584
3694 3028
2164 3512
8917 1158
1804 3921
8686 7047
4343 3718
4342 7481
3416 7366
1262 6331
2273 9746
8462 5929
9479 9305
3199 5872
3948 698
766 9111
6595 3994
3221 7632
2870 5738
7336 7949
4218 7681
6308 4957
9493 1249
6537 3495
3186 7338
515 4603
1401 7420
8358 8254
5324 2695
5839 943
6010 8293
5253 8380
5626 7548
9741 2228
5193 6229
7718 8829
6769 7377
5526 4289
9565 6784
4367 5958
3583 8836
8358 816
7062 9804
4230 4172
6507 9956
8922 6271
9529 9654
921 6591
1820 7826
6489 6432
8388 4680
4867 9967
3103 6108
519 6862
4488 294
8479 6262
8662 6827
5431 5051
5845 2788
1286 8435
9028 2764
9624 2297
2493 5870
2178 7620
8922 2341
408 874
9826 3314
6415 8202
8994 7692
3295 9079
8929 3109
9782 8298
7878 5759
4381 4537
293 8020
2302 4852
9891 6263
2530 8971
2992 8917
9158 4180
4203 1673
2922 5493
6763 2624
2438 359
6370 5512
4666 3061
9264 3135
5542 8160
9956 1032
8745 2442
2740 7275
8891 3856
6959 511
2904 1985
8252 6940
5137 9889
7635 7968
3796 4589
1825 768
5849 2327
6694 782
9111 8116
589 7507
2857 816
1019 9573
1895 4052
8729 7138
5794 87
1356 4787
6338 532
4308 2651
1784 4007
1305 319
445 5974
5541 101
5278 6524
3758 3451
564 7022
8371 2036
2194 5660
2325 9402
6700 8293
4838 6278
4931 9452
6816 5136
9587 2250
4532 7166
3031 2928
5155 828
407 3150
3865 8063
4933 3835
6767 5478
3830 7013
1068 1439
3355 2157
9398 9418
8455 1400
8347 7466
3327 7730
2974 9149
9990 1516
6690 1507
23 1256
9350 5576
9593 6475
2788 3921
7944 2558
1208 4071
4218 8607
1244 7303
2832 3390
5583 6337
5939 9465
3103 4839
1386 4666
5453 6495
675 6929
7917 5888
5492 5633
8242 2601
7484 9258
8154 4336
4196 8485
4090 2022
2783 9385
5884 4151
902 8802
4455 9675
6171 8877
5733 216
8565 2280
30 3769
2307 9862
4778 2270
6498 1173
5176 2891
2484 8375
7682 847
3641 1604
6484 9185
1230 3332
5762 8037
3023 3211
6408 2249
6923 6162
5564 3555
2839 9225
3234 8111
3806 469
3395 8178
4066 3672
193 8420
2894 8071
7941 4012
9487 100
7996 3535
2357 4072
8860 1224
9988 6101
7166 9999
5453 4867
2398 4172
4817 7307
1537 7317
1196 2348
6340 5683
4818 9211
9007 4746
9981 7851
1194 3317
5349 1526
1464 778
2933 9065
9399 1950
2882 8903
3072 2698
9611 4486
5274 9518
8426 7506
6236 5252
463 1143
5415 6781
6956 2887
5682 2135
2483 8800
4423 4729
9359 1792
3221 3817
7711 9897
4403 476
8712 440
5297 6037
1899 8239
3153 1872
7905 7161
7058 1161
2288 596
437 7103
784 9893
2821 6562
7117 7391
7767 5485
9276 3148
6326 7452
4420 8007
5469 6708
5356 8683
8881 9246
6396 2618
8601 2537
3451 6913
2696 8389
8763 4675
7857 6835
4334 7739
3465 9211
2675 374
2634 1854
1298 2211
5834 3811
9699 5178
2572 7118
6585 119
895 6261
3860 1195
2248 5280
4518 3889
4442 1298
8889 8046
1191 4716
2722 527
6866 9888
6126 9922
6833 4622
9044 4404
8913 7624
4880 1964
7183 6548
7865 6223
213 8160
3543 7415
5986 781
3249 8513
7237 6314
8156 4537
1309 4297
4509 255
2980 3763
9199 5953
5916 6565
1916 7678
3917 7619
8620 6466
5942 5453
7633 1524
6825 6190
9167 3910
8874 598
4607 2645
8618 3298
5122 9869
6877 1513
3731 7824
1026 2929
2506 1625
16 4872
6849 9496
482 5407
5260 3018
6947 9348
270 7584
3888 4190
54 476
740 1043
5566 5758
6036 8002
2790 6135
1901 6765
5357 9816
3915 1990
6170 390
4164 7202
1026 5776
4123 4708
1148 3000
9027 5217
3167 3628
1740 1049
8081 1171
1926 1973
7682 6364
4229 1420
4616 8424
6886 8025
1376 3484
3620 7377
8674 6648
9622 9902
9072 5459
39 5028
4000 4647
9796 7288
675 6990
1655 5051
5616 3631
6670 8892
2500 8096
3931 3543
9279 5166
7213 9300
9575 1237
3359 4262
4337 563
480 5802
6507 8221
3372 8366
6304 779
8687 4107
9072 5843
7982 7756
699 6027
4124 509
2076 1067
6843 7153
5667 9366
714 8967
1519 8566
7616 873
992 2196
5078 5745
4136 5304
8948 3180
3092 1671
8721 6293
1797 8794
3883 430
2916 9989
8032 1498
8896 5848
1961 5161
7925 1560
3820 5940
5414 7732
4399 4170
3489 1659
6242 6390
2660 5684
3968 2376
4027 7593
8139 9813
8264 9200
8408 6328
3878 6119
3845 7960
3801 3828
839 2364
6491 9062
3487 885
9122 7116
9804 2129
4132 2855
9811 831
810 7731
7214 9217
6401 1036
9856 4340
8355 2859
1249 4542
5938 3355
4563 5711
5196 9723
6238 2464
7217 5228
1771 2401
7374 987
2950 4002
5628 7339
4246 8265
9194 8201
6926 773
6866 3918
8272 5113
4281 619
4330 8820
4681 6499
1912 4718
9103 9240
6285 6522
8717 8138
9460 8984
5700 7321
6927 2690
1355 6884
304 7074
3574 1785
9030 9359
1448 1085
7097 4647
2374 5529
7164 7258
3758 8135
8445 6170
4225 8227
8964 3703
1433 7671
7559 7677
6988 5584
4127 9020
9686 1001
5066 6500
7828 5248
5015 3555
6441 4977
9893 6634
4914 7383
1410 9627
9908 1928
4149 6967
5857 8767
3867 7318
9897 3361
4003 3022
4915 4307
3158 122
4560 742
6828 7035
2625 3555
826 9502
5870 3216
5561 1491
9344 3151
6081 4623
1673 2051
9424 1184
7591 4891
8314 1842
9959 6758
3997 2345
396 4898
1471 9820
1235 7995
3659 9058
6620 6017
1044 8171
9267 2872
5879 9307
3415 5454
75 732
9846 8319
608 1105
7676 4864
7683 6073
666 2915
512 9170
9129 1515
6247 6865
7324 5949
8911 7862
526 1656
8464 7860
3024 5673
9347 6517
9465 4031
2981 8156
2429 939
7508 4276
7877 2592
6363 1821
7577 1977
2335 1750
2876 215
3026 2512
8825 3145
8602 4365
6056 5522
111 860
4834 961
1328 1672
7546 6412
6607 2378
8725 1762
9294 2859
2138 6823
2073 6286
517 6779
2660 8751
3039 7129
437 1427
1379 5542
2018 5077
3132 6402
9580 8462
2636 4644
6393 1853
4908 5427
1190 7208
6393 2296
7500 2564
5623 2187
4355 8002
4944 8637
2391 7119
8525 8993
2102 8634
1652 3255
4653 8838
3838 1830
4375 1533
8828 7006
9714 4867
5724 7952
2762 2670
218 6267
4445 1497
8831 2825
3157 8875
7231 9553
9059 1534
4629 8959
8774 8154
256 213
2228 5686
1387 615
1924 2878
8073 8801
3200 8266
6172 5217
1556 288
493 9216
8560 6482
2467 840
9289 6247
5202 845
1734 2580
9037 2849
3869 8756
6339 9785
1927 1196
9714 1487
4808 2715
9133 4762
5372 8770
1489 1353
3810 6071
782 5046
8473 9805
981 3539
9025 2149
6164 5374
604 2296
8464 3801
6459 2421
2078 2651
2763 1439
99 2235
1230 3631
7645 5281
9498 6692
7575 2938
6715 3976
1879 2045
5433 8384
4811 1005
1353 9786
6342 9949
2641 6504
3483 3303
7502 1692
255 4021
3570 7570
5726 773
5913 5131
5623 797
4422 7533
9444 805
8112 2677
2584 6757
8157 885
5605 16
8566 6475
6576 5154
923 5253
3520 3663
4904 2701
2092 6344
6487 6834
1589 6312
8347 7046
6409 2271
1237 4050
6283 9091
6755 1377
303 5445
4004 5232
5480 8449
7033 5100
4045 3476
7597 2740
7941 1418
6324 9892
9570 9768
318 1868
9246 5975
2162 8774
1148 4190
8830 8976
5111 4168
5890 4412
2099 1735
1882 917
270 6460
668 1340
186 6912
8809 2137
8983 1705
3067 3035
2999 285
4723 2358
4443 126
401 9629
9697 5954
5130 5128
7098 1688
9299 1681
2194 3528
9517 4611
1053 1773
8904 2040
4293 9809
8786 6238
8119 6048
5350 2418
8749 811
8182 4928
2861 687
4452 3068
9774 870
4163 4443
1383 6049
7273 4274
763 638
9561 4529
8616 6888
6997 8163
9182 5330
6138 1976
2965 603
9194 2610
2664 5251
5163 996
7699 9548
4190 1465
3093 9419
2917 9453
5770 2470
1283 1271
4677 2521
9005 2672
4102 1397
9929 4366
6007 4955
1529 7508
4462 4966
7759 6041
5461 4977
4780 1167
9867 3524
1777 5519
8024 5762
1232 9554
9598 7788
7107 6143
8740 7032
5119 8751
7113 3835
6514 5728
6178 6793
1110 9453
7217 4416
3771 6889
8029 2380
4822 7188
9756 3527
6728 3510
3446 3018
3000 1615
2414 890
2939 5046
4402 6819
1259 7508
1380 9988
9343 7364
6503 7344
5554 2421
1339 503
3791 1596
2028 3766
5124 653
1363 7314
6840 3494
1409 1899
2498 1281
332 4464
6386 8666
3529 1699
2761 7859
5694 1180
6200 8579
8213 7273
1148 7249
3039 1954
476 4189
2106 9008
4590 5341
8389 9168
3897 4899
4576 5523
3428 3554
835 2242
5182 1666
8668 4857
242 6244
9420 5921
9509 8129
5693 6159
2773 1938
7923 1269
3312 3094
9958 7940
7202 1532
5945 6289
974 5889
4419 8490
4463 799
7309 8192
7705 8951
8291 4213
7424 2113
5900 5173
9170 6243
5812 7132
1511 5362
2700 5791
7542 4418
7982 7675
7077 5125
893 2553
4062 6354
9879 2851
7766 6561
1765 869
3444 7841
6619 6830
1655 3023
4954 8960
4370 5241
5150 1989
2655 9733
3604 6429
8591 4823
6137 8904
6309 6689
3853 6630
3665 5174
6312 1730
8415 9738
4766 5416
3139 8565
4594 7065
2098 2164
2105 524
7014 4583
5563 4996
477 8698
3602 4950
702 2367
7334 2549
5888 1733
9857 3761
657 2899
3711 6547
8978 2133
2060 5672
6948 760
173 6416
4372 4052
9460 7449
5211 2687
8241 2163
7181 2502
4082 8354
8914 4366
2421 5147
1632 7371
6066 7560
5166 9252
5831 3329
2061 2252
6706 9875
6069 4705
1372 1632
8105 6798
173 8149
955 1448
5165 6148
3309 6071
1707 1985
6536 8968
9244 9966
5953 7869
3824 7815
9768 7914
6742 8509
1516 2768
6876 3702
7792 374
9620 734
9806 4401
970 4758
7829 5669
9436 7323
5108 526
1193 8099
3247 8723
1515 1143
4410 4948
4110 8820
5079 5563
5017 1818
9327 4811
9273 2207
4085 8089
3090 6918
1126 5582
4273 9876
5241 217
4674 3085
728 7223
3508 5223
9414 9542
8894 6354
7379 7957
9040 7353
9621 889
5955 4646
924 9386
352 4726
7919 2268
3429 9534
3260 8809
5321 2931
82 5586
496 9071
1154 2201
3064 7623
3896 497
7567 4482
7519 9476
2155 483
8930 8272
5355 3548
5798 717
9026 2546
933 2949
9423 5676
3424 8835
261 4165
8088 1319
9778 2654
6965 7139
8061 1615
5429 3843
8344 847
3724 48
5349 5878
6649 5934
2061 4705
1957 7719
4231 1713
247 7214
7776 9413
7741 8187
25 5581
1260 5802
101 5050
1405 4777
4805 7997
4747 6345
9622 373
1570 3154
2623 4618
6601 6259
3629 7814
427 7019
1783 6634
6577 5403
5087 9911
685 8249
4502 6246
5989 6859
163 7353
9965 8524
2089 4628
4486 1214
2156 2580
6892 5203
2750 5199
303 4706
3080 3758
2780 1143
3789 9885
2151 550
4926 9849
3014 5914
2851 4501
5872 6322
7616 4698
2359 1615
7961 7125
8950 7120
9859 8396
8372 4987
1772 3431
1396 9297
9831 5758
6186 1040
1575 6961
4894 7103
7400 3976
6158 6049
4800 8275
9231 1558
4268 3955
7390 3655
5862 2192
1046 8210
1143 6920
7498 7932
2447 1196
2832 7090
2771 3904
8742 1828
4524 8061
6017 6719
4807 7163
9310 953
356 6136
1252 287
6973 6885
4452 6668
1788 3600
3702 7667
6660 811
2628 4076
262 6170
9788 8238
9702 8826
2891 5831
2925 2481
6100 1485
7681 5079
6762 9642
9365 1240
1323 2264
7304 1528
9287 4871
3141 5189
6554 8351
5320 893
2583 5457
9050 3802
8877 7748
6211 2725
2985 4059
4002 5365
2272 4789
3495 6024
2567 727
880 4692
9650 2288
1713 7708
5311 7174
7365 9866
8956 3578
6687 1231
3785 3573
5542 7124
7054 7402
774 6167
3226 5395
2230 6577
6266 6340
2460 4909
2231 3612
9448 5666
6497 7970
4527 9706
3829 4694
3064 9947
7777 4985
6560 5535
1077 9266
2584 3376
4350 2702
1834 9332
3858 4423
1648 8955
3359 8715
184 7764
6099 8136
8311 4114
5560 592
5573 9406
300 9055
902 426
1948 6882
9741 6094
8025 4520
8444 1699
1799 7748
4916 3153
3685 9866
6568 5198
5783 9701
3075 1361
6375 137
7217 5172
6828 6386
6424 3311
801 4694
6171 8586
4673 3828
6783 5197
3773 4326
3520 4
5120 8442
4983 8003
7632 9502
5290 5755
9076 4060
7475 5367
940 8587
8246 1158
7684 4908
7703 4801
1957 9135
1445 3559
7176 9082
3225 2248
6845 4975
5776 8454
8434 8829
8974 7821
634 4527
901 8950
2054 5429
8831 2146
4861 7116
5955 6799
1634 6876
5607 4241
4355 8318
9556 6034
1650 9591
5489 8859
5207 3690
4247 5549
2467 9192
9823 665
8551 2136
8953 6068
9631 3786
3746 8173
4969 113
2349 1448
7140 5592
422 7491
7942 7079
4148 200
5155 1601
9332 4204
1634 9868
2680 1501
4657 3132
9700 402
6601 7239
3329 877
479 3735
2250 463
8605 570
700 3806
1866 6785
3912 5557
1018 7611
2938 5534
7316 9578
9910 2505
3073 2502
1495 5479
9596 1276
9450 6722
2332 7517
5523 5036
8670 5107
7357 3444
7036 553
4956 4594
4647 762
5406 7266
8167 5709
4184 2878
4413 7783
1947 8551
9875 217
1486 5733
7031 6579
3976 2876
4979 2182
8384 2015
9396 4565
3727 3028
4922 4783
4406 5243
7008 224
2017 9477
4387 6157
3070 1917
671 158
2300 4351
2781 9980
6000 4974
3394 342
999 8757
4181 4506
5787 6066
9256 3559
2112 5128
9745 8430
6680 8751
1303 8187
7966 7686
8208 2099
1318 3156
7091 4831
974 446
7768 6462
8630 7224
3359 8586
8705 6174
1166 7259
2788 5759
7127 5432
6899 1521
1104 5465
5897 2370
4450 3284
3577 66
4081 9929
4089 9450
2629 2018
7110 4193
7872 4298
8697 5728
3973 2652
4819 4996
2745 2120
6963 4400
9154 9118
6307 827
5671 651
4495 3865
1740 2369
1937 1809
8639 1513
8201 1544
5033 3616
6675 4573
5918 3064
4304 1584
6148 8953
4019 9116
1041 962
9244 6594
5870 4671
7354 4889
818 6388
7584 3868
8274 8167
3580 7652
615 212
7471 6838
9717 2236
7102 3046
7779 5744
3755 5446
8782 671
3598 9685
9639 6774
5757 3153
1470 5247
8863 9194
4076 8355
7251 6209
6468 1096
7905 6981
9732 1004
3716 3664
5895 6459
3554 4101
3292 1811
8959 9277
7602 4547
208 5753
7984 1778
3615 9587
704 617
8049 4590
3524 4586
3476 612
6938 9287
9388 7084
4498 5421
7007 3972
7404 4670
5656 3143
8364 4366
7942 9267
2839 8376
6295 2301
7025 8903
9080 8092
3813 1934
8372 1352
9156 4925
9749 4679
9096 7517
