10000 10000 10000
4779 8176
8133 1070
6611 2322
8107 2634
2137 9694
77 3042
4197 5480
9272 1260
8793 9407
8395 3566
7669 9374
745 999
8721 346
5382 4634
1334 6436
123 1007
9835 2191
3593 5937
4347 3387
3669 7027
5076 242
759 6388
1340 9049
3222 6728
6820 7636
1025 8024
5234 9518
2147 3995
3917 383
5462 3119
2297 4614
8574 1278
6610 8508
5189 5710
645 5675
8123 6364
256 9418
9868 8870
7407 4034
1176 429
6927 1772
4523 8888
5411 4309
583 8276
3771 6556
9285 2154
1612 5375
4201 6925
7444 9594
8880 3485
9395 6879
4817 7168
5551 8577
1851 7878
9620 6250
1759 1298
4573 7520
5724 445
5148 1447
5182 8551
8688 1919
4208 353
5751 3998
2479 3063
2538 6854
4289 9731
973 9401
6143 3238
7782 1720
4007 2168
5025 9970
7812 905
6318 7666
1408 43
4925 1238
97 2248
2334 6219
2391 8800
902 1270
4506 8119
6284 7781
9532 2775
9969 1874
4838 4295
792 2566
5250 6950
6486 1217
6745 8166
5118 3423
6473 5456
208 9210
4154 4919
369 4479
5201 1770
5999 9029
5024 8475
2195 1142
8094 7812
2982 6050
3229 8431
1156 9216
689 746
3026 5782
9671 4541
6153 3236
1335 5252
4419 7802
4973 7597
5493 8836
6852 9220
5706 7925
5609 9945
851 2359
578 2852
5263 5347
3236 6363
6106 7614
1131 9185
8186 1268
2278 5554
7095 8016
1874 9020
1519 7371
3661 6186
1635 5427
632 8658
8072 2610
3841 6180
8779 8607
5061 4140
1047 4036
7947 7177
372 8698
3565 6171
3632 8336
5999 4758
8709 1781
3693 9403
134 5798
6364 4013
1928 4090
2769 3480
1744 223
2682 8870
4696 7863
9275 5831
3408 192
7306 9209
9617 7430
6262 1488
9076 8450
3042 9500
673 5180
7331 8411
5343 3212
5509 937
8422 214
1979 1743
9763 5515
215 3244
5080 9890
2137 5852
9605 2831
4187 6589
4837 9995
4855 4220
4633 124
1100 8438
4493 4941
2978 460
6206 4046
9761 5705
140 1411
140 5962
8068 9619
5803 1698
2734 3276
3781 996
9729 3083
2027 437
837 3511
6533 5749
1908 119
6127 4356
7510 923
4071 3981
3311 9640
5849 206
4627 4013
5891 5758
7832 8211
6749 2817
6549 1900
8361 770
2942 9711
6836 8179
6335 2620
8304 2726
6958 6444
9853 7963
5703 3372
2094 2085
7253 6529
4414 1902
9602 5676
5603 391
5688 8969
2445 4645
9497 8561
4861 2978
5143 2554
6917 6655
1680 774
730 2545
701 4661
4796 7644
3673 2234
5905 6999
7421 6955
6710 7206
5939 8375
1846 5789
8784 2042
6105 4223
8593 4663
4371 1895
3916 8831
8810 5366
3070 4119
1012 3812
3059 9726
8242 5293
9459 4034
4319 8323
7481 8858
5892 1037
668 227
1414 7825
2595 9987
553 373
7937 6544
3037 488
4723 6806
6273 5927
5701 4970
2895 4289
3048 9028
2258 6315
157 8801
4077 3710
1338 5765
1061 7253
549 226
4071 5284
5142 3422
63 297
8946 9764
4738 1821
6693 6388
5628 866
4917 5971
8309 2457
8268 3553
1965 4901
9298 3932
841 2813
9689 7990
5543 1492
9001 5798
1419 7111
483 4368
864 9709
283 548
2096 1360
8912 7100
7259 7617
8756 3569
4371 6211
7694 3
6197 5069
6056 307
5328 9935
3719 1396
8328 3588
5129 7256
4187 7055
396 6788
3121 9423
3824 7326
1395 6093
645 8793
9204 6054
9536 2887
9479 8305
6998 2817
9652 5645
8320 1681
6582 7530
1612 2550
8703 4203
968 4664
3381 3023
764 6848
783 2945
1815 5168
2397 1974
5371 3879
5831 5015
7873 3596
8997 7983
5161 2878
27 1397
446 6588
5612 5906
9437 1407
568 2064
2450 6044
4981 3910
1561 8788
8961 9779
6747 1304
1279 9692
9696 2333
3871 5054
2759 4119
1476 584
1167 974
5906 8590
3469 7713
3454 1814
1207 9764
4895 7749
2266 1744
2599 9480
4401 2948
3908 9309
7782 8476
7129 735
787 9764
1667 9686
8435 4025
6459 3853
3013 7516
8337 648
6548 56
2116 8363
1288 4935
8342 3238
2400 512
9821 2420
1164 6105
3110 4674
8579 9685
5520 6299
2525 2465
2204 345
9315 6164
1572 8320
4869 1291
7527 339
694 9502
774 5723
3385 6868
240 6543
4420 5041
7641 1430
4135 3191
5036 4118
6256 4645
9419 6679
4906 4744
7111 1051
344 225
2154 3198
725 4301
2621 4193
8388 8608
9205 3314
1537 9255
5694 6528
9100 6726
1109 3893
2662 298
6610 3213
3327 5508
6163 9345
6877 2697
1608 1311
8680 8313
7958 7973
398 4957
9112 4708
2694 7673
5387 2906
1967 7537
7529 634
6883 2348
1150 8163
1294 1258
3993 5546
2532 1893
6586 6533
6751 4831
9267 6839
761 7341
2209 6161
1326 6610
6086 8355
1725 9239
5044 9567
2543 2425
2564 4310
1152 1585
9856 9566
4218 2851
1034 1624
7804 125
5688 7345
6791 2743
1735 2677
1405 2598
1062 5145
7393 8286
1905 241
3475 5259
6407 3744
5076 8902
9889 2400
8542 5257
9863 7586
1100 4738
2132 9064
1694 1121
5981 4000
7702 571
830 5235
4319 1678
7243 492
5133 7698
6558 9223
139 2702
5206 3527
5953 3201
9771 8857
5277 973
6148 3565
3045 1248
4375 7853
7164 6984
9959 7980
7311 5397
5966 3873
7490 2817
2661 3973
7643 1660
2042 9234
9122 4278
9431 7696
9789 6525
6401 9700
7945 231
8897 2663
5774 7612
2889 9724
5766 7443
6258 992
7285 8153
616 3927
6720 5518
1063 4858
5205 7355
2019 6455
1078 5684
8090 6086
6895 5411
4793 2422
6197 3479
8822 447
3510 4823
4878 6015
7878 5994
4725 1341
9020 5480
8792 1676
2192 8599
6195 1391
3197 1583
3842 6733
5647 7685
7509 4693
8481 6692
777 8612
9874 3982
2607 2123
7937 229
7653 9848
2391 2725
9261 9130
293 1365
541 4037
9890 2833
6094 1004
5011 8511
7249 5018
2241 5889
1511 5594
7191 9223
5990 8144
3981 1079
2282 6807
2370 6307
6378 5608
5417 6472
9217 5081
1727 4138
3915 6298
5961 4321
2162 5534
5500 6852
5867 6847
6658 4562
8087 2282
3946 232
7756 2106
257 1959
6609 9653
8388 336
1667 1889
6852 551
2445 7454
1954 601
4214 9778
8188 9592
8283 3255
8453 7276
772 4795
1966 5265
4528 7151
6755 8895
9513 8142
6759 8847
3329 8063
2042 8252
853 3141
4743 9932
7475 8455
7537 1549
6020 1100
3775 4171
8398 7940
3922 9605
1940 6648
7501 2304
14 5557
4459 951
3147 2312
8348 3079
1418 3536
3560 2816
8588 8533
2395 7416
4298 6309
6428 8289
2013 9198
9785 9808
5998 2892
2835 1409
7875 3863
3481 9028
601 9237
8947 2954
4477 4022
7131 5463
7172 9038
6765 4133
6738 1259
5624 7995
1974 9603
1108 4582
1059 6196
8783 7669
9068 8665
3503 6823
3495 458
1071 8045
4739 6667
2907 4133
6202 4857
1042 7290
1935 2293
7806 2030
6251 3121
9995 6716
1516 6931
981 1090
4096 8518
1175 1598
4465 4899
5708 9922
5766 5631
6911 494
2080 5551
1191 6594
8937 6775
7269 5925
4965 4003
7750 5333
3317 5627
6013 5004
6248 7503
3545 2724
9206 5297
573 4559
8395 8912
8836 6010
7911 8731
460 8366
4288 4145
9964 6666
5421 8347
9534 7881
4170 423
3739 1510
772 8275
3974 642
8860 8798
4357 7047
3776 2121
1003 3940
9496 4529
3497 3939
2630 8204
5205 3920
6335 9238
4531 6820
4382 4318
5293 6907
5322 726
177 2143
3230 2113
1894 8850
5101 8919
7075 641
1029 3191
5919 3813
7885 9114
1906 7219
7953 9921
8066 8074
9560 5501
9081 4442
3802 9134
4082 3664
188 26
4033 3580
9278 1831
1325 3213
9600 3870
1205 1494
8648 1078
9925 1046
222 2204
1019 2590
8338 343
7029 546
4972 1660
1782 3887
3780 3157
2409 167
1625 3235
857 5642
9300 5208
2244 9308
9223 6095
6824 1433
7649 7010
1495 9038
5897 8465
799 8651
2795 2778
2314 8604
5756 8892
1031 9533
7618 5087
69 8583
5451 5422
3857 9052
633 8040
6618 833
7694 7655
6401 3755
6432 9481
2021 8816
7814 72
1012 4673
7304 7293
5707 8997
4202 8476
6541 971
126 5823
1218 9617
1579 7052
1515 6938
788 5442
8707 6246
7440 6213
9654 3303
338 8277
6466 6937
284 9690
8416 3319
7208 8400
3197 1526
2069 7319
7625 7853
2449 5868
6725 3310
3144 1510
5977 3465
9940 1803
9213 6476
3770 9355
7119 9356
2391 8481
4379 8826
7493 1784
1515 9358
6168 941
3543 3012
3914 5059
2276 598
2341 132
9925 6945
1996 3590
6680 1315
6810 4578
2375 369
6307 3671
2544 5952
6051 7956
7745 9743
9980 9602
8983 5858
5875 8849
4377 889
4643 1969
1532 8422
6708 6260
7629 543
2038 619
7412 3165
9616 7887
7581 7378
6039 2112
9971 1503
3262 3833
6467 8498
7223 5877
8296 623
7405 8254
9989 3559
7682 9948
2555 7033
5563 6706
7943 533
7023 8854
1801 9581
4338 541
6169 6704
2473 7853
4452 7195
8453 8394
1807 4264
8039 499
2594 5396
616 312
9091 3338
17 5646
2427 7185
9444 3627
856 6431
1007 5086
3359 9586
5473 3463
3263 8830
4342 6802
3667 352
5916 712
8219 2017
6775 1881
3935 6812
7715 6674
3425 6960
6330 887
4099 9458
1567 3137
6367 8066
8607 5979
7765 4651
5767 9160
3180 9661
2585 5857
8136 3049
8186 8543
7689 4046
2906 5187
5517 8853
7514 3177
6835 201
9736 8806
4074 6629
4390 3164
8131 4725
6288 8058
6100 5790
7625 657
4507 6582
9618 4818
9944 8655
2969 9115
1730 8486
101 2524
9804 8869
9982 4592
9439 5083
9264 5451
7697 6244
2274 8115
1900 4723
5847 7256
1910 9431
8354 6380
1546 3199
7713 2720
2754 2426
7024 5382
9844 3626
3702 7693
3358 3855
3848 9502
4399 8906
1349 7519
6939 5482
9540 5588
3671 7777
6446 5688
5295 1513
2479 887
6418 5339
1416 4572
5505 5019
9972 7130
6170 3718
6727 2418
1650 7515
4000 3708
4544 4535
8255 7016
5511 1506
5343 5475
9893 4128
1301 4993
9531 6134
908 3947
5239 7762
7587 3603
9515 1282
95 2721
8652 6606
6097 5607
4105 9157
7933 3166
7936 6664
8408 1322
1726 5482
5711 8159
7754 666
2714 5829
716 885
792 8171
7681 6953
7805 6713
3581 4054
9452 6357
3327 7407
2350 1913
924 8064
3199 6794
7421 3318
4725 7458
1279 300
74 4288
2733 2144
1281 8146
3205 270
8796 7281
3514 4144
6979 9246
9464 5340
8904 5641
7672 3070
4545 3859
3777 4152
3896 1491
8382 8350
9938 6321
6196 1642
7638 9439
7770 613
76 6415
4952 9127
4701 8959
5306 7498
3958 7348
8182 1604
8974 7480
3550 1761
5268 180
1444 1769
8978 1930
738 5878
5949 1200
8565 2652
196 633
928 74
3272 2765
5911 7212
1611 5523
1272 9746
4624 7701
99 7078
3187 6744
2807 6660
3422 7146
6660 6925
2553 3321
199 7395
6715 4362
8151 9812
1852 1803
9723 7089
590 1533
7646 8223
7255 374
3665 4979
5567 3545
3482 1405
2614 6343
4373 8184
368 1266
4524 4563
3735 1935
9055 4130
8956 1041
3733 7770
8356 5034
3895 6745
5637 8627
3850 994
828 1335
2545 7207
5842 3937
3396 5920
2170 7183
6873 3029
8290 5373
7547 2427
1998 4608
1928 6043
6412 3695
4389 7911
3270 8973
1724 5355
8 4856
9796 2280
98 2688
5052 6146
1412 1270
2157 2357
6977 1919
6034 1417
703 9946
2609 2292
5463 1082
60 8329
9770 7271
1482 7351
12 9861
9246 8437
252 447
6959 1917
420 9287
2929 8301
3564 4624
4254 6206
300 6661
3695 9493
9830 9510
5380 1913
777 8981
1517 2755
1908 2829
2057 3129
1452 1900
1237 1797
4035 558
5436 7917
6372 6269
6883 9320
2753 7655
7533 3516
6924 483
5864 1930
6288 2016
7661 639
9534 8272
2282 4261
9738 2547
9050 2607
4181 3188
4423 6294
3957 5137
945 2001
9034 9597
4215 2701
8476 3927
7660 6201
2325 8236
858 3808
9190 5486
1072 6964
4111 1420
3121 4981
2070 1825
1791 4273
118 861
9741 4844
6317 5416
4167 7492
7994 9306
2086 5415
9545 236
1616 5450
9720 9059
3682 4742
583 3737
8887 5730
2843 699
5672 5435
3351 2903
2882 9403
7365 8413
5067 3748
3311 6750
8713 1782
7513 2835
4944 1104
291 5964
8709 2125
180 9823
43 895
1055 8255
6474 4025
5219 9873
7833 1159
4981 3999
8841 2466
9363 617
8562 9111
1858 2086
6456 2316
2026 4539
9516 684
9171 889
9860 3382
8346 4980
1861 2875
510 2049
3774 4990
9257 2008
1576 3268
3725 5109
214 9159
8841 1818
7283 4419
2355 1108
3536 8279
1976 1563
9330 7001
8043 9342
6952 3167
5341 6492
8731 6766
82 9917
321 9112
1186 8551
4560 6272
4012 858
6817 3106
8063 7484
3212 4229
4826 9613
5045 146
5749 3096
6951 9262
7684 4629
6846 5714
3683 1700
150 2890
2778 2826
3929 4051
4371 6338
5568 1338
2070 456
52 175
2069 9684
6858 3546
7779 7456
2045 7736
7707 6791
2376 2878
446 6063
5853 3287
7167 6491
1894 3659
5462 7731
1676 6625
2243 2656
7896 1766
1569 7894
6769 1694
501 4310
7276 1122
8138 6595
7021 5546
2987 232
6438 1926
2529 1779
7350 5935
4360 9300
916 723
5624 5217
3241 8259
5315 3460
3191 6111
5204 4071
7713 3107
2952 6410
2826 5623
7153 7444
7953 6619
544 7723
1815 2156
8074 5922
2582 4209
7785 2104
4101 1762
1269 7998
1259 1543
7398 1887
9450 2581
2971 9660
234 7437
4485 1332
9969 2543
8651 6809
7860 4415
3969 4469
3047 3645
8256 1569
3524 2859
7600 5649
3636 5157
5083 1250
3020 8199
8317 3110
8773 7379
2761 1868
7007 3348
1621 8526
7187 6597
8350 1562
3510 4709
1484 9540
7275 3635
8569 9023
2932 2885
7718 2511
1443 9876
3305 3865
253 4991
9095 4695
4151 9109
2887 4646
3205 3074
5291 8529
7395 5580
8896 3864
4370 3588
2439 6185
9315 9308
6128 4371
4186 2957
9379 5264
8944 175
287 9691
5595 4472
7913 974
2301 9428
6937 6815
7593 9653
311 6448
2110 3444
7012 9756
2765 3343
1235 7903
948 4666
3831 8061
3954 1098
8980 9869
6870 2541
2798 9191
6523 2590
9552 3995
526 1086
2843 8483
9562 1059
9828 2333
591 6930
3522 5302
1356 505
4735 4109
9511 2321
7043 5501
6735 7848
3838 9611
7758 519
9012 4026
6415 3978
9029 9113
5984 7243
4940 5982
2006 939
6714 2974
3442 2101
2016 5524
656 2282
3940 7278
5531 9301
9967 4847
1816 4166
6335 9351
3334 8580
7576 6482
9957 6970
2862 170
5119 5214
1105 7056
5845 7800
4711 4658
8600 6097
45 3462
7693 6600
4678 5298
6239 1232
6922 6614
5859 4001
7914 1316
952 5392
6342 3700
5635 3644
3419 2811
2155 9704
8680 4546
3434 7810
9909 4212
9241 4559
1159 8672
1260 3457
7607 3391
6661 5188
2116 2582
984 3248
2221 4455
9766 9747
9974 4070
732 4966
145 8098
7803 4850
5722 8170
4174 300
5229 4207
2822 2270
8722 6731
217 7790
53 9870
1875 476
8502 653
6414 1773
4762 9340
6283 3082
652 808
7861 3932
7187 8471
1224 3009
3942 5104
3670 4701
2854 2366
4705 6843
1612 2575
2598 88
9363 1548
207 6663
922 7207
8641 9373
5003 9685
3538 1414
528 972
3198 5612
5968 9498
8068 6673
4278 3579
8491 3468
1041 3200
6031 6078
4953 2387
8107 7061
1510 247
9071 8565
7151 8970
1445 9133
1942 9767
9649 7234
2893 1806
3971 1425
1776 5056
4943 6898
8466 7733
4656 5099
1901 7273
710 5205
4126 953
2227 9927
401 7552
4953 7435
6668 9680
4735 624
5995 7239
2401 3010
9452 7326
2691 2033
8586 4785
6737 9660
89 7430
469 4162
5948 5871
195 3931
9193 4029
1212 1326
8348 2392
4681 4839
7742 5945
6673 7376
4210 25
8477 3107
7914 9553
5899 1627
3340 2034
6068 9142
1844 8370
7895 3841
5343 5565
4171 7841
2157 7561
974 1356
3204 8686
2965 5784
9264 9676
2603 1966
3732 4468
2552 9986
2404 1818
3085 395
6562 8263
3258 686
4552 2382
3877 1450
8229 1862
929 4544
5744 3062
9535 1468
5239 1974
3776 7368
9371 8184
448 3559
8255 2161
3618 2515
3065 4541
8087 1399
2089 8172
2382 6895
1640 7703
1064 3467
6680 8500
5035 2361
5646 9754
9260 3409
875 9917
7119 7711
4593 9901
3025 1325
8050 2704
9895 3886
8317 5624
4790 1629
613 1623
4707 5545
1098 1307
1515 178
1512 8999
7946 3297
2875 6542
657 2384
6066 8055
3340 2776
5395 8559
9417 2825
7970 8685
1060 4880
3606 654
5943 1882
7044 9133
9887 7523
2341 4894
1170 5389
5894 7757
5111 9942
6761 9329
6337 1064
3849 6466
8455 8072
6421 1608
7035 5784
126 8936
8880 303
2177 4695
9896 8244
5953 183
1400 4258
7570 8114
9213 6588
141 925
753 1012
3561 7793
1464 9904
3448 4527
1043 9019
1000 5920
3734 2254
4383 2894
7109 4415
9610 477
946 1193
3169 9239
7206 9175
1742 1121
305 5700
9257 2525
8849 3386
1849 8587
6946 3538
8201 677
7386 9963
4001 7305
7161 5344
4301 5486
7511 663
5437 8505
5380 8849
1170 5338
2080 6737
9087 6736
9749 5368
2651 9901
6075 9519
6165 246
6417 5124
4970 8845
8465 9480
2326 6502
998 8826
5425 160
5641 5714
405 3349
1404 7111
1637 6126
4239 4004
4525 4989
1429 1874
8892 1056
4415 6337
9080 4344
860 9560
3760 8950
347 914
2514 3096
6068 7147
9706 5843
1322 1643
919 7236
144 6978
1536 4606
7936 3104
7773 742
3872 1503
2441 4049
2227 515
4381 1275
3601 1132
6883 7018
3959 1618
9024 8276
6599 6472
3475 9153
8915 1550
121 6875
3779 5209
6446 1830
5050 2136
2158 6969
6540 4146
6664 4771
5670 1576
5495 2215
2808 2638
6000 9658
618 5122
4907 7882
8234 516
8029 3178
1605 8544
9555 5427
4532 4320
5235 7931
8473 1330
4198 7528
3941 3679
9680 4723
7961 1086
375 8933
928 8140
3580 4717
1827 8134
1608 4807
6408 222
1693 3723
4562 9871
7673 2546
8407 3818
3107 6742
932 7309
3241 791
6951 2087
8660 4647
6970 860
6025 2297
442 2769
1000 4833
7090 7173
6959 2681
5327 8904
3281 9910
771 7595
6878 7578
8709 7219
2560 4342
6895 2682
9477 4113
2834 7845
9270 9067
1228 9539
9255 1776
165 374
7396 5077
2581 4494
5825 5916
7974 7475
7867 3634
5905 3550
2991 2178
670 2232
9970 5058
7770 7310
4509 4955
6986 2428
1673 3945
5585 1792
9171 8082
2871 609
3973 5389
7921 1688
2276 7614
1775 464
2453 80
4605 9316
5839 9967
414 1549
8944 8831
2339 5644
9864 226
6001 7788
1448 9194
9737 2531
8610 636
5775 9760
5472 7934
5460 8776
5890 9664
9690 3048
1670 9894
3454 9685
1273 7437
8855 4469
8489 8488
8684 1974
6265 2815
5440 6147
4455 1218
4816 2674
7573 5838
9 7105
9061 5149
9207 8668
5111 481
7344 6714
9019 6057
5185 8977
5191 5536
7824 6400
4583 979
5021 1964
1129 9736
5423 2974
732 978
464 1376
1119 3557
2254 2178
7855 3330
9155 2062
441 7810
4598 6655
6165 7596
7585 4985
8586 349
4848 4027
8387 4633
5353 6879
4842 8007
1823 4767
8644 7318
4037 7634
7195 3460
3213 7448
3898 1843
5125 7746
9760 9405
3116 2272
9237 690
8243 5894
9010 182
9543 6524
2412 9042
9790 7502
5243 3835
3780 6469
8399 6288
8186 4781
7886 2120
8943 7220
6064 5242
5753 8105
2352 5705
7101 5499
2036 8491
319 119
4584 8335
9936 7584
4520 8203
1919 3970
950 3104
904 9900
388 5863
4364 5261
922 5177
5501 3207
1936 9347
419 7179
5695 2121
8884 2240
3113 6328
434 2775
7886 4915
7062 2462
2233 5554
1477 6723
3013 6472
3567 3870
3164 507
4488 7655
7583 8464
3393 9992
9085 979
4628 435
9248 2240
8320 5844
9010 1431
5982 8574
709 4559
4314 2429
2798 6663
3812 4121
3059 2224
5172 2861
7121 4030
6080 9370
5992 3593
1182 2758
2132 4108
9221 1706
7291 8
4701 2995
3511 7627
5979 9081
7277 1330
5046 5141
9859 5824
3828 4061
7811 6285
3288 7035
2655 5443
8010 3306
9900 6447
5073 4825
7188 3065
4530 4837
3897 1202
6752 3037
9249 742
5705 1599
1385 3252
2337 444
5077 3242
3337 8297
1903 3472
4085 4411
7690 9647
1902 1702
5643 2447
9381 206
2749 6766
581 6021
7263 7489
8703 7385
6107 8842
4628 1294
1847 952
2981 8388
7308 8166
2919 6723
2734 4233
5167 532
1351 9281
6267 8952
7018 5693
3764 2080
1937 5311
7135 7741
2596 4009
9941 5387
6617 3621
7945 7348
8828 7665
9824 6366
6340 9319
60 2399
5383 3121
7298 2966
9526 3149
9158 5136
6240 9632
8895 526
4024 7765
3255 9442
6569 312
3773 484
9863 3472
6831 6061
4111 1836
8040 943
4910 8849
5221 9505
9909 8359
5797 9683
8825 7383
4464 1429
1838 4283
4681 995
6636 458
837 9997
2482 778
9900 289
9965 7082
3817 5706
4478 4586
4268 5100
1775 9111
1870 6060
165 8982
3648 5139
3293 743
3434 1819
9139 7068
8336 661
4075 5424
1581 3000
4671 8160
1250 8281
8222 707
1823 5917
1632 7072
7855 6428
3855 577
9686 3532
5556 2674
4045 403
6330 6624
6337 1817
4579 4287
9324 7066
8918 1316
1218 2959
9242 2634
9291 4607
6849 123
6473 7506
3531 3484
8858 2383
4542 2730
1249 1588
376 6479
3609 5285
8666 6347
3699 6189
1995 6435
2924 1331
8867 5928
8804 6957
8087 5197
7224 4857
2240 7379
7758 9519
5942 3308
1121 9034
7754 2807
5179 8440
5902 4016
4116 5367
2778 4997
2664 6639
6819 174
7288 4279
3223 4302
3199 4369
2728 8578
3608 5903
3040 3272
1766 7012
2560 6523
5447 7592
4237 9773
7338 9240
8877 3261
8112 5222
6413 9558
4755 6762
105 9864
6789 571
5701 1164
4483 9455
923 8548
4581 2889
4965 1875
9014 9736
4624 1020
3407 5140
1932 4848
9410 2477
9721 5718
1144 7999
7403 8531
4861 1885
4218 3599
4493 9434
1393 9190
4935 1135
9042 1661
1810 8997
5883 1980
2146 2930
3120 6690
1618 388
6755 6516
3946 9049
7206 9524
6719 930
6047 6048
3125 3610
1857 207
9125 9187
2874 3921
9704 6158
3677 8627
4201 9347
2465 7495
7075 8184
7755 5108
5336 9110
2700 7733
5998 2016
9571 2772
6551 369
216 7308
5319 2572
233 2655
4677 6482
1146 2483
8103 9521
1493 7795
763 9761
8730 8268
8911 6176
1222 7415
3299 9625
813 7939
2958 9292
6104 5196
4306 7843
8376 9787
9653 9132
7496 6771
3146 1590
1206 5578
3339 4964
1011 2659
1467 4703
9315 3479
3154 9840
5508 7795
2061 5316
5264 7429
8465 748
8903 4791
259 210
6685 4892
2649 3192
4045 9514
3074 9371
2073 9642
1894 6364
147 1164
3351 6330
4116 8930
2305 7625
5810 8806
8318 7219
7678 7278
3601 6719
7500 504
1959 3589
4406 9190
7342 9411
303 2034
9095 9009
8817 2694
2632 2516
3646 3684
6203 8029
2494 3670
6736 2987
3999 2010
6976 6216
9 4561
8321 5474
6446 273
2781 9608
8224 1462
9061 4701
2171 8856
4081 3994
333 3080
8333 3323
4061 3778
8248 4820
3014 486
7080 7838
1896 7452
8116 6416
2703 3453
751 5813
6721 8005
9327 495
5456 3470
6166 4488
4352 389
6089 7267
2651 9826
197 4564
7932 941
1743 2302
2415 6084
9782 9345
5215 2951
2888 2797
3639 1643
965 3456
5126 8858
2183 4066
9633 5881
7072 9898
7661 2644
5769 8790
4415 2298
6638 6978
2853 4982
6049 5984
5548 7799
9793 7609
3249 4354
2044 1128
9927 8188
5530 4678
56 9769
5058 4490
6672 5927
6336 6622
139 4953
469 4992
5857 3310
7400 2472
3998 9912
7048 2363
3040 2887
8176 8959
6834 3199
6343 401
4073 6289
4401 1631
3704 156
8646 822
7159 7413
9568 6351
6634 6407
4091 7878
3222 2338
5631 5076
1862 9141
453 8545
21 9296
8679 8693
1546 991
4610 150
5739 4509
2808 9758
1166 1528
5211 5580
2380 7523
6872 9074
7666 405
5285 2810
5746 5095
6901 9573
102 6036
7524 3247
9194 3666
6984 834
9155 3276
8145 8165
9754 8794
7167 7423
5818 8931
7777 5949
9299 9386
8704 7283
7810 5001
9346 2547
9128 2104
6057 9913
5688 7920
3725 3137
9833 5656
9093 6394
6199 1911
7264 994
2148 9037
8975 6431
6848 829
4569 9946
2838 2936
8539 1536
3428 6633
4255 9785
7075 959
474 3414
794 4245
4558 6114
9791 5678
1082 5771
7011 7903
6381 4020
2860 5856
1422 3358
9863 3928
4495 8168
5441 5319
7409 3735
6195 2037
2029 2383
3737 7277
211 76
939 846
4043 9718
9209 8709
8828 7388
6785 3950
8183 52
921 9780
4313 7557
209 684
118 6438
4493 8646
3941 1046
1809 5889
7678 4614
5972 2434
600 1887
7447 4115
2027 9593
2050 6190
6975 3067
8582 1479
1247 3914
485 3855
9040 949
1015 6753
1967 5911
7286 6357
2039 9396
4730 9584
6965 9546
2547 7590
1845 775
9952 5899
223 2285
6612 4472
4416 5623
1092 7825
5054 4562
3474 5537
3392 4528
189 1613
4938 622
8890 199
5312 5154
7378 3516
3052 2734
2931 8194
932 6016
9498 4234
7877 2335
2653 2775
4706 7071
3610 7218
1366 5889
4573 6969
9506 9328
6964 9789
1121 7958
1009 8088
1364 6853
8448 4338
374 6813
7012 9506
9470 1872
5099 7625
136 9991
2665 5913
5940 5354
3188 6905
6269 1210
202 6150
5901 8808
6033 7217
8365 6367
7988 1409
1397 1019
9157 4496
7991 1409
2772 567
1931 6022
5805 6835
9500 1550
1832 4119
2424 4163
3059 3356
7067 5593
8674 7566
1885 1271
9529 8210
7657 2867
9069 5420
2121 9423
944 8932
6598 6904
7035 8579
4407 2961
7953 9315
7281 1450
5518 544
2803 5521
1799 812
5327 20
8535 3985
8447 9580
4466 8360
7427 798
9382 3285
4010 4986
3256 4205
9864 10000
9173 4044
7280 370
8869 9843
7594 5590
8333 1862
7679 4502
8997 8572
9281 9962
2554 2424
3980 4282
578 5494
7467 1497
9956 4493
6557 7624
4052 765
1118 4489
1083 6208
8761 4261
964 3860
836 581
5066 7481
6770 7175
7650 3209
5016 8790
3665 1159
1837 8115
1524 7581
3682 5854
5937 6721
8437 2583
8185 1205
6192 9298
1342 8633
8579 2329
1426 8813
4422 206
7999 2120
7172 5224
6845 4907
2773 9244
7364 3643
975 8747
2232 3859
8576 6066
7341 5712
9240 6219
3715 1824
8033 6953
5294 4041
2918 5020
3050 4505
9293 903
5108 3848
253 9486
3895 6807
8727 3674
7058 6641
9556 4180
6890 582
5607 9167
4449 7764
5784 5021
4910 7956
4641 360
2046 730
1364 558
3593 786
5326 2616
2022 827
3980 7482
6729 1580
3417 5772
1643 9766
1409 3962
4165 3256
3755 1968
2602 3580
1345 8173
2849 2146
4396 4430
4417 1748
3574 3531
3160 9932
9009 2690
1045 4543
34 3165
5172 1851
3227 1956
3180 6173
5764 7195
2840 2189
9025 9811
204 8809
9772 5823
3636 861
6658 857
9223 2941
3083 6613
3614 475
2735 2707
7341 9527
9840 4759
3022 6689
7492 5867
926 4404
1647 6282
2520 7897
3392 4544
4822 549
5771 840
3630 4823
5072 7835
8552 6357
5957 1809
5746 6434
9364 8925
1399 1550
1132 2313
9916 5882
6879 3688
8657 1980
9033 5792
2550 6619
5907 2450
1368 826
2739 7259
9328 3992
9559 7988
4074 5531
6460 4236
9900 7273
2749 9462
72 2966
2480 1815
9716 8013
9837 3841
2319 3369
693 4138
4810 9101
7484 8025
7905 6717
7565 8543
7042 2906
5259 7140
6116 2707
4464 6456
4606 3182
6823 2349
4899 1463
300 6095
2912 571
5745 2099
922 7724
4352 7361
6088 3751
4451 340
7867 8163
8160 1859
9608 5593
2843 6268
1551 1852
8170 7563
6105 9870
115 2607
8364 8852
7730 3945
9491 5393
9931 2448
5650 3735
3510 7132
5314 2872
3563 6113
8950 4800
2026 6720
4633 200
123 2396
3297 8647
130 5475
9132 3575
6527 7323
7355 4859
7217 3599
6393 2764
9148 1342
7640 8305
2119 5916
8476 2999
1880 6829
8794 7669
9616 7859
7768 5226
2132 8414
2908 6595
496 5331
4703 324
5001 8520
5191 6155
159 3518
7338 7545
8015 1943
9028 8651
7399 1198
8661 5036
5026 7454
2447 7726
3973 6884
2691 7131
6738 7978
314 7993
3312 6166
7063 5632
3811 8656
9396 5215
3976 7382
2877 3722
2640 8084
1030 7018
1617 2664
3439 7119
435 3506
2155 5902
7169 9148
6850 6012
920 8795
2874 2642
1698 5873
6304 2384
8765 2920
961 3401
4808 4527
1768 7499
3688 4636
8456 3754
5285 1640
2618 4678
2616 1357
9122 4410
3656 8291
8529 4462
4785 8776
9077 6096
8507 2301
4461 5210
926 3357
7674 329
5757 9455
759 6500
9364 5134
507 9153
5315 2841
8430 9555
7319 5754
9732 9024
4700 9772
8746 7352
601 2901
65 2825
9857 1506
67 3993
6675 5081
2180 1894
5286 5041
6992 8493
1229 5051
6150 6672
9892 644
1940 46
733 1372
5582 2495
7633 1250
6278 2216
3839 8799
7845 5993
6350 6749
7623 9607
8272 323
594 7423
6703 2850
7470 486
1386 7647
1105 9669
2979 8447
9563 8013
5382 742
1152 552
5892 7186
1169 1021
3307 4488
5011 921
6925 4942
123 7024
7641 7830
8633 9349
8134 4237
558 4561
3925 979
9556 3275
3970 5671
7522 5948
9515 305
8511 9023
2540 5002
4868 6016
4962 4078
1598 3701
8273 9659
4770 3660
2088 8783
6321 6297
3767 1012
860 3778
374 3042
7912 7537
2465 4681
5506 4222
5008 894
3512 9244
8488 2264
7282 7872
6601 5977
4007 3399
3413 57
9123 2862
3633 8161
7296 7125
4011 7835
1782 5299
9323 5597
1140 6151
9777 6173
3188 5732
5492 6667
4000 1275
9532 5654
7518 2398
4930 6520
3340 3325
1581 4719
4883 4292
3398 5866
1102 8111
2600 8297
7419 9661
5039 1122
5202 4197
6647 4255
2069 4608
9504 5567
3964 7589
145 9383
2930 2616
5223 9049
7238 9910
4864 8118
9062 5102
5901 1874
697 2778
8051 1109
7555 1652
164 5904
297 7637
2681 4796
1182 6659
6917 3297
4345 1158
4586 9727
8693 1268
8429 2609
5688 6590
8703 110
7634 6966
1651 4866
2688 8390
7345 2116
5845 1245
3257 5703
6802 3665
6380 1739
3246 4914
5318 891
4859 4333
100 4592
6182 9274
2393 1086
9971 4697
1228 363
1491 5720
4111 3868
8595 7524
999 3694
655 5674
4294 2241
7861 6966
6077 9912
1659 3431
4945 1090
1850 4937
3432 9084
4301 3485
7867 5562
1719 1166
2558 8065
9412 6337
5145 4247
8743 8897
516 5316
9088 9762
7229 9033
4201 6741
3979 7325
2652 7746
3792 7493
7526 3764
721 9209
4230 3115
644 405
8697 7953
4655 2417
1642 4158
8505 7023
4391 423
6216 1272
4952 8255
2884 6790
4861 6960
6370 5876
5890 6148
1683 6776
307 7536
9532 9671
9544 2781
5640 360
663 6366
3046 4099
2274 3329
6120 2733
6357 5652
1779 9426
5951 101
4479 2090
482 1228
7048 2462
1925 2333
4949 822
8037 9896
8147 7488
7878 5687
752 200
8934 4761
6754 4359
5716 6721
8108 8321
368 5958
3889 2611
3737 474
8776 5722
8452 2746
407 234
147 3138
7201 749
2377 6081
2854 4383
6043 1079
8232 5231
9985 1888
7784 2865
1780 2535
163 6547
2692 1508
4022 8487
3449 7586
9068 4715
3495 5795
5076 9207
1012 2186
7727 2768
7710 2315
6516 8147
9422 4348
4899 245
2016 6023
1049 6649
9674 5937
3917 4170
9331 9709
9988 4866
6290 4250
4626 5933
6884 2788
9887 2695
4622 3312
38 6517
316 4270
432 6064
1051 4261
7510 5021
4851 5028
9949 649
9056 9460
1440 7517
8553 8409
3624 2056
3840 6701
5564 4797
8586 1503
249 3103
6110 7453
4890 2007
3106 8777
3943 1402
9852 1835
8879 2181
2807 2349
2185 5063
718 8546
7483 1753
3671 3668
4065 5394
2226 2036
211 4920
603 8775
9072 3785
2703 8099
5586 3476
6732 3220
4915 7416
8545 4597
19 8123
3136 9759
3438 4699
8577 9029
5352 6121
5999 5583
4304 4405
2449 7954
1221 9439
5677 9267
9092 1605
5818 885
9489 9604
2696 9103
8184 2551
5212 5802
5636 3492
4436 3129
9426 3898
1718 2765
4490 9396
258 6888
4709 1776
2645 2704
2816 2295
5304 9834
2860 2677
1217 8486
6864 9243
9082 1913
1919 3711
7616 5547
8961 6738
5968 1697
6653 9755
2517 9927
2472 6501
1650 5343
4805 834
4523 5555
6925 450
5214 1718
2871 2439
6063 1120
7885 6438
8737 3101
3537 2314
6666 7893
2864 2833
6841 2647
2373 7802
7450 9672
9245 4868
4242 4226
4607 8541
7111 7566
7479 4402
1300 382
2134 4811
3456 7621
6943 3384
3161 1666
500 1742
5694 3935
9705 3843
1737 1027
5111 6156
6671 3969
8969 7501
1313 6247
2075 2126
3647 7292
7101 706
4414 5410
273 793
8045 3259
4817 5493
2628 645
2431 8822
1535 5779
6303 3823
919 240
3500 7189
2145 1261
3910 9442
1196 7591
5560 2406
5229 2080
7371 2247
7837 8536
6223 5585
8876 1680
9950 5674
3910 7475
2380 9267
768 5491
9952 2780
9279 1829
3391 3868
609 7755
9371 4408
9396 5453
4466 5735
8770 9724
8018 9213
6521 2797
4805 4881
4914 8676
2415 267
7668 9937
6791 71
5952 6984
5000 1265
9941 7783
3428 2863
1650 5328
972 4930
7665 9828
3241 2718
6043 9513
8602 8914
7541 9639
2063 8364
390 480
5637 9056
2979 460
5133 8115
5582 8569
1108 2725
6881 8672
7568 9008
7078 8374
7600 8719
2663 3148
5058 5322
5242 4822
4075 7701
8965 6250
9760 840
7448 2255
2993 1976
2854 3450
9089 4902
9012 3383
6325 6745
159 1820
4603 6755
4576 3448
6333 9576
9601 3448
8148 5723
777 9301
9244 2390
9038 9320
5924 2041
7786 4420
9966 9655
3371 4608
4155 1381
8491 4736
3077 7135
4037 2106
5231 6812
8690 7133
7929 4573
8945 9169
2214 734
3933 4789
5297 5474
1081 1997
4429 9327
2742 4476
5950 8321
932 696
741 6552
9601 8033
5967 6934
7437 3357
4090 4038
1846 3853
3913 5392
6013 693
220 4129
1288 7421
2018 652
9635 4022
9395 3259
2924 1738
1987 8032
5920 7455
8673 5014
95 7214
3139 4270
4577 2849
9054 1563
5921 1516
6781 2257
976 7894
7645 9607
1693 2555
7389 3957
7818 2288
5616 5199
3503 9443
2614 5687
4114 3236
6487 2201
8718 9363
7930 774
2827 2618
3264 2682
882 9752
6526 3435
5370 8749
8568 6387
5703 6094
1771 5730
2632 5743
8867 5364
3251 5947
553 415
8755 4130
111 958
5321 2148
6621 8040
8928 5147
4910 246
1978 7937
8276 1156
218 703
8504 8845
1414 7267
1573 7287
1792 4646
5647 1214
3786 6506
204 5443
9297 7101
6861 4328
9640 2661
3251 1713
5083 4448
305 4705
7514 8855
1574 842
9499 1374
6590 985
7294 7441
9943 1938
4567 8459
8397 1664
7077 9979
1168 5872
1465 3376
9297 4282
4357 3485
9931 2029
8159 5719
6353 5169
7901 4783
8670 2437
602 8187
6524 6487
6895 1532
8097 7674
6750 5515
774 9235
8534 6797
1022 7337
1397 7872
4343 5152
7032 4414
2946 4088
1830 9149
2988 3981
8751 8724
6362 4098
7934 2030
2678 2569
6568 1189
1772 5560
1229 2557
9442 2089
18 667
9575 6841
3084 8841
8755 1821
1095 1186
4637 6467
7804 2786
4616 4492
4742 3716
6273 880
5778 1468
7481 6205
6298 7792
487 9503
5985 8239
3514 7937
4240 5274
8560 6220
2225 5221
7328 4631
5168 910
9385 296
9052 8673
3969 3523
4612 1424
4950 3861
8035 3231
3210 1690
2987 383
9363 444
1916 3683
2076 3148
2354 2562
4918 7180
4559 1017
975 6145
1657 2684
9908 2137
8594 411
5729 6411
4481 8088
8098 5054
5677 6776
1480 6963
5798 6858
5476 3880
7518 1089
4200 7679
9176 782
1032 6281
4608 6062
2327 5574
5374 6532
7778 1270
1054 4892
2562 6637
8335 5361
9604 5130
7400 6650
6919 553
1006 5846
3848 6781
2177 2857
4241 2826
6910 997
2531 7076
3668 6008
8651 1935
9997 1143
1246 5096
5947 864
3797 5466
4580 3571
8939 9744
7074 5897
8664 1732
1962 8855
7150 9333
8253 9635
6590 2755
7914 7334
9674 2163
9181 8822
2241 2855
9780 112
2010 6376
2345 2311
7463 2806
445 8580
3568 9568
1504 6943
1646 4297
4209 1057
205 2832
9795 7834
2910 8984
3481 9823
1009 6148
482 2608
5591 9904
7665 2369
4745 417
3045 1795
7944 2011
4693 4824
3926 4566
414 2887
429 2155
102 5961
8779 5736
3682 481
4660 3049
676 4109
5195 5361
8551 4316
7388 3424
49 5039
4817 7003
4656 6475
2678 7723
98 659
3209 3604
6969 7089
7093 8197
8952 8672
362 4969
5861 7036
7317 947
2940 5411
327 4258
9637 1651
4562 6573
5786 9984
7270 7516
6395 724
5660 3830
9627 1099
4605 7248
3054 7321
7800 7480
5490 9732
8768 4945
8149 7929
3689 2407
7349 9620
5212 6194
8468 2233
112 6204
9879 1063
9534 6512
8026 1490
2550 1381
104 1851
4218 3581
615 5304
1876 2678
3794 6752
2451 3714
4055 8542
1803 6501
922 7221
5452 4176
2965 3143
3690 2947
8615 9866
9313 4245
5134 6322
9060 8841
229 7825
9566 4449
535 75
6114 4410
1774 8497
7854 804
1879 6274
2651 9975
3880 4911
8855 5031
3302 9964
7181 3199
5000 6392
4436 8544
7024 6308
2636 8905
6785 9015
5877 5027
5502 1297
9362 1637
2542 9919
1575 5995
9631 4624
4936 1484
46 7358
4544 1452
3725 9079
9947 151
1447 5817
8531 4323
6817 6779
5178 3471
5112 7498
5915 6052
753 9077
4901 9538
5648 2071
9870 5042
8044 4790
2786 4796
1792 3904
298 3697
4140 8100
8351 8090
5695 879
9258 8602
4092 6873
8002 1126
6665 3851
7687 4363
3023 7218
6451 1723
1819 413
4873 4728
5108 8545
9621 5606
7402 3247
9706 3266
6423 452
8493 4073
7479 4091
9850 4019
6771 4418
1289 2675
5830 6482
6234 8262
2933 4584
7239 8089
9493 9771
7349 7003
9057 6861
4146 1739
8160 1861
671 6104
1538 7733
5695 6196
4351 7232
6108 8522
2005 8212
1270 2476
875 2878
7161 7852
6020 178
7756 3252
8692 6510
1069 2666
6765 5575
3531 6519
8738 2302
4728 7300
5737 5164
203 1950
1602 2748
6194 2094
8993 3696
2070 3280
5961 5760
5734 4139
6889 1313
421 5040
4425 1043
9551 3576
7156 7418
7484 2735
6278 483
7905 9832
6627 4587
759 5420
3764 5801
5949 8209
9350 8680
2675 2980
2612 7315
787 1661
4643 811
8577 6935
5395 8358
4814 799
4895 7347
3596 9226
140 3074
38 4690
3685 2784
4433 7304
5157 7521
4930 485
4149 98
4509 302
2214 1925
4461 5987
4817 3109
1193 1779
8777 2671
3970 2586
3691 2213
8357 9199
5889 5526
6793 4845
2986 3562
4716 6879
4639 3550
9056 3078
5170 7297
4156 6800
321 6744
2893 5074
5892 56
3974 4099
2834 9925
6487 7339
4644 7885
3833 1547
6065 3970
6230 4835
4029 2729
8175 5671
7179 5601
4948 8024
3926 1095
9648 8264
7283 1021
7628 8338
9800 2362
596 1686
9978 4142
6577 7221
777 4613
3659 2488
1460 3510
2067 7095
9264 6192
192 3985
1515 1446
2995 4945
9684 546
8784 3340
9246 2034
5047 9530
1288 4168
6302 1647
2630 8611
4462 2098
5816 192
8380 7546
3083 5289
5059 2438
3243 7824
1109 3712
5267 8417
8581 6577
9508 5346
9354 5512
8823 564
1970 227
5958 1108
6576 9859
9845 4274
8788 9172
6674 2534
113 8463
5197 9167
8379 5082
6499 4105
3712 1268
8589 4685
5446 2022
7430 8146
8953 2828
1985 7667
4091 7402
5288 14
8172 5260
9525 487
2856 3441
3416 4178
4545 6516
8055 5948
3281 9085
7559 272
6731 8842
8178 7577
1837 7670
5307 7619
7908 9085
1020 4458
4733 5572
8992 4374
7725 4680
2543 9640
5978 2334
1860 7487
6790 8433
7955 4812
9136 1330
2578 6552
5270 8909
6192 1247
5856 9804
9884 187
213 7185
7861 7206
2379 7827
3294 1611
1962 9078
9066 6673
256 5340
3766 3163
6849 8497
8694 8057
3293 2381
6614 1500
7213 3079
7253 3902
2578 7646
7471 3026
3858 5380
9928 9975
8375 9805
5401 6266
8232 5242
1798 2991
4737 7071
499 9230
7969 9611
7100 7467
996 6814
4926 9009
5127 4993
3393 7652
7675 9392
1169 5233
2285 9737
7132 1210
826 4522
3807 1612
4132 5857
7292 8357
4581 5843
9072 3942
2270 7091
7232 3879
9028 160
4634 8118
1079 2641
186 6040
7800 3219
5661 4578
3541 35
2672 8829
8666 7236
3463 8416
2032 5615
4756 3335
9887 5777
6417 9830
4725 730
129 8151
7602 4797
3444 8308
6971 4043
1927 632
6635 3713
9465 9360
6109 4289
2351 7735
530 3719
8446 8503
2300 3493
2626 2391
6883 8663
2348 6888
815 1046
6319 5820
4015 9876
4267 580
7275 792
8196 5512
1989 7777
8547 2792
8543 8877
5321 765
6937 850
5370 7769
5501 8896
4446 1477
4932 7121
2972 9191
6453 5432
5467 163
9540 9958
2441 257
8990 692
6262 2572
477 7375
2309 7667
7335 3238
5645 1556
764 6446
5591 201
8558 7071
9413 2364
5687 9689
2654 3107
452 9141
2448 7633
4912 9119
7131 7787
6564 6859
7203 2216
5311 7235
9259 4303
5741 2159
6842 7751
6572 4960
8892 5742
306 7782
4525 6749
1902 4150
3381 7222
4599 3661
1874 9545
7335 8499
9953 8033
9543 4119
5812 6605
7554 5224
1909 6407
4529 4299
7829 1199
1051 7741
6640 3965
1588 2952
5302 1463
6661 141
5483 5076
6613 6414
5921 2307
3661 677
2173 2834
2724 7510
1693 3584
2009 3274
270 7503
427 378
4231 6021
9083 4543
1339 7718
5864 4791
6902 8613
2097 2754
2939 1951
3227 8768
7715 1700
7838 756
2673 9589
6404 8796
9104 4920
1997 6269
632 7357
3250 7666
7264 466
4662 628
6046 2222
947 2107
1128 3954
1050 7115
1145 8242
3299 1711
4328 2015
9748 6323
9210 947
2264 2911
6430 5570
7086 8215
9859 5329
5066 71
1918 8382
1078 3810
5951 6796
4160 4308
6569 771
8913 4589
1792 8280
3307 6250
6786 3240
8390 8151
8157 5257
1003 5609
5793 3929
1716 9828
4785 6717
6457 9666
6653 1106
6307 5734
6905 9483
6906 1829
1471 3754
626 3045
1689 9853
5431 4091
5128 7124
7155 8600
199 8317
3174 2505
2255 533
6191 8290
9690 8728
365 3554
4366 9629
9886 8283
2662 9891
6744 6830
5005 8230
7292 1778
7365 4805
9674 5924
5387 8263
132 8060
9495 8628
3049 7940
5523 5600
9040 2499
585 6837
2012 7001
4664 5375
4511 3939
7736 6595
727 5189
7055 1767
868 5202
7919 8062
1149 32
3028 6958
5192 7894
9814 63
5375 9493
5095 4875
1875 3766
8465 2426
9592 5425
4215 2860
9630 5037
1594 2687
3054 5748
9789 6815
7049 7807
5111 1478
9042 25
1987 5366
9989 3764
1852 4901
1333 2110
7622 9136
5855 6535
3526 8371
1265 4879
3982 7572
6997 1904
488 2809
7453 9293
3841 6096
8073 3364
3346 3221
6480 566
4694 784
5823 3242
5843 4482
7320 4721
4905 3559
2502 3631
8656 3162
4950 4653
8215 7685
4474 6698
9680 9963
1304 4510
8203 8241
1343 2903
8722 4189
6142 6019
628 4744
7333 8122
2620 362
5471 9187
9291 728
9298 3335
6046 8042
6364 2895
4115 8444
9080 4810
1001 8326
6393 2847
4939 9020
9908 4959
9877 845
3412 9582
1377 1676
7294 4859
8007 7468
7048 2786
6592 5278
4159 5156
9588 2978
9739 3228
3289 7923
4091 5228
8668 9199
9361 6758
142 8802
2271 1039
6309 1208
2927 3514
8393 6797
6920 7283
1070 7654
4817 2733
2798 1962
8196 3277
3367 551
7974 8860
8203 8848
4031 7060
8962 1882
1828 1440
8853 6044
2752 7903
6507 8764
5220 845
9631 1247
8525 1465
5724 321
665 8528
1513 2916
6595 6734
1975 3933
9472 3320
3525 9114
9224 2239
6629 5202
4319 3161
1003 2798
9597 7050
1380 1469
4814 6304
5705 6739
8700 8931
1536 8972
4212 740
7263 9163
5772 1134
6249 706
93 5752
5131 3429
7819 5509
2843 7911
5667 4973
4890 2491
3051 517
2577 361
4583 1170
4954 6246
3309 8477
8937 9558
7740 3883
5016 5995
6349 3717
4084 4298
6541 1083
6417 6970
5434 2228
4537 1677
9018 7610
4637 8451
2818 2614
2596 8271
8730 3334
9386 7575
2102 1893
7939 1618
1833 7341
5534 3805
4310 7956
9682 8745
8283 6261
8733 8839
9988 176
4300 7586
3724 8952
3421 312
5527 7339
7196 6322
865 3146
9120 3135
9067 9737
7806 2202
4952 3490
3909 8806
8419 7346
4931 7444
8953 8096
5277 9884
7243 4061
9646 2929
3766 9320
2922 9813
622 9657
7178 1347
394 6906
7023 13
9113 5664
3038 9706
4065 829
3502 1029
4152 9675
4138 162
6814 200
208 804
6988 4429
4115 3180
9511 1517
7353 3487
3230 5536
6885 8249
9117 237
1364 4996
210 1080
6262 5207
7323 5135
9267 8883
4485 2567
2819 1418
5616 7611
5397 8034
4733 2634
6076 6765
914 777
9576 5381
6780 5429
1466 7885
4852 6764
4452 8559
6614 6530
5384 2439
7898 2829
9225 7885
5212 1955
6512 110
8038 4315
4373 8025
417 3676
4201 4800
2033 8626
8541 3613
6176 6781
8110 6753
6466 4987
6644 1824
3918 5563
669 9271
4343 309
758 9339
5840 5971
5712 95
6495 9366
4445 6550
5744 5535
8826 5464
5404 2403
9694 9446
563 2186
844 1154
65 3179
4412 5574
4544 2919
4968 6537
4155 6533
9735 8436
4098 2922
9253 4982
7297 178
4240 4568
9563 8504
2220 1253
6682 2925
6467 3064
8333 5505
6411 3254
4998 1767
1885 724
172 8681
618 1469
4070 66
8457 7451
5465 726
6145 8286
113 3083
9090 9796
5737 4355
4761 5
2920 8421
5903 869
5178 5946
8277 5167
6987 387
1112 1688
7714 9554
8217 4007
2333 5215
4649 5954
4030 3851
2482 695
9971 1895
319 4281
5976 6857
9745 8031
5993 3015
5680 6819
3572 8367
2390 8225
9198 6145
53 3899
612 9275
4321 1488
3253 7305
6174 1345
7496 4854
1476 4949
9548 6540
4222 4683
7544 4244
7613 8528
2937 6150
2659 1559
3557 2742
2193 2056
1487 4044
5384 9597
9035 1142
5923 7512
8204 4320
7507 1015
4993 2446
7798 5277
9447 7696
4397 4108
7483 6430
7621 4967
306 6686
1516 1578
4160 45
1227 297
992 1854
7987 1523
7561 1578
8245 7356
2183 5417
4445 2910
72 3265
8275 4674
7905 7359
8839 7713
6833 4283
2186 2682
8383 770
7795 7782
2985 1867
960 3230
9418 1107
9468 3710
7165 432
2333 6422
3914 9893
7221 2277
1425 7817
7034 7599
7985 7410
6580 2808
5462 9446
9056 4861
9409 7381
8780 3186
6504 8939
4751 2692
7946 6539
1220 4621
8936 827
2636 3664
6793 1377
3404 2127
8268 6148
3953 2105
5291 9128
692 5895
518 322
5112 1549
1380 179
3838 3746
9721 1475
1435 4628
4925 5939
206 7946
1257 228
4955 976
7404 3821
3459 9698
3810 5909
7454 4672
4290 7049
5146 1570
5965 5475
2628 3605
7604 7623
1342 3298
1195 9450
9741 81
1083 1228
4827 5334
3649 8061
3610 2658
1793 4979
3952 7340
3833 6498
7262 306
6411 7275
3386 8379
9768 9662
808 942
2600 4790
6900 4401
5270 657
181 7226
1551 4180
3461 8323
1701 2957
6655 7813
6169 2157
7435 152
3807 1587
825 6930
9665 7312
18 2704
6321 579
5909 8581
3696 7849
9998 6539
1511 4143
9641 4711
8532 5133
359 267
3496 6006
1939 7834
1675 9469
34 1828
4131 231
3393 5780
9666 6824
8749 9407
639 4352
6350 916
571 2400
6390 8499
2900 6995
22 4567
3687 6063
1185 3734
7233 7104
6622 662
8402 4147
3640 1663
7727 9183
7783 3787
7844 6607
8022 3554
4778 7892
5028 1295
1614 8220
790 8145
1243 8968
3780 3198
5307 9706
2848 7638
269 5376
4082 5077
8462 3652
5882 4119
1827 2501
2192 6285
1853 3530
5601 8677
3048 7517
7073 5528
8593 7490
3679 7950
1046 166
2499 9790
2440 5404
7191 6613
4484 7367
9425 9794
8424 2492
1595 310
7243 8580
6925 444
4392 108
9927 1820
7200 2317
4783 993
2097 8012
277 2682
5148 9963
5982 4140
6253 1955
3670 6940
5663 197
4071 2
1025 9858
2686 1523
152 6257
8243 2857
7347 3378
1288 8237
2278 3746
5974 8866
8112 4650
3966 8630
360 2953
1634 3098
9676 6349
3144 617
9370 4472
4461 8692
1116 9721
2216 1901
9588 1177
9718 2905
3453 3059
6542 4721
8037 7605
5233 1421
2340 7781
5843 9833
7238 9355
4339 9051
4216 7091
5784 3019
7354 5373
9622 5287
4286 9219
9100 8262
2764 5996
2579 1245
3508 3902
6497 5815
3894 2789
4331 8179
7493 1449
9151 5634
30 5369
3027 2105
1300 2177
9277 7998
1881 9388
5212 7531
7666 5649
1393 5082
9262 6733
9767 5174
1194 5213
8044 6343
348 2487
9647 4616
5348 479
7897 4513
2362 5798
81 5897
4673 4447
672 2640
2870 9282
5143 6179
6864 3581
2217 4622
9337 5762
7742 9746
2768 1483
1332 3513
5600 6716
9395 3935
5902 74
1959 1753
1466 9767
9172 1621
55 4433
3577 5586
7092 2621
7898 5448
421 4621
216 6377
239 888
2006 4053
8315 9797
6430 3770
386 6359
5648 4785
3679 1150
2130 1927
6372 4482
8026 6788
3370 934
8317 9672
3796 9688
540 1862
6581 4464
3240 3782
5556 4339
3148 2624
4061 2669
963 3782
7426 552
6996 8534
1775 4991
9388 976
3387 1228
6439 5755
112 5579
9819 8536
1884 1560
4204 8808
3090 3696
8921 124
9985 1545
1553 9626
8426 5442
3620 5487
2119 4382
3490 8652
3338 1760
3369 917
3233 2480
6112 9153
12 9132
1274 5486
8015 6066
5760 4435
9767 1355
8077 9192
7436 8799
127 787
5249 6473
887 2618
8177 6757
6104 3032
3737 1710
9362 5827
8924 3048
5279 1892
104 3401
6674 9891
1053 8785
4189 5731
5259 2443
4692 4120
5597 9017
7353 7754
1976 8445
3523 3499
7685 788
3156 6151
6661 9385
3213 7671
7023 6035
6650 8182
1293 7275
7665 8447
2112 3574
8455 32
4668 9170
5624 9392
6230 9724
5566 7857
882 730
2255 247
1113 5985
9896 1033
1784 5147
9746 6404
6316 1558
383 7796
4544 6162
404 3869
6580 7434
2221 3741
5019 7763
9777 3443
6645 4325
766 996
6996 4811
6269 5266
4884 2026
7516 7460
1005 2
2093 6872
1148 8468
6020 9925
2972 3118
6118 8439
7434 4457
2581 188
6194 4365
6337 9727
1489 2100
361 3227
3111 8923
7432 6581
528 2518
5657 3045
5598 6488
1349 2121
7111 6697
2595 7154
8971 7638
9788 7619
7959 9775
5545 8168
2931 9427
7220 9820
2118 8153
9143 3121
7734 4515
7680 540
4972 5604
9484 1657
4778 9398
8981 9031
2085 8514
8842 5691
5096 448
5041 4764
7653 6880
489 2255
5971 9967
3572 5105
8884 3234
4308 652
1833 4881
4790 3238
6362 8635
5005 4820
5244 4983
134 823
57 9446
5684 118
3900 742
993 187
447 6907
6061 5483
2863 2823
551 4718
4052 7674
612 3604
9140 5903
4675 3837
1262 9628
8821 1330
5574 1032
7796 9435
6263 4287
1251 4088
8586 3226
2432 7436
510 7367
8525 7365
9200 2927
6848 1547
2173 2688
74 6518
3118 4622
3157 1945
5472 9348
712 4447
1460 9610
2437 4121
3340 4385
9936 4775
3348 1305
7805 2874
5264 3624
5285 2238
1794 1402
9355 5192
5035 5163
9533 4374
2037 5736
1630 5820
7182 2868
217 9209
9656 8945
8837 759
2767 5192
2210 5178
7946 6790
5875 6468
4756 5522
7144 9687
8044 8512
1822 3454
1543 3238
4561 4349
2032 2081
6451 7314
587 8882
268 881
9902 4247
5015 9014
6345 6661
7018 3411
1203 9659
391 1562
2510 5059
1715 3792
4388 6043
5739 8662
3659 9340
9035 6077
945 4241
9058 5016
2597 7047
8717 8632
5229 8857
6082 2105
9192 6768
547 1166
1282 5530
3912 8257
618 3523
2494 8790
3180 7744
1517 5353
1292 1638
7668 6033
4561 5640
8458 1331
5552 1113
3359 8470
253 8503
6060 8828
8679 8245
9620 8000
8542 2651
3887 8778
1538 186
2496 4138
4867 868
9199 7334
6512 6927
2559 310
1269 803
5997 7297
2173 5134
2489 7416
8263 7337
4331 8042
6600 3325
2598 2961
5650 1724
6046 5531
2854 2887
2640 5400
1289 4715
7406 9165
427 5866
8826 3241
1645 2472
336 2261
7723 1234
4504 7615
9370 4115
7788 9836
8471 7590
7231 4475
8499 2918
4005 4727
3028 8440
8945 9675
4735 7793
9772 3440
9680 8243
8212 2138
2367 8247
2936 4449
8933 9845
8942 2543
6013 5253
4314 378
6074 7255
4041 3698
7150 9130
4917 2399
2818 4429
4467 4490
3657 2614
4786 8315
4315 1495
1313 7466
7136 4899
9228 8604
2244 6507
6355 3540
7090 685
1849 2734
4567 3574
5772 693
337 7662
5591 7961
2000 896
1815 1069
6941 7130
7103 7655
443 252
8618 1824
5590 4870
8453 9014
10000 5158
697 7069
682 9129
413 2156
715 3420
6054 4638
1079 9175
5040 6335
801 3205
6773 8189
823 1589
6804 8442
8855 3201
9808 9255
48 3121
9320 2830
3650 4321
9010 4227
6178 7420
2263 6850
6778 8728
4240 3824
2762 2078
2751 8554
7292 9526
5383 2486
2271 893
8469 8353
7793 8184
1414 2671
5302 8960
6007 7156
387 5952
3136 33
1045 8994
8668 7463
778 1195
4004 5421
4966 61
1893 622
6600 752
1361 7845
8061 4622
536 2243
4082 6207
3655 3742
2360 5943
3722 9235
9489 6409
3473 5958
3795 965
9015 1995
2997 7532
2533 7974
7780 5495
3184 8174
1066 6226
1539 8776
5466 6015
9299 7575
8915 5297
9083 6338
3538 8363
6561 2097
7470 4868
3209 692
9735 9505
7420 7680
4888 7780
2598 832
2300 5559
8434 9190
8681 7614
6756 3266
7715 1874
6200 7819
8881 5058
6066 316
7787 3577
2585 4826
5879 5858
3447 5475
1893 8999
3253 5532
8767 6314
9181 9550
5206 5890
8596 5408
5857 9811
6740 3169
8984 3077
5336 720
5548 5287
6365 8047
4313 5713
1003 85
5088 2514
1531 6812
553 9102
4847 6342
3206 5121
6463 3845
3455 35
3380 7667
6366 6646
8566 4763
9696 7710
37 4935
2031 5517
5926 5620
1621 6540
8478 6170
7091 5443
2624 7478
421 6861
5589 6403
4555 2464
7631 2564
2793 602
9661 8817
9587 8759
816 881
7774 1692
5889 981
6365 9978
4230 9598
7996 8292
6971 4407
7719 1470
5752 6121
6444 6886
8610 5478
7661 5322
4348 5265
1470 9998
3368 7700
3920 5971
1520 9547
2606 6646
7002 2542
281 2905
9133 6970
8076 5394
4075 8880
8615 4017
5996 4448
2700 6169
5919 715
2924 7179
8139 1714
3819 361
2905 2240
3146 8004
2523 4095
6247 1275
5324 4715
8312 9358
2393 1720
4531 4104
4025 8953
5303 2663
5758 9399
7019 6872
1717 3292
9831 9182
3721 8433
9333 5685
1583 3231
7944 1062
9002 8408
188 1066
3216 1932
7006 5268
8365 8976
5293 7406
5648 6464
2881 6347
4336 4253
6384 2778
6027 2645
8525 3758
669 939
97 5539
1684 8391
9526 9149
9491 1087
1423 1825
1277 480
5086 3043
6026 8066
1380 4569
1958 6682
7696 8048
5583 5763
5702 805
8409 3132
8225 1951
9210 6723
6323 6356
602 6115
5219 1834
9647 4157
1535 8679
2596 2492
7039 7773
7161 3188
2138 1763
5284 7387
8390 7654
3167 6089
3122 7348
9280 9241
633 2565
7860 7629
7999 9087
3620 135
2044 2749
5949 2615
9955 1138
2506 1903
3743 7283
2923 4302
654 3258
6212 5337
7531 6168
3274 8900
7801 5166
6767 6147
4239 8462
1044 785
2502 8673
3785 9671
8447 1145
3676 7652
6433 8133
6238 59
413 3989
7634 9505
1519 1551
4890 2970
9762 1408
6862 4913
8228 6492
29 1293
1421 8248
2757 1892
4985 5930
1014 9562
5716 4212
6379 5870
4874 1775
1614 8046
4699 4791
3101 8082
6475 7958
9261 967
4839 3905
7006 8528
4839 9484
9721 9486
6526 8226
3662 4062
318 328
2242 907
2824 1001
4585 4412
6182 2228
4128 320
8693 6630
1205 8843
5413 7452
464 1086
3169 5819
7966 9880
477 48
172 1608
1616 1218
7983 694
5582 7401
2855 2035
3275 6479
787 8090
4817 2218
1208 204
1117 8347
4185 8845
3536 8514
3786 8764
1104 1004
7953 5856
3582 4109
953 316
8436 7519
405 5089
5312 3034
6853 8862
3391 2550
5310 464
9182 6384
1587 8555
4416 1698
5141 1464
6740 2253
2645 4252
3683 82
7911 587
7820 9930
6373 2132
7262 1960
6966 5557
4271 1
5275 5655
109 4301
2633 4167
8209 2562
5284 8074
1225 7650
6160 951
1016 49
4258 7951
7791 8737
9841 9930
9703 1687
6239 3883
2496 8357
1090 5437
2961 1099
3892 1584
4003 1160
5927 4596
6284 6967
2393 6337
8732 3543
6703 4630
3520 6880
7480 5444
1488 1677
4043 5747
8906 9200
9913 6186
6580 4817
7763 9296
1526 8692
7342 6839
3441 8947
7491 513
3757 4045
5247 8664
9015 1459
9279 8059
3281 2513
9941 2155
570 3568
2145 807
144 5921
4138 9920
4416 6280
8484 7202
144 5090
5417 6168
4696 398
168 5444
8760 8405
2299 2400
6055 3112
5721 9006
2731 5947
1338 485
8201 5576
4791 7735
5086 9150
4463 6802
2931 1407
2930 866
858 159
1630 7283
4229 7254
6580 1624
1126 5400
5025 8809
8467 9310
9682 3408
9691 5437
6912 3854
1928 9215
2446 171
4315 1863
4124 9999
9942 337
2187 6514
13 2253
1021 7121
3564 7807
9877 5932
6252 9883
7521 9316
1892 7086
2452 5012
1901 8444
9722 8574
4603 5646
709 5022
2074 3686
1136 7057
1709 6162
6796 9327
8436 4322
6038 7794
5626 1471
1367 9646
7748 9386
5388 4614
9639 3959
8299 1483
3760 7595
5050 437
5178 3361
4750 9040
9042 4084
3923 7877
2176 6347
1472 3560
6336 5028
9246 8412
74 3671
1130 24
3839 952
5507 7673
3366 4508
904 6420
5573 1328
5966 5594
4215 3566
4678 8219
399 2628
701 9939
7023 1607
8864 1518
2177 1959
5288 6885
9519 1197
6742 5415
4936 5749
4694 2406
2836 2346
8390 8839
3060 1413
1052 7848
1451 7470
4811 8036
7278 8086
2174 6391
4502 9411
8951 6162
1750 3060
8574 9724
2654 920
6429 3562
5442 8381
8489 5327
9859 8585
5690 3522
1375 241
3839 2676
3508 308
8901 6347
1867 4660
2202 6048
7427 3572
8434 555
25 6109
3462 6706
2379 5962
3585 8325
9738 8509
9322 6702
1893 6215
69 6486
268 307
1378 3403
6729 4090
8023 8468
1750 2403
4237 522
2081 9158
6209 8594
8237 2910
2264 2425
8379 2010
8928 6864
157 4451
1074 3225
4412 1654
4378 9800
5499 1284
1724 5810
222 2854
1000 2530
1687 8253
1008 8617
6563 2391
6869 6258
1251 2833
7600 9428
2813 9675
4702 7671
1888 1852
6456 4666
3443 6662
1950 5382
3163 8877
3207 4935
3289 8886
3165 7082
5183 651
5754 1008
5076 5858
3291 6576
2156 7214
108 437
3109 7738
2231 7677
104 5403
9995 1404
6782 8447
7556 2876
3179 7778
4941 9386
3888 4322
8293 6235
3029 6957
750 797
8326 3954
6970 1944
3269 6137
7935 2611
8996 4292
1634 4741
4866 4036
6409 9497
428 615
6630 3896
8631 811
1906 1090
6705 7245
8610 2999
3682 5441
8218 1176
1090 2393
7051 321
2672 8597
4552 8181
7771 9593
3762 6207
2328 3885
2936 1894
3201 4448
6926 2284
5899 6877
6918 8057
3187 3773
9295 743
4330 1223
9686 3995
3755 9488
9562 2981
2651 8613
3970 3312
7021 456
9767 6992
5824 4065
1331 4746
2853 8468
2356 4225
4009 3629
5857 7838
376 8247
5842 6942
3452 6229
5417 2570
7910 7034
8837 1622
446 9879
8543 1882
2360 1764
1717 8921
6062 6302
8826 2450
6261 7000
7092 6998
6575 6542
4591 387
1254 4206
854 8139
978 1097
6015 6537
9381 76
1213 6713
3948 2904
733 4543
5439 1308
4577 2262
6590 1708
6904 1231
4484 9107
4730 3482
1777 6270
6026 846
2263 6811
7951 5096
2430 9848
5046 1968
5087 1576
9597 7548
7794 233
7332 7987
9584 5488
222 4778
7385 1040
8406 4663
6785 6011
3999 458
78 8316
8121 6058
3803 1589
2127 5731
7342 4644
6128 1942
1896 1998
4213 4038
9497 754
1359 1672
4707 1889
5978 9047
740 1770
9348 8835
8015 9841
5991 5573
8935 9456
9489 4509
739 84
6719 6388
5525 7029
8220 8819
9399 7518
5240 7227
5768 3522
4161 2156
779 7967
7721 1307
5215 4469
6902 2372
1001 4392
5683 3118
4652 3058
4669 62
156 2945
8734 3825
5290 3734
4283 1194
5050 7874
7202 2181
7630 7016
9507 4097
1458 242
7644 491
8710 1475
9384 978
4604 5164
6194 10
5287 8824
6806 7159
2665 4806
1465 5944
2223 9517
2789 2391
5696 9197
1250 8415
8934 4033
2863 354
8590 2187
6806 6579
8252 3338
9292 8432
9633 9580
5889 122
7936 6913
1696 2677
8777 3042
5696 7314
8418 4987
9082 5400
3749 5949
2028 810
2928 7113
1341 7612
7355 2051
2977 3349
2719 1807
4456 6867
4888 544
5236 3230
5428 9138
2835 6884
105 5944
1003 827
3979 1873
2542 9342
7905 695
1238 4007
6971 9784
2596 9050
8306 2133
637 3028
1943 5752
9991 8264
1330 3740
1939 1936
3594 1417
1090 1593
1811 8702
3036 9765
9334 5814
3313 9923
2092 9913
4112 9290
6270 6597
3876 3106
8267 4485
2593 8984
6118 3953
1579 424
241 4051
4887 8408
397 1219
9546 6311
5188 5465
7748 2409
1950 5999
6588 3549
9461 1180
7290 8206
7296 8310
101 1004
8119 9419
3620 6083
4539 5448
4854 4307
9298 5012
4129 625
8993 8264
2610 7084
4791 6593
1032 331
1107 9401
3830 2977
8248 2418
3909 3800
4679 8346
4034 4367
4635 3586
6338 7588
8749 6108
3398 8409
9776 4022
219 2937
2588 8537
9414 8149
6566 6066
8353 6700
3345 2383
4595 4739
7968 758
9285 9435
4031 1197
3577 196
7431 9398
2618 1941
1607 5407
1466 9628
1609 3971
6783 9117
4079 609
6010 501
3417 8280
2346 4699
894 2858
2955 1792
9221 1808
5518 3168
7588 9954
7284 9742
6704 3086
4592 5706
594 7844
7399 4462
8100 1678
7192 2268
1324 1081
5379 5660
1546 7484
9233 1621
8103 6077
8154 1175
6807 2573
4048 1482
9765 331
9735 3577
7438 3768
6952 9200
7556 3258
2167 4666
3636 9323
4782 9407
9717 6040
2078 7082
3380 8889
8941 5385
6069 8556
5779 7207
3163 7097
3685 5193
2591 9204
7200 6887
9838 7263
215 1625
3993 4517
6105 5537
957 9914
5488 4394
2690 5450
2587 3172
4462 7554
9433 3663
2062 9548
2607 137
420 8203
5156 6689
2546 438
7177 3907
4043 5370
3342 9603
3564 6273
6937 6084
2812 5967
9586 8516
7496 9966
8913 5366
8036 9133
6119 9484
589 8555
8517 7586
7980 5647
2559 8752
3114 7430
5293 7685
3529 7409
8256 5681
9000 9074
1577 8844
6562 9825
5003 5526
3644 2845
5749 8617
3698 1628
5621 7149
4248 4839
9232 8084
875 4913
2835 344
9744 5414
69 7473
2759 2071
9112 2054
1793 8239
6926 3169
581 29
1223 9892
6264 2810
2039 6450
2086 2231
443 7260
7528 5962
1819 4956
6268 2165
8060 4808
65 655
603 9604
4680 237
2470 60
2993 801
4208 9913
3444 668
484 5826
5797 9004
2640 5439
6793 8793
3170 5611
7578 3676
4872 8611
5664 6170
1105 9399
7530 6004
9713 193
3468 8471
541 5502
9549 6254
2764 5438
6846 3629
2657 7555
4133 3060
1351 3054
4940 4158
4661 6302
5187 4980
6475 5432
8376 7622
8439 7571
1437 2768
6585 3956
49 9708
4123 5270
4917 9962
666 1063
804 6426
6563 1814
7329 7137
3106 1788
1908 566
3857 8042
2436 2867
6099 4846
5316 2496
7970 6228
5242 5562
3511 4204
5197 7799
6956 529
6546 8843
3676 5898
1311 7221
2702 930
9516 5345
3841 4796
668 793
4786 3365
1067 3975
2248 3733
4616 5542
752 4315
2963 9645
9206 8543
3385 200
3359 5853
8476 9167
2402 6984
6555 686
8997 277
4659 1465
712 6441
2045 8618
2909 9827
7000 8458
947 2769
4318 1159
1158 7976
7707 2383
5798 5217
4520 3244
1007 8811
4767 110
2708 9566
9036 3043
8510 2360
6810 985
2622 3153
2739 4568
2171 8103
6997 5354
3795 9433
8347 9375
9846 9424
5532 1966
2962 7997
7867 5797
8645 9677
4816 1697
2654 7791
9956 7856
1603 2808
4040 7991
9891 5404
4903 497
7804 5540
1556 3932
1068 1560
1591 7176
9399 3030
4756 3142
9711 5107
2449 4511
5776 5574
9989 4243
7579 8432
4274 5065
1942 9813
1818 7694
4202 2492
4755 3254
6108 565
1036 9856
9665 486
6598 3961
6348 1587
3078 2396
4784 282
944 6419
5066 5851
4494 1067
6697 4448
3454 8184
8533 4317
1753 5241
7950 2425
5409 2296
2178 9279
204 7181
8250 6545
6387 1504
7201 2881
5236 8193
9995 8430
5812 8580
5223 7364
4556 8677
8875 4507
2652 2884
4534 7861
6589 9305
3021 4689
1164 9526
7478 4516
489 1189
1117 7328
4409 2676
8679 5062
2940 8201
4805 3848
2509 5057
2966 4723
1820 9168
4310 9407
9411 4012
5321 9708
6144 6924
7149 9619
6848 8698
3303 5970
2035 4409
7984 1414
8601 1835
3555 8533
5801 3349
8930 1661
345 8293
130 5120
5751 4860
9695 3832
754 2215
3559 357
2554 1364
3023 3612
9734 9718
2518 4731
717 4706
4919 8705
554 9980
4370 6174
4041 1111
3265 3134
9330 5565
7689 6467
2589 5168
6060 3179
7495 7076
9845 5140
3490 3652
3675 9752
9636 4852
1963 2081
5194 8410
3823 4218
1097 9534
894 1178
3626 7489
7966 6656
5260 7629
5529 4477
9660 8326
4474 1151
6540 9216
1708 4520
7926 8985
1952 9843
9851 785
9883 2452
4499 9376
6024 7247
1210 2699
3206 954
5579 7021
8281 4741
7038 9861
3489 9166
5793 9664
5419 7082
3371 2248
3350 4059
2194 6458
6998 4957
9426 3660
3481 3605
4070 144
177 2467
9709 2827
6971 8338
7019 9638
2344 756
5764 7386
9943 7573
610 3499
7645 7037
3383 6762
5803 5868
6245 3190
2804 3060
4711 514
4140 5017
2154 1887
7184 3502
1490 3622
1714 6466
1346 2898
9951 9067
5458 5665
4018 7050
5548 2320
563 9648
2436 5697
9109 8458
1816 955
6368 2778
5954 4126
1827 2494
6462 6456
6986 5429
2075 9921
9638 7989
2437 5922
8965 6980
6196 1240
2279 1747
1250 8469
656 359
7725 265
1360 1518
3548 8951
8841 133
7035 9410
7809 758
5710 9996
9474 5447
3336 4559
315 4843
6218 2726
9724 2797
6935 8775
9714 153
8757 4491
3206 5427
8351 7588
5116 5232
2576 2742
3519 1760
4096 1548
6418 1935
4551 9756
2714 7001
7871 6082
9722 671
1973 3651
5303 5944
8649 5911
1894 6592
622 6904
1530 752
4844 5090
4497 5918
5525 8312
7682 2928
4450 7748
9387 9140
686 9695
9947 671
3630 8410
7872 7299
247 3278
2569 6962
7747 9714
5399 3493
4895 1003
9985 8686
3785 8092
7774 7756
7351 8652
9942 3290
3025 1173
8207 4507
556 646
3534 4153
2778 5326
3985 1275
6817 1255
8242 799
3898 9689
9340 1556
2408 6786
7884 5963
9534 7564
7072 1205
1468 6999
9706 7327
2471 2058
3914 8056
8518 4966
2131 9766
4920 1533
8871 2232
1548 6400
3378 7560
7093 362
2287 30
9610 9909
8628 9755
6058 1890
6728 7971
6054 2233
799 7983
5761 1600
3112 5203
9329 812
3840 7854
4557 1177
6568 5911
6220 4756
4287 1261
1081 4446
4490 3265
3814 4477
7346 7549
4777 9538
576 6670
6295 166
4163 6979
4286 2139
127 5296
2184 1592
8454 4135
6922 7278
1823 6996
5372 5049
4939 3832
2507 703
4078 6573
8474 8493
9 2860
9002 7130
436 1645
3990 4396
1425 4504
550 2916
3907 7239
4005 5658
4710 3646
5007 7239
7604 3953
8281 521
6575 9987
2933 4454
8743 1923
3775 9463
2450 4898
6586 5601
7372 2135
7901 1708
383 655
7300 9210
3152 1492
5065 4465
6765 7673
7850 244
2826 3576
1384 4256
6033 7785
18 2078
4478 2798
7227 3407
2975 45
704 5101
2665 6958
6663 8518
2475 2379
6000 8364
4376 19
4774 1945
7208 4924
2277 7791
5053 8045
8664 762
5568 6333
7595 2044
8560 9924
8190 7433
208 9659
5084 129
4900 8203
7439 7405
8455 4573
1137 722
1381 9381
8864 1319
1873 4259
4778 3444
5264 9593
3313 2060
3438 4167
5952 6975
1885 3255
5872 2523
1902 1051
3872 6357
8843 8189
5649 273
3232 13
9327 2868
9693 8310
7046 9659
3966 1979
7907 9676
6987 1608
4463 8073
2671 9582
1423 9559
1274 3031
1405 9970
9751 5910
6634 3462
9800 8959
3302 1013
1468 4321
5746 4005
4451 4393
6077 3928
2662 2539
1774 5619
7422 4892
1608 3046
2849 5964
7597 8316
9708 4254
7070 666
722 5379
9204 6773
5574 3699
7567 2959
462 5360
1594 6457
2734 9788
1594 5887
9 1163
8613 2189
5950 4070
5335 282
2302 206
2019 4252
3723 7259
844 7632
7113 2767
3080 2615
3546 5248
6416 4676
225 1668
7895 3346
6309 3286
101 707
2414 5643
4780 7225
7645 3557
704 5481
9465 9522
3066 5329
6175 9230
2234 6193
9762 2843
6443 9218
5242 4500
7357 9576
3480 4181
4667 2271
4474 9821
7789 4057
4199 8442
9669 1080
6784 3558
1911 962
4933 8286
7354 6792
4761 1237
2624 6450
8543 3815
8902 9472
6825 6177
5217 6828
1335 9747
8373 6866
9502 2033
3394 1651
9725 6498
6711 662
8053 1325
3032 3417
5968 3054
6054 3825
4373 384
7043 6054
3851 1744
4872 3151
1948 2545
8978 9345
5477 5638
5022 9788
8023 3512
2206 8184
8469 9321
5037 8968
6946 8314
7474 7220
2761 7183
5023 3527
3493 814
6604 8106
5277 1115
6248 3648
1595 1820
2323 1073
4600 5568
7928 5370
6133 3470
7885 6863
5352 9825
8059 1144
8136 1424
8354 8245
7102 5278
2907 6450
9534 830
7846 3282
5668 1148
2929 6083
1606 7875
6354 5615
6283 1189
7891 7283
260 7546
2155 4006
3933 605
148 629
545 8064
7326 9410
922 5501
4587 8940
7247 9303
7311 9927
1164 7160
3570 9417
8995 3716
3862 2631
3722 9947
914 5858
5370 264
1171 2979
7073 9997
4278 1108
3245 2295
4300 8241
5760 9033
3425 7536
6401 531
7989 6256
3647 2055
2017 3899
4337 5071
3821 3008
554 8956
3281 5477
642 9955
5867 6395
5167 140
7963 5148
2934 7286
2584 9038
5037 3468
836 702
7654 6459
9571 2089
7654 4623
8970 619
2691 7713
902 1116
1096 6959
6230 6112
1021 6458
1774 8031
7126 7748
8775 701
8974 5795
1516 4869
7844 3597
2191 4307
8629 6505
5662 8886
3540 1585
7702 2834
7051 9254
5538 3880
2301 3806
3536 406
5229 5270
7797 29
7139 6353
250 7868
4166 8569
7595 5789
2628 737
4058 4678
4404 6528
6806 6239
4520 1489
8128 4773
2828 4701
2141 6668
82 7282
4898 6129
4611 7852
5563 1712
3032 7556
8907 6157
2021 4860
7697 5281
1636 4621
7226 2186
6109 9603
6831 4458
7218 77
7044 563
9793 5930
6005 7971
6476 6877
9692 5536
1802 3824
9157 1198
9349 8850
211 1808
7538 3844
1651 7534
756 1827
9823 2600
5204 2960
3759 734
4486 5850
1699 1051
8098 9129
3059 4226
3775 613
6117 7925
8690 2032
4096 1906
5052 9629
8117 2337
1924 8666
831 8795
5294 906
5323 9082
2417 2812
230 1444
5177 8382
8102 5858
8535 1358
3765 321
2264 6820
6407 4302
9718 1686
4535 7932
553 9355
7031 8679
2439 1281
2893 7965
9179 5445
3388 760
9564 5757
1927 6512
1 1133
3781 1652
8904 5126
886 3303
4225 2001
4845 3421
5206 1209
2865 5962
9937 8952
5962 2640
9888 6660
7206 7188
1412 1746
8301 3368
695 3341
8648 9127
5452 8654
1386 6277
1762 8397
5601 6749
7476 5973
6363 1985
268 6967
3683 3852
3228 547
6501 2237
8815 3581
8920 7779
1526 4875
9443 1297
1240 1329
3412 4056
4036 1251
480 5150
471 61
1762 8490
4294 3879
2927 6149
2493 5440
2657 2543
3152 9933
3632 2925
2868 9845
7176 4268
4401 1556
6024 7846
1533 772
5484 3586
3460 2266
7655 7545
8175 1503
8426 3170
6619 6506
5133 3861
3987 3558
7947 4457
9716 8496
8264 4244
6133 4492
7867 89
1442 3478
7296 9591
8323 3456
2995 4026
985 6432
1265 8391
2773 4660
9599 7828
7693 3966
1348 2621
9408 5938
339 1463
8835 3276
1274 201
7251 7389
5959 4242
2874 1342
8115 242
2742 6275
2493 7107
8335 4130
4751 6
5541 1555
8962 4205
354 8759
5860 2341
1530 8032
9056 8053
8224 3350
2864 7680
3452 8959
7733 6952
8709 9258
1062 9520
2917 2965
9041 5713
5903 6591
8768 9873
6207 985
4698 1080
6350 4325
4639 6355
1394 2230
3040 4051
3356 411
1262 7046
1818 7758
8670 6272
5526 2430
7143 422
807 1674
6944 9139
6364 5126
6183 1444
6553 7218
742 240
6788 9134
4157 8818
8557 5160
2567 8503
6550 2907
2150 3436
9903 275
494 3262
5888 7563
4653 1359
9575 1412
7168 3774
6245 2801
7382 3448
9594 631
6941 72
8990 9223
6718 6850
3451 1136
879 7038
4293 5517
8779 1661
5391 4810
2534 7862
8868 5164
369 933
2978 3492
9681 978
3071 1999
4515 6572
5950 4939
2615 6358
2587 9770
6238 5829
5474 9422
6201 5479
5950 1120
7489 6720
5424 8273
809 5871
8856 9054
9046 660
554 6025
3184 6024
5332 5948
7538 2610
676 7351
8216 7583
7917 8516
4221 7833
1959 7879
1712 6979
3749 6215
1945 6951
6057 6808
225 7695
81 7808
1736 1779
5849 5189
9912 3658
1445 4002
5047 8714
1604 8080
8967 2673
8336 6052
2472 117
3840 4935
176 6466
4816 7713
7770 7317
4651 3905
3874 5367
9761 4983
1953 3255
3108 2246
3132 1255
5530 7809
1745 5376
9577 2715
8560 8362
2203 6903
4795 6298
4697 7537
3606 5775
4110 5137
7764 4952
6143 7141
2098 3022
5197 4807
6433 598
5999 1662
9629 1442
75 8647
3442 1529
1263 4287
6874 364
9936 4765
2627 6554
6200 4581
2002 8621
5304 6265
864 4682
9165 8189
5331 812
75 4339
3642 7677
5458 8372
983 2239
4258 1383
9000 9950
7735 6906
9394 4684
5996 4872
2617 5829
7509 8236
1191 7481
5329 6920
7631 5195
1359 4782
2520 2924
1190 4504
3047 8231
884 1750
6940 3874
4445 9299
4014 3791
2945 8828
7093 6684
2249 8440
7871 2203
9489 7181
9534 1400
1847 2404
5191 7584
3822 9952
865 5549
4173 4761
3362 7150
3618 5630
1735 3480
4078 5794
4781 108
2492 5868
9397 2821
8108 8316
7247 671
2498 6719
2384 4166
5137 8433
2391 1223
4950 4590
1210 619
7695 3489
751 4861
3162 3832
834 8358
7011 2239
1682 4283
3254 7329
8986 6483
3232 4324
482 9934
7116 5540
818 270
3391 7229
8672 8054
3087 2740
6032 5103
5546 5949
4963 6022
2351 6378
8162 995
1859 9327
6087 8807
5466 3949
3473 3465
4829 5044
1647 4572
8979 7164
300 7748
9085 2687
806 7048
5744 473
6398 8233
9701 3721
693 1695
5593 5867
9720 4401
7039 327
4933 468
8369 6243
4876 2344
454 2275
709 9873
9179 4897
5704 4053
2736 587
1752 1047
8345 1238
4467 4147
2349 8771
6742 2062
4382 1169
8958 5531
9600 2065
9874 4175
6752 7789
1696 2491
1060 3453
9903 72
5175 3425
2813 8530
1424 6466
57 9515
8755 4379
8294 847
8129 3506
2517 5019
1169 879
3749 2744
2 6469
6201 3218
2341 1758
816 9988
9606 9679
9774 8869
5843 1275
5507 4763
5932 8269
6269 9791
5434 9243
6855 1545
1779 7638
4975 8846
2605 6760
3195 9970
5456 3961
9724 6684
4355 7759
7860 374
9582 1190
869 1725
2859 1583
6357 1530
9789 6239
1946 7374
5200 213
7138 2697
4949 7627
2977 5641
4186 8240
5126 8705
7963 778
4216 8912
5986 2475
6062 2546
8113 3178
5874 3275
2392 6952
7635 8782
3302 4561
414 6933
8947 2227
7281 2369
7648 2833
7067 6284
3973 3326
1595 9908
4371 2413
4291 3887
1455 4597
3589 6832
8863 1108
2124 1739
3330 407
3523 6171
1133 5381
632 8659
1732 3526
6572 2907
2725 4066
4109 3648
7220 8713
719 1339
6170 3625
8689 1592
8242 2091
8177 2950
1715 8453
9171 9612
8857 9835
5910 4129
595 1585
2740 6055
996 8497
9494 2777
4812 3382
2385 3075
4020 7168
434 4713
1753 312
2176 8176
863 5046
821 4268
8108 2318
3346 1733
8302 9999
9253 9763
7359 1849
2792 9056
9400 362
4627 2204
4983 9578
9914 8397
9266 3301
9457 5875
5841 9052
450 8638
4912 6421
9980 4976
3145 9642
2214 3976
9137 6349
3044 8112
6297 3868
1622 2947
7855 8774
7991 5500
8301 6897
5883 4698
852 9963
9621 2779
7941 9015
1854 8798
7680 246
1320 9509
3590 9190
9980 842
7637 4726
1582 9525
6853 5435
6853 4766
8155 6554
3460 1797
8818 9225
7577 9628
3575 8821
4561 1030
3237 2823
7048 972
5303 7379
3586 8515
2865 3904
510 2006
588 5591
5524 9266
9436 5200
2380 740
3696 9147
3644 8740
8105 9654
2525 9049
8837 965
7611 9471
5021 2584
7193 7785
7792 872
7297 647
8605 4014
1959 3298
4052 1507
7195 1411
5647 2319
3668 78
9738 9246
3264 2434
192 2053
2212 9296
5963 629
8131 8076
8737 2967
9552 215
6696 6323
5704 883
7907 748
4637 9086
7197 6460
4457 5455
3984 1950
4168 2824
7976 3526
6959 5925
3694 7687
3066 1633
2838 8292
5330 487
8518 9199
952 9900
3873 8957
4184 2047
4256 2559
2857 287
4986 9340
8676 2331
4966 6230
9903 7547
2257 957
4087 668
2737 2014
120 7639
878 4475
3155 9449
4686 6740
4510 4715
7140 9557
5026 2271
6154 6059
6584 434
7026 9717
8065 7356
1195 3690
4733 5174
6778 5802
7659 5917
8708 2789
8375 5456
4483 4636
7042 8001
2437 6644
2797 5393
9252 7729
5617 7073
8324 2320
5788 4802
5651 5520
7779 3632
1561 3736
4796 6635
6673 3660
712 9318
3298 8438
5763 2058
5380 457
3801 6077
7067 2422
5292 8613
9770 6958
9356 2221
7911 8089
6600 1438
6779 4193
2334 2291
6433 3966
6471 6393
1201 3074
5976 9561
8655 3910
499 9937
9946 4207
749 4383
3913 5258
7277 6624
1351 9033
7694 7563
8947 7953
5875 9426
8369 4451
6481 2651
7180 777
2261 9284
9800 7288
9614 6544
5377 4356
8737 7071
3765 2574
6705 638
9483 1043
1517 1705
4995 7864
2897 9519
5255 5877
4007 3799
7172 4367
7948 464
5474 1877
1832 1010
5277 4137
5984 9151
3881 7932
7029 2009
807 780
4083 2536
9100 9251
698 461
1837 6851
4604 5410
3731 2722
7776 7663
3809 7335
2388 151
6987 5123
6013 6361
2884 2021
5564 5971
3476 6406
6126 9832
8862 529
9740 9088
6432 3465
2497 6644
3037 9219
8799 4246
234 3524
7423 2645
6872 236
203 2393
9885 5429
5683 4113
3441 22
4872 864
1270 4168
4093 7679
2688 6631
3590 9524
1233 8559
9728 4689
2353 1758
8977 8681
3359 1642
2363 1119
3587 4292
3124 3353
1470 3974
4581 7069
9724 510
7799 1650
4742 1312
1668 8506
6531 8781
2963 6714
396 8333
5701 4613
580 475
664 2239
4472 5212
8684 7744
2865 7572
1360 2963
7675 3083
6696 5150
2817 2005
6805 1588
497 3766
6868 7098
736 1911
1657 3850
2519 9058
978 2841
8888 9977
5440 3319
4715 7820
1296 7665
2290 477
3503 5982
3961 1588
1950 5084
5625 2880
9328 9703
5985 8327
5144 5662
8270 435
6816 4146
7807 2067
6512 3297
4914 5903
8726 987
5832 1990
1657 7463
141 4402
665 4085
6983 931
9652 8334
6754 1511
2546 189
8162 8407
2532 2448
118 2333
1748 1957
5271 8576
9817 2191
3850 2049
2550 7475
7118 6881
1749 8674
8880 9001
126 5709
6548 3021
249 2934
1616 6844
9923 1228
198 6690
139 165
5424 5997
2825 7296
5044 2088
8231 9390
2707 4011
6903 9670
2401 5399
777 7909
7431 8100
4665 2331
8414 1352
5790 2843
9679 1126
4795 33
9857 2438
7345 3184
6954 4086
9381 7677
7185 7142
2474 7822
3189 5084
2445 7881
6899 9285
7015 8074
6454 1937
8574 9980
4994 5084
3457 8674
4556 7331
1577 5653
1881 5423
109 9215
2007 8748
7116 9042
8551 8631
3381 1355
7413 4936
6600 3816
8228 78
9086 1250
6795 8023
5075 5075
1188 1984
1009 5208
8375 3761
3434 6157
6814 6349
1878 3342
7594 5285
8428 8997
416 3240
7021 6196
4942 3072
3884 6388
1814 9300
6686 8714
358 6003
7061 1104
2330 5251
9142 7449
4105 5161
2452 5038
6989 4307
9682 7009
9722 5176
8010 609
9678 8746
3656 5605
9418 2100
5017 2486
4178 4735
6164 250
4754 5370
759 2159
4540 5606
3449 8659
4679 7440
4247 4404
3069 4986
7232 7821
9715 3805
5520 7261
3218 958
6780 2236
374 7505
5952 2099
3749 4604
5023 5669
1967 7914
1787 249
745 4374
822 5334
8988 8518
1097 310
4052 2176
42 6514
3669 5845
5954 6811
3652 6925
497 8372
1447 774
3857 91
8700 9685
6463 748
6977 1938
1742 2331
2636 2569
1513 8967
533 8206
7175 8648
6915 967
881 9859
7362 7139
3249 847
8725 5368
7059 5900
426 8331
8754 6177
8013 5396
1561 3103
9754 4377
6062 1590
1342 7727
3994 8695
435 4722
6707 1207
4393 6317
8208 4875
6011 3667
825 3210
4916 3271
7266 9680
1694 9592
1651 5824
104 1996
1558 8975
2472 9640
600 8167
6489 7128
6105 4158
3911 2551
3602 7957
6865 8367
3174 2341
2686 1645
7534 5152
3951 4128
5437 4206
1089 1261
7833 4747
1872 9470
6806 3394
142 9129
7553 1697
2911 7910
3164 398
1574 5293
3578 4102
9504 6846
1733 8504
1629 5901
4616 7035
6124 8576
3411 9890
3335 742
7925 5066
1118 6440
8502 1076
1631 2014
924 123
344 5389
376 5091
3163 3326
3379 4866
3006 3698
5305 4340
8100 3181
8104 5125
4705 8554
2142 5142
2179 2743
9562 6406
1618 6777
1228 208
172 4702
9395 9426
6691 9179
4326 4136
5490 1118
7191 321
329 2081
916 7235
2028 2066
4465 1872
5822 9987
8073 9355
3704 1317
698 6053
1438 2582
3125 9792
4455 9277
3348 6426
8550 5667
9590 184
1845 539
5842 3569
3780 9632
5022 8407
7632 1099
5182 6499
6640 353
3539 5874
4740 4277
2058 4212
3051 2740
5970 251
1532 7284
5226 444
5948 798
7684 1220
5786 5708
6045 3680
6465 3518
269 8740
1470 8513
6157 1263
6104 1589
1434 8914
4657 1414
891 6148
7863 2493
9785 6283
9959 4300
103 4571
326 6345
1671 5330
6230 9732
8187 7179
1895 6884
3607 5637
4313 6031
8203 6973
3112 2991
1279 7461
1415 7332
9422 8355
533 5699
1108 4055
7624 2538
686 7057
5532 4930
8368 3374
5933 2087
1567 3022
8383 8941
2759 7613
3080 2559
6012 265
6015 7409
3936 6867
7839 1574
8450 560
2370 9025
2495 1862
3139 8394
6740 3397
204 9839
4290 358
8362 4238
5581 9995
649 9431
2008 7773
2064 7000
4824 7908
3904 5517
803 3025
6861 2327
4763 6744
7693 1258
7465 7550
1549 4683
7648 7751
3040 2447
8197 9358
9085 3851
357 5610
6767 6805
2249 6463
1606 6521
2792 3507
6593 9673
1424 6199
3417 707
6994 4526
9535 694
2035 1932
7358 9244
1778 2331
5055 9511
3736 3338
2109 7278
6712 5565
5837 4381
6119 7863
3819 6328
2560 317
7013 4091
8240 604
4177 5802
8740 7134
3977 2446
6881 6274
118 2646
7610 290
5493 8074
864 4081
5614 5928
7600 8928
3630 4374
4385 1208
5951 3530
9518 4534
7254 8743
340 9509
5408 305
1200 7287
6956 5338
5011 8545
9453 4522
8596 3981
718 6671
4601 7009
4319 5719
2896 6699
1018 3895
7637 6989
865 6059
9621 1661
1817 7746
862 2777
4770 7049
1500 219
8487 1249
9256 9563
2451 5931
8364 8760
8626 2949
7610 7370
4220 2747
4517 940
9782 1829
6776 5508
3365 4000
5381 8260
5615 9845
6933 1954
7985 9575
369 4560
9053 1890
4131 7758
5186 1927
868 925
7746 6058
687 8534
5415 228
4973 8636
3878 2557
4273 1855
4774 6376
319 8475
773 5446
8894 2834
2087 90
551 3788
5601 8788
9361 5683
7127 6127
5710 1861
9132 644
1285 2333
5593 9487
3851 6923
5970 5676
9056 5816
9768 9979
2895 4662
5497 6404
7838 2856
214 5925
1968 9868
4908 5970
3253 6498
6432 7552
4667 4056
221 3295
8251 7840
4844 2528
6610 7451
4290 8184
7910 9617
3861 6370
5732 8689
3588 6714
4485 302
8316 8843
7928 5497
6066 2462
1065 4667
5597 9803
4165 9983
6826 5942
7600 3342
1776 3543
4830 4623
9072 4869
1865 1413
3274 1492
6058 1543
4522 3248
79 740
5126 612
3321 849
8669 8880
4307 4345
4210 1370
3661 2205
396 3007
2042 1383
4379 3473
3579 2795
9093 5483
4669 978
2014 1849
1611 6560
9506 1535
6015 1417
1262 4444
1913 9790
5264 755
1450 1515
431 5489
7416 6751
4317 4819
7554 7075
3827 6359
1461 9447
7772 9360
4637 9036
589 9812
9275 4925
1200 6625
5034 3920
7922 3655
2779 5161
6006 2475
1746 2060
8738 6690
1138 7955
4060 7441
4631 657
7991 989
3763 374
7021 409
711 7452
3396 3812
2106 6869
6346 7962
2021 6231
2928 9835
3367 6458
9409 1858
8391 5918
6154 6318
1496 7128
198 7872
59 1285
7672 6029
7680 4129
8408 3558
1647 4935
5556 8762
3493 3947
7331 8613
5919 3079
1016 7332
4297 2134
150 2206
1518 2299
1096 476
3301 982
6240 724
5843 4804
9261 1905
6298 8964
6081 946
1013 4670
656 9399
5919 7291
6326 3371
1815 5378
6660 983
7671 5756
7467 7700
9001 6938
3866 6316
3069 997
1619 7914
2541 860
6924 8510
4492 1049
3670 3141
3821 8678
9119 174
8598 4284
5538 6353
1839 3630
1757 2412
2756 911
4911 5447
481 2770
5469 4489
465 6986
7321 6784
6901 6977
2552 1258
9199 8083
2570 9193
358 5353
1256 2596
1318 426
9271 501
3974 7533
6865 8183
3661 2877
2498 1984
4030 5033
9882 3357
3561 6188
7343 8059
518 4192
7084 2501
7695 3325
7445 9399
5349 3111
4762 9132
2953 3858
4711 7963
210 1666
880 4388
9543 5118
5724 4813
8002 2653
7093 7437
9807 6693
5913 6097
3161 9766
8279 8966
8217 1160
1302 1364
6598 8418
8504 6439
3500 9178
4138 1886
5739 7690
2156 8190
3442 663
8024 398
8746 1015
1021 1910
6936 283
9065 1074
6523 5172
8123 5401
5414 9011
793 762
927 9490
5581 2818
5189 6292
7972 5408
5184 3171
292 7574
7338 1847
2344 4019
7088 1569
7610 1535
3839 3403
4246 6304
5740 9087
749 4441
9596 2567
1598 7913
2796 7704
220 9554
6119 2219
4469 6146
7052 2592
8244 8589
6022 8833
443 9008
8931 9994
8653 9559
1559 1487
3003 6235
9216 4205
8561 4353
299 4905
6282 330
3326 7065
2573 3101
1104 6510
8571 6863
626 7948
211 6472
1836 7601
7991 6033
956 9646
2424 363
36 6688
8671 9095
7320 4834
5693 742
9032 8350
5327 1041
183 6162
6135 5189
2451 1128
1778 417
3616 9331
2906 9541
1118 5310
8623 9078
9740 4116
818 8396
7532 4389
2450 1111
2758 8077
3217 3951
5506 3483
8313 5638
503 278
5408 4588
900 8601
2836 8470
2855 7607
515 6758
7168 2852
9151 6236
945 973
7889 5644
3591 4841
6658 2018
6208 5583
7532 9093
8931 2882
3137 7734
8333 6786
3321 1362
9376 3336
2216 8248
1328 1496
2522 6261
1588 2238
963 1510
1381 5517
3427 1612
2135 7890
6652 9124
6319 9542
3911 2997
7648 6574
1556 7906
9081 341
9355 8012
3250 5839
8390 6936
8285 9900
4982 396
4481 7592
7756 1676
7974 5695
319 8816
2311 2525
2320 1760
8640 5502
907 8955
9218 4127
4746 162
522 46
2266 7113
6219 7980
1801 1845
4102 6765
5946 3098
8616 8489
5731 2431
7209 9796
4041 6755
9249 1500
7177 7840
9745 2637
3027 853
5662 7707
694 348
5317 3729
3403 2319
7920 51
9865 9077
5198 1651
6503 6219
4548 6260
6766 3143
3101 7791
57 1857
6631 2128
6149 8808
5621 5922
9313 639
8769 9100
9856 3968
1817 2163
4572 2554
2278 401
2237 2475
6018 6332
3240 5541
219 3894
9587 5734
2323 9628
8266 4448
3214 5320
408 6011
2543 8107
2016 494
4640 8660
4951 1980
8640 4167
140 152
9814 7859
5970 9350
2563 6997
7456 3165
8228 2672
8921 6804
2610 7169
5936 8806
5496 8673
3237 2680
1831 6729
9870 7732
4421 7627
1405 3604
1752 9468
7149 2491
7641 6812
1889 3027
1870 9356
2352 6188
193 2816
948 8316
6248 9441
2407 2391
5797 923
5044 1404
57 5004
550 8236
7708 5044
174 4057
3845 6168
8131 2650
4111 7965
225 2419
2831 5393
4964 6827
1030 4030
7932 328
4287 730
7757 2696
9655 3725
2732 6512
9916 5294
8235 254
341 3171
8720 2751
2698 8127
3211 8673
4186 9096
4892 2478
214 2390
6243 4063
3277 3911
7084 7706
6494 234
9358 8921
7656 459
6326 3706
7059 7690
8738 8941
5337 6715
5864 2200
2956 8413
4044 2207
4404 4245
1952 9971
398 1368
5763 3853
9510 3519
4043 4082
856 2014
8882 2949
3236 365
7847 3253
4346 3731
1279 7560
854 6162
3148 8245
5441 1605
829 3959
8098 1954
7362 540
9826 8167
4556 8245
3156 3008
3704 9362
7861 9818
5519 9104
4450 2263
2616 9870
9775 6249
6466 2443
7954 8627
3054 7153
5306 5955
7097 3495
8820 9709
1263 227
318 8071
3672 9107
2316 3283
8425 2635
3757 905
6352 5103
2859 6605
7093 1510
9658 6896
6445 1307
6439 4129
1375 8592
1704 8688
6598 9577
4953 9929
5716 8511
7369 1406
7760 8925
3652 9060
2520 9213
6202 8630
8042 8607
7091 7743
2676 4530
8012 6561
4999 2673
1242 2733
2087 4336
6197 7439
3874 3583
3635 121
283 9057
3290 416
159 5994
7524 1513
671 4249
1516 7456
435 2705
5067 6730
3827 3642
4108 1756
9849 8369
2827 3333
8432 6715
1972 1688
7911 2827
7216 8326
8047 4510
8729 9123
6718 8653
3724 9392
2270 8454
2979 3000
4532 3866
1734 5493
6863 8285
8971 6871
1250 5231
212 7127
3431 3074
2072 3650
8251 1054
8762 6116
9252 7566
4511 262
2663 732
2818 8059
9790 9009
9909 4816
9229 4494
5118 3614
7713 8944
8319 4334
7401 2911
5626 6467
4805 3628
837 5575
7015 8054
7029 9205
5550 9667
57 3905
5416 7675
488 2808
2320 9060
7581 3220
4702 5782
5644 9174
5838 4116
2839 9703
7540 5646
7870 6023
1239 9696
9716 6117
6891 8850
3237 6430
9566 1320
4918 3361
4750 6835
3811 5511
4291 220
4472 7478
4586 6600
7053 6896
6279 1725
5588 4
442 9308
6047 9301
6376 3398
2207 4913
3553 966
3598 9926
8779 7423
3086 4703
615 7779
5179 9701
2950 8753
324 1004
7881 7184
6182 7705
1462 5678
8904 8074
741 2531
9282 7473
8033 6442
2594 4936
9415 8304
1932 3260
7487 4292
5669 2260
4568 2329
3374 8783
2378 6114
2670 8148
5873 6735
5163 3901
1636 1742
6909 3713
8792 1677
8546 6274
8388 8597
6141 5844
9547 8872
5276 3709
3669 567
9451 4757
3024 3110
9597 8843
4475 5392
534 5331
6516 4788
9678 1406
6650 275
2603 7046
7816 3546
8594 1747
6178 34
1076 3143
2270 2087
9130 1645
1816 4582
3301 2747
838 1232
5031 2499
2820 622
600 7839
8046 1167
9768 5657
1081 2352
4569 8202
7741 4836
5115 6682
2570 8182
1067 8741
8648 2638
9070 6350
4884 883
151 1209
4869 7014
6082 621
998 4523
7525 7528
9521 7291
1163 5092
8692 1849
7762 3085
5453 5316
144 2888
1090 9558
3376 1138
9954 4190
8419 3514
7958 8656
4771 4700
4541 8108
5952 2178
4756 2007
1523 7379
4276 5297
7200 8861
524 876
8312 1869
5590 240
971 1286
6855 209
9140 2558
9154 5166
3015 1510
4245 1537
4311 1760
6085 4145
768 9134
1426 8703
3281 3036
1817 1491
8578 1074
8088 5378
2366 5002
5488 1858
7280 6580
9388 1974
9246 7806
9562 5894
4999 961
5928 8187
9827 9447
5039 4272
1350 79
2486 9757
9764 9145
9561 7464
4708 348
7466 1632
8075 5310
5086 4486
6785 3524
9319 3704
3546 8407
4238 4017
6998 5932
9251 4459
4993 3141
5702 2864
4894 8107
2372 9646
1010 5375
2978 4193
108 7142
4039 9386
7720 5460
2855 2258
7414 1016
8526 2054
1417 1134
9523 721
1802 1691
9462 1222
6305 6954
7707 9611
2279 1257
7639 3042
9794 3449
5853 1650
8383 6197
768 7729
6802 8935
6596 9629
5523 6029
6899 4920
9598 2359
8889 9456
52 7819
5774 4242
2932 7083
8074 4753
6652 5813
2556 2945
9099 3954
5663 7963
1765 9236
4032 6464
3005 9194
9313 3730
7432 5865
273 8491
464 6414
2205 4543
2861 4210
3606 6558
6923 6744
6050 8551
6366 6171
5928 8713
3456 5220
5854 2332
9891 8309
3566 9163
6969 6723
9083 9202
2393 4790
6384 1063
4979 8203
2396 8601
3427 4838
8127 7480
6258 817
2179 7139
1742 9243
1781 668
2938 6647
2109 6675
2156 2527
1864 8081
6911 2516
5266 6364
4286 7836
2262 5529
6429 3236
7423 4072
4126 2564
9307 6813
2244 1658
1685 868
9979 8388
6261 144
6091 1226
5993 5795
4598 2458
8057 6473
1301 4160
8855 8955
6433 130
7609 5383
3 9916
4609 2464
3123 5814
542 1478
3119 1179
7016 9863
3826 8846
6616 1485
3539 5317
9814 57
9053 467
4507 7788
286 2302
5450 3453
4859 708
2877 796
9945 7266
6595 2694
3191 1593
1457 1674
1049 5394
5195 2124
7496 4231
1375 9492
3841 1077
431 2434
3282 7670
9757 2831
2373 3654
9775 3972
4959 6698
9579 7652
5650 205
8850 9700
3015 9573
9415 6279
3331 5706
2060 3079
582 9704
2317 6282
8787 4045
5476 2470
169 7613
7149 4074
175 6288
2160 1957
5493 9253
1718 2126
4725 843
8970 5042
8058 1424
9250 2037
1629 4362
4041 6529
681 46
372 5606
1045 1647
6113 1855
2047 5728
5127 3423
5143 543
454 1419
1908 6237
9987 7374
8290 3748
8413 1276
1583 8106
3822 9816
5664 4498
133 9956
7380 671
4385 1100
9768 9780
9504 4990
761 4147
975 9897
672 9107
6662 9196
1605 4110
4261 1368
2759 8560
4906 9699
2996 6600
7808 608
3594 5635
5128 6999
1047 5425
9020 2039
643 6743
6852 7565
6638 169
3364 5628
3193 3563
8795 7756
8020 7851
2676 1520
9544 8865
4702 2593
3297 8488
9888 6320
1728 4104
6794 3066
4095 4555
3510 6439
4335 5799
4435 3079
1152 7094
8385 3175
9646 6986
1841 3955
7320 9056
4582 233
7148 7008
773 5665
4356 2019
2523 9205
2471 4959
2593 6598
3774 3444
1147 9975
2410 2581
3420 7810
7355 6867
5021 8398
8613 4506
8621 173
6757 3454
9996 8901
6762 8291
6078 659
2280 6013
9948 7495
470 6117
9455 4188
6256 6818
3773 7712
9903 3418
4806 2115
7953 3441
1593 2812
5639 3856
1568 7656
8388 3130
2894 9045
9547 1479
9241 493
4425 7798
1220 4431
2241 8303
9032 687
3134 2282
7361 1527
6491 3963
2950 1981
4740 6095
3090 5521
1514 5490
6132 668
6344 7996
6979 6963
8878 1904
8084 1905
13 1486
4875 8432
7181 5989
2801 8929
5956 9200
2797 2755
9791 9854
4894 3401
6109 4360
4596 75
5768 1441
9070 4064
9997 663
5777 7171
4426 9793
5134 6929
4431 8576
6783 7154
1064 1118
1667 7862
4796 7159
4644 8843
7705 1092
4532 431
5659 692
360 7696
9143 612
6698 8823
3348 4768
6662 9764
4950 3556
5226 1147
5697 6029
2386 6535
8889 2336
1971 9782
9843 6013
863 7222
2982 7997
7468 1795
3684 1923
4251 7597
1956 1428
146 1948
2109 9195
6440 5135
3546 3980
4977 528
2653 1081
7259 9097
1312 5844
8084 4148
8455 5867
9759 668
484 7020
9477 472
6348 1735
6580 5524
7706 5700
8214 8684
9542 4266
1904 5307
2284 4199
6224 6592
2574 8881
9156 3397
8475 5353
1647 6060
4938 3191
5258 5580
7174 2004
7152 8672
6920 8879
8308 5639
7722 6174
1378 6908
2558 9508
4947 8059
7569 4573
5008 797
796 7057
4653 2237
37 4447
6995 4081
4156 3718
5027 279
4541 19
8095 530
9546 4344
6632 2924
7695 4434
1428 593
8454 7389
8790 8779
8870 5582
8668 8557
49 2410
2184 9700
1759 7271
5350 1473
8524 9988
9232 6995
267 1416
5038 3498
5575 8118
296 340
4653 1592
1824 6509
4629 4012
7966 8312
6285 9869
2402 9112
1976 2086
1397 4326
6387 2403
1685 1262
1759 6524
8983 4307
913 9293
3892 7641
1985 4490
8504 5782
1084 5804
9799 5432
5042 3984
3141 1994
5168 3718
2395 1277
7436 4112
933 9885
781 7487
9105 4839
7576 4521
3463 4768
504 392
2547 7277
139 8625
3985 5791
548 8048
5251 6501
4412 3542
239 9208
9498 3640
7620 4729
5007 5180
4565 6461
6951 7468
6450 5026
7693 1440
9580 5025
6598 3824
2283 8326
961 8984
7179 6989
9008 2681
1129 2670
2625 9456
7460 3984
9495 978
5415 1769
5512 8251
8900 3171
2400 9716
9910 5052
9198 7442
5338 3417
8288 9312
2753 6428
4537 3658
6269 7695
9032 1251
6146 4178
3513 8351
5748 6386
5217 4088
9482 2585
1544 7453
9422 9184
8908 3745
3089 396
5893 1803
9570 8378
6590 9107
9331 88
636 5039
5391 1214
1008 5703
5585 7049
7549 5821
9743 4607
3015 8754
8107 9571
9085 7856
1535 1476
6731 2990
5981 144
1592 3350
6513 370
8021 4576
4316 7573
5107 578
849 5534
1936 6246
1264 7796
8704 6894
9100 3799
6386 5951
2519 453
1655 6969
2140 2785
7377 8342
1770 7848
3633 4745
2003 2556
6916 1794
4732 9763
5980 7944
5585 8545
9758 7954
9374 4704
541 2090
7990 9987
5854 7043
378 6027
6239 7180
4698 1137
5314 8687
4890 4045
2838 7028
9834 8436
5146 8975
8634 8232
5323 3047
7486 827
9624 3838
9255 2646
3071 5622
3040 4942
9534 60
5269 5743
53 6962
9324 3041
5 9812
3815 4054
4834 6140
84 8762
1348 488
3463 3558
1371 108
1012 5992
2729 2979
4612 9779
3059 3670
9702 9112
1251 4017
2181 931
798 596
538 5528
2390 2513
5538 6445
913 8090
8896 8015
9504 3914
2310 1586
8586 1267
8767 5092
5300 4508
2599 8488
3770 476
6482 1867
6874 4020
6976 8641
7785 1035
3052 411
82 1891
8575 2542
3308 7713
7860 2126
1712 267
8102 600
1517 5141
464 9271
470 5929
7891 4091
7840 43
4087 3135
4664 7188
5011 5003
2125 1094
5694 5837
4229 4262
6588 2373
2860 6477
934 5447
9363 4714
3125 7251
2562 540
7764 3474
4494 6814
2440 1859
7952 4948
4297 834
5731 735
7966 6807
5384 1486
75 5138
9047 2000
7489 9488
2192 677
7532 2850
3408 1173
7920 4604
1677 2802
3752 2670
2594 635
8526 1875
7260 9908
413 757
2692 7897
6259 6618
1292 9686
61 4193
3376 9089
7653 1674
6217 6055
7042 3153
1443 3048
9900 5637
1787 2586
6733 854
4310 4714
9960 3226
4320 5509
5147 7447
9709 643
9215 7150
656 9200
2866 7497
2698 5488
4948 1537
698 629
2057 5137
1272 4076
8409 7839
3664 2805
9795 6407
8862 7853
3312 9428
9137 2556
4482 5661
9823 2591
16 3648
3819 2912
9456 8808
3917 4829
8752 3940
664 5432
539 7251
3531 4945
2974 3578
4099 3108
8511 8222
1279 6006
7306 4270
9144 9467
7145 6395
9261 573
8986 1729
3343 2989
9455 632
4260 762
9286 5886
1084 4462
4772 1606
1251 8970
9032 6024
8238 6931
222 8424
6902 8750
6920 7319
2691 2582
5341 4198
9070 9531
6570 6827
919 8851
7670 8325
5515 3462
4412 6789
5264 916
6262 9899
984 9783
7687 8712
6717 6097
7539 1661
7846 5488
8605 5711
4350 7176
8090 8645
9207 2978
1388 1850
5602 5194
8718 2546
4679 5171
3012 9856
7506 7028
457 7373
452 2907
4743 2647
9053 6188
7398 684
9469 1712
3087 8898
4949 8892
7949 1419
9317 6591
5433 7107
3429 4959
4731 9255
4201 9383
5236 583
4205 1941
8441 6905
4036 4520
9083 306
1272 6042
3610 6552
2613 1449
566 4383
7857 3275
9682 6758
6377 9537
5607 674
7810 9231
2010 5581
8069 5173
1763 9756
2230 8620
5912 1980
5710 4098
4062 4546
7838 9641
5911 7173
8601 5316
1901 2686
804 2393
9386 1706
8591 2763
3279 874
1085 963
5735 3677
6833 7403
415 9214
4097 637
8681 1280
849 2627
1351 1595
367 2133
7044 9492
7504 8960
9686 1840
8835 9967
7521 7491
5288 5200
6321 1776
5703 5492
6068 9326
8229 4193
5514 4399
4859 8216
1962 9805
8526 6591
1798 7885
4711 4617
3263 3556
1193 3124
8670 1134
3396 4232
2294 3120
5541 7942
7084 5211
9516 1084
1340 7905
8944 4934
8719 4595
9709 6740
2353 2444
9918 1114
3979 5146
8855 8975
3571 9077
4259 2830
2782 7796
8955 844
3449 8255
24 6719
2044 199
797 7444
2403 3233
3235 5991
6190 4857
1024 9154
5339 4189
9480 2067
9123 5125
7789 637
1793 6852
2635 1042
9331 320
7950 7529
5937 1353
5328 3290
8387 7072
7335 2717
4281 4153
5114 8443
3795 7502
938 7735
5804 8641
5209 4637
6697 2473
2120 9509
1110 6019
1558 3371
9574 3448
8607 89
2973 1892
3364 4480
940 6794
8493 5811
6314 8529
8994 3222
5475 1783
555 4842
9656 4411
5965 9430
2194 6315
8876 2992
6658 9411
6122 571
2005 5677
3279 2437
9956 2305
2089 5528
661 4024
318 1077
1238 8979
9472 8955
4605 6739
7854 3521
8726 2784
6616 7800
152 3164
5189 7445
7432 137
8675 1082
6426 3865
9699 4791
2267 5590
2237 2509
1564 2858
2617 9530
9428 9654
5109 4084
1259 2165
8037 9380
881 9184
4711 1858
69 5730
7720 5436
1277 7952
8527 4271
2686 741
9741 7377
7794 91
957 1481
3014 6413
8822 583
3288 2835
3272 7951
9891 3031
1515 6604
9672 8163
4993 8004
3206 5090
6263 8476
3261 4067
1118 5193
708 6991
1334 7882
2992 7984
8391 2342
402 9974
2159 8917
6111 4655
1352 4588
773 6985
7876 3111
3613 1554
3433 9951
382 3202
4726 662
7806 4416
7866 7568
3285 745
5769 1082
1301 7736
9234 4920
3963 4858
2943 5875
3539 6257
1998 43
4727 5498
7345 9875
1918 9731
1649 3470
5474 650
2903 5516
9518 4197
5595 9501
4081 7167
4280 6423
7356 53
3506 7318
905 3747
842 6600
1034 4578
4091 9653
1779 5948
6565 4960
1226 9275
4885 6414
910 5948
2126 4814
6047 2492
6173 1011
1667 6714
2032 8502
3036 692
719 6413
6321 6083
7611 7957
2991 6497
5296 3467
818 1545
8204 2458
4174 1862
9310 9224
6987 428
8905 4606
1536 7411
4961 6496
3760 4979
790 5905
9641 2558
6040 7284
3438 7623
8799 590
9681 9868
7932 3123
755 6357
8241 9210
6378 5887
9900 1795
3585 8383
4348 9068
6027 5022
5298 2000
8949 6651
3320 7773
3978 8467
3182 6270
2382 5501
9976 7109
3503 6312
2978 3907
9371 5466
2768 8739
9601 3326
3818 5900
598 9279
2319 2927
1221 3676
252 2475
842 2312
3882 6706
4607 2616
2329 974
2618 6203
2991 9813
1070 1113
3774 7295
7879 8224
7007 5242
4015 2740
2723 1972
6669 2979
6 6574
2631 8748
1274 1018
1999 7264
6873 9674
6713 9933
8830 7478
6430 1508
9599 214
2120 4984
1354 5248
7946 5061
1367 4761
3498 217
2949 4176
7206 8518
117 1736
396 1980
5423 7805
6090 7242
302 1887
3046 8830
8853 8077
5040 9213
8028 3743
370 6524
9301 1864
9896 2845
7458 6699
5890 2849
4885 3503
3870 1432
6366 6672
7248 8878
3874 8289
2549 6669
8568 3213
5247 8254
6986 6407
7174 5456
9363 6625
1674 9509
8947 8372
5282 4205
4760 7361
3477 2841
73 4021
6140 7136
7955 4816
1965 7880
4825 8758
7643 6658
378 5112
8687 7020
6254 2356
3219 4246
5954 3506
6089 5181
339 7370
3251 3087
7100 3833
8853 896
4595 3850
5445 1691
9860 2019
5636 6860
3840 6659
959 7069
647 3843
4457 7309
4340 9569
8310 237
9158 469
2158 9822
4261 3087
8930 9629
3761 8131
913 3620
9302 4092
7150 2131
2935 3803
6279 7442
6457 2109
3387 7665
7912 1716
7587 6779
1227 7202
1550 7387
8283 5928
7517 1451
6601 2062
4352 9838
8226 3790
9591 1755
4142 8249
4639 6526
9527 3833
8526 3720
1546 1465
4564 863
5558 1304
1571 8669
8365 7754
8903 5924
9437 1824
7743 9440
4029 7888
4909 7732
9753 1965
8444 9739
3901 9810
4475 7584
4545 1873
7654 4278
8567 2977
7266 3940
2446 1044
2889 4048
7330 5944
8646 5715
5637 5476
1602 4028
8269 9994
416 5255
2540 102
6136 4921
4359 1621
7094 2546
7625 5076
4126 2097
2460 6984
5078 2088
7592 5749
6339 3544
588 6404
8850 3114
3322 8403
3645 8896
5292 1682
821 4338
5959 2139
9810 2049
7198 4429
3753 5225
8435 7224
478 886
4702 2490
2689 3933
9616 3647
4458 6173
498 406
847 7675
5610 7712
3721 8208
3868 3943
228 7906
6650 1972
3598 9114
1449 4697
1501 7928
9973 9549
3291 8466
1157 6418
2987 284
2227 7095
3103 6272
8430 9550
9691 7040
2171 6060
7048 8972
3285 2292
6064 8611
1182 467
4616 7891
409 9327
7621 2467
5658 1605
9403 7261
8668 1662
8479 9374
2328 2999
9281 9988
4682 2492
8384 8445
3484 6746
3328 8277
6262 3079
6562 7103
1347 5832
7342 6667
7837 677
468 6613
1874 9541
3716 9900
4107 1068
4485 5910
975 6457
6616 6691
4986 7023
9191 5756
3346 8969
9464 9742
4550 591
8035 4865
944 28
7148 8362
6788 3938
1724 3394
4988 1185
7582 4373
4439 1164
7814 4185
3701 2668
7282 5685
5470 6399
9314 4965
8506 5103
3427 4569
790 9393
4464 65
4140 1716
2817 1842
3373 5478
4384 3338
9295 1680
619 3289
1037 9068
2609 6368
919 873
8186 2021
7305 595
644 7282
5075 9010
7913 6158
7682 7153
7060 6094
4306 1713
9679 400
3936 1375
7629 869
321 1100
1232 9886
5185 8259
6909 222
1317 56
2019 681
4152 3237
7063 834
3038 1968
1894 9534
5242 5674
8495 9715
4181 3509
2928 1209
8948 1562
4901 9745
7032 8559
6268 2356
8587 10
276 9595
2197 9710
9995 4906
5362 1305
1566 4552
5465 3874
3905 9593
6962 5923
2030 748
1323 2054
1375 2963
9778 9702
8020 6291
66 1567
5449 2812
3465 2350
6954 9719
9906 8648
5083 719
2229 8906
3728 6435
4416 4114
1864 8626
8362 821
6776 2646
5015 664
9256 4012
4506 788
817 8378
1575 5096
2120 1470
7401 4852
5534 3561
1495 3349
8310 4937
6629 3753
9298 9028
7325 3366
549 2630
3478 4828
7682 2262
5316 6277
5674 5496
9641 2450
7730 2514
5600 850
7066 448
3664 2257
6367 6873
9184 4363
7066 9862
9106 1996
3788 8240
3092 1887
1624 3404
313 9336
2882 1065
5708 3274
5285 5832
1798 3928
1392 1324
7608 7343
8247 870
2758 7943
2764 4056
7138 301
3169 9515
6662 6903
1960 8887
4139 1503
3327 3648
8929 8075
9653 9219
2163 1915
2002 3001
7574 3068
4480 1804
888 3706
5678 3002
1647 9001
5909 792
4090 2458
6838 4755
1712 6648
8832 7512
1757 6637
1275 1095
7065 6924
1018 3748
421 1199
8015 4373
6478 8621
9470 7732
54 1363
6709 600
8904 9450
5238 5028
5754 1971
4882 9847
3714 9373
7303 7113
4176 5035
7284 1009
5861 8812
6 5811
2769 2232
4124 1713
6896 7373
7245 7906
9312 8655
1279 5486
2824 4589
840 1293
4532 3961
1953 9197
9462 5750
3757 4477
9300 2368
1850 420
4854 207
8111 2004
1374 7649
1637 4877
6117 4156
6986 9294
4468 9566
2217 7342
1345 5466
5398 8448
3433 2800
5645 8871
4655 1635
8011 628
8940 1498
6529 930
2739 31
3864 7611
7279 5068
4439 1036
6965 3436
6301 156
607 9100
3196 7712
2775 6775
5276 285
1147 8181
9291 7381
8238 285
1230 6130
4796 8027
1609 278
6183 7373
7788 6716
5713 7223
4112 3961
1771 3238
1036 3892
947 6527
4007 3290
6559 4352
4670 5984
5963 1737
7810 5126
2646 5284
4082 2217
1093 287
1898 7993
4237 5505
9762 5640
4695 8501
2130 4787
4693 1160
5598 6505
4822 4493
366 1526
1180 6212
4871 9369
1931 1124
4199 5187
8684 4016
2426 3675
3663 318
7004 1334
1577 1828
5748 2363
1770 8090
2100 1211
2325 1416
8450 8349
5960 8845
3212 3850
4075 7587
9577 3851
6139 18
4271 5373
9157 7697
4581 8775
7414 9855
500 8118
5732 7099
8357 3006
1945 9085
602 2811
7596 6421
5608 2716
9165 6350
2625 6942
2875 16
4045 2078
8748 2205
1971 1812
8225 1742
3426 9557
3378 4957
3077 7062
4994 3533
2802 5027
8597 1013
7293 7005
9915 6011
8819 1998
5569 4197
2488 5951
3339 3190
4560 4262
5853 6330
7084 6566
2599 2995
6247 6015
6755 5080
7939 7234
4711 6796
9919 8779
9035 1620
7497 5820
9817 4215
6510 581
439 5209
9394 2359
1921 9726
6563 3963
6315 4418
2823 258
5403 5054
4701 1527
3998 6221
1881 199
7732 1992
4780 6242
4240 4905
7249 6053
5987 915
9445 8530
1880 9537
3328 264
6010 1705
913 1883
1310 4918
4653 7560
4780 4030
7267 370
3661 5609
2344 751
831 9142
3106 9599
514 9324
8190 2157
1709 9897
5097 824
2875 8448
5007 9922
4358 6637
6438 4581
3455 8470
7138 3668
3164 4172
6533 9720
4130 7328
69 4030
9016 944
3252 5109
5779 1053
555 4466
988 8329
6336 5983
2567 2306
3264 6117
7000 4084
8936 9661
5473 334
8137 6097
9789 9349
8825 2941
1345 3082
7932 3239
2609 7886
9218 8962
962 7069
6798 927
3943 9062
8309 3214
9952 613
1844 5518
7525 8700
3652 4135
9659 2767
721 5746
6671 133
9513 985
5992 50
1800 4991
1673 5121
7702 8993
6810 6520
1804 8544
3424 6157
8374 5103
1442 4904
3423 5268
3583 9475
5994 7700
6578 6685
2836 9558
6609 1899
5559 2051
4858 2944
6848 6079
1302 770
372 6451
9040 8033
4715 4486
6009 2657
9738 1271
1661 9226
8777 1643
7210 3725
7233 7234
9662 4498
5560 2051
8072 9487
5765 8755
4970 8638
5988 176
5395 9834
427 1602
5036 7167
7787 2163
6627 6370
8757 2521
5807 176
7789 7695
3307 8514
946 6524
2566 2929
9259 8913
9444 4628
3109 4630
4657 3414
4212 8332
1340 7602
3311 970
4167 8932
1693 2013
9478 2039
140 7854
530 9945
5078 8611
1472 1406
3041 7011
2625 3335
3786 1804
8339 2202
6862 5979
7673 8484
4199 5519
6009 6804
5650 2607
6108 8942
7640 5860
4587 808
819 1543
9061 3945
3471 5280
2738 4880
8601 3013
9779 953
2699 9747
7577 7788
3692 9590
5707 2362
9348 1360
2429 6823
76 2089
1789 7271
8908 827
276 1231
4296 3071
705 1883
5777 2136
5832 1938
5145 2113
9770 475
9104 1513
6266 9698
6266 3267
903 3373
4742 3940
7169 9183
2606 8301
7030 3756
6427 5512
714 5957
4328 6652
7075 4613
8235 5092
781 420
5569 8465
3847 5083
3839 5669
2154 4234
3552 4414
7260 8794
283 7249
8160 7153
9091 9030
4189 5914
7409 5283
9559 8746
6753 89
4889 5858
2767 2586
3477 3710
8059 1856
9554 2979
5703 9227
4129 4723
3834 1246
45 6597
6561 6441
1624 8956
9240 4633
1284 2106
8576 2247
2007 6289
4484 3618
989 3690
2100 289
6631 6109
9112 4662
1056 7381
802 8686
5651 7704
8860 1013
7887 100
1184 6413
8689 36
9614 8194
4168 6651
7904 481
310 40
5857 5369
8459 81
8561 3808
5366 1400
4893 1999
7871 6733
337 2032
1749 6167
5828 7700
9708 279
625 8220
4282 7321
5563 937
4320 5559
1235 1654
6013 3292
2059 2477
5122 2737
9546 1737
574 5704
4728 5921
661 2759
5421 7582
4936 9625
8215 1464
3912 5434
1508 9987
2579 4569
5034 5409
8320 293
8931 1525
1450 7212
5953 9351
9226 6025
8306 9166
8053 894
6927 5132
821 5338
6001 9969
714 3465
2206 9235
303 8516
7622 2196
471 1464
2095 1699
4722 5370
6602 8171
8870 334
7154 5211
7530 8768
463 3530
3108 7385
7940 821
2472 3383
7880 2740
2244 6881
1696 9556
8520 729
1991 2618
5602 6652
5438 8906
6365 9685
6544 50
8201 887
5372 9122
1470 1929
6811 1261
7252 8657
8087 3301
2553 5048
5410 587
8378 3506
8267 343
5180 5899
9521 7106
1423 5813
6027 313
2098 4026
3160 3821
2437 1637
2657 6791
6954 2530
9848 3245
8100 7132
4522 9056
5507 6830
397 202
679 3535
6520 7523
5718 6298
2390 9539
1303 7318
6817 1499
2157 7340
1681 1737
2082 5694
8300 4778
5971 5934
3322 1552
8494 3152
1593 3985
9329 9006
1569 9719
2365 4955
4979 7385
3512 2012
5142 4160
8783 5296
8312 6828
3308 5000
9278 1229
6482 5011
8620 5113
2065 1667
7039 3544
9489 2548
823 1792
4263 5357
4213 1535
5472 8507
1643 8925
3447 3616
9121 9011
2350 9112
3637 3653
398 7791
8297 1656
8573 563
6485 2978
2782 3120
6456 3214
40 8328
5932 4278
3692 7291
4097 8461
5460 1941
1214 930
7863 8601
2531 9475
6844 8949
2486 5456
7999 7222
8043 7468
7408 8149
678 8969
9480 9210
2087 932
9191 4409
5810 557
8961 5903
9811 3209
9130 5840
3139 4698
5080 980
5296 5152
4494 2513
5775 463
847 8090
2439 4228
9006 4078
7578 1114
5386 2527
3059 1518
3590 560
3452 451
91 7659
6189 6800
4656 43
6003 1242
5953 8421
4150 2915
321 3456
848 773
8798 9818
6669 2884
3845 9909
4082 7587
7622 5396
2298 5862
8136 9093
3223 6272
4648 3357
9057 8993
5518 9100
2755 2336
9045 8498
2394 3015
3676 8568
8324 1621
3632 6991
7570 8293
7588 9038
429 7069
5456 3519
9925 7434
4992 3202
7191 8990
6152 9862
4667 3159
5545 8947
6273 8150
7932 2281
4554 4161
2066 9212
4888 6430
3236 7463
796 2859
5521 5016
523 9873
1186 9015
4570 1635
3240 8594
1750 5518
1313 5591
9954 1151
9310 3619
5684 4639
4699 8959
9531 8606
7791 7249
2222 7229
2099 8346
3973 229
2014 9466
6393 4565
460 6710
4116 9112
2514 4149
1830 972
6901 8683
5165 6858
5462 4875
3131 9297
9314 6284
7673 8038
811 7624
6267 2920
616 6743
3217 9310
2628 6885
6326 8404
8539 1771
9138 9101
4698 8940
1672 6835
6164 4419
6233 4411
4263 970
179 2579
6764 7633
3213 5849
9809 1577
9350 119
1044 7598
4616 2488
6006 2169
5533 1253
1800 4550
1970 9273
7890 9610
8316 9104
616 2986
5060 6812
5281 3601
6431 9462
6442 5945
760 6540
8769 2240
5876 2794
748 4425
7604 9576
2920 50
7084 283
9873 8287
7795 5633
975 6351
8270 6045
7627 7528
8057 8115
6630 6677
4026 3590
3185 881
3054 6598
3440 7231
1147 7078
96 4004
1707 5480
2985 4753
9115 7259
2921 2334
7356 6355
4582 2504
3211 4502
538 7811
9678 9636
1798 6023
9081 2268
4123 4328
6236 2273
618 2897
7061 3486
8606 2547
7290 7296
2922 9055
5654 6707
8627 7606
8067 5678
7358 8864
2324 4720
6349 1916
5800 5428
1585 3426
8508 3367
7518 1995
3554 620
8951 8032
8184 1259
2721 873
5090 9944
3486 264
6206 9127
7306 2011
1498 8121
2113 4425
1607 1179
5210 9199
4703 3324
8864 6533
9921 1495
9485 4436
6136 4133
5060 1248
592 7345
829 2451
2038 6422
5714 8673
7670 2860
24 839
6203 7111
9879 631
7135 8975
871 6197
7200 6512
8277 4898
1702 9451
7756 4236
7963 7923
2407 1015
9232 3856
