10000 10000 10000
3189 198
8875 1185
9995 1259
7645 921
2607 7601
134 376
9917 3949
6539 7061
3634 6149
3111 7197
7124 1945
9705 2389
9704 4447
6482 2444
276 8733
9791 9245
5755 5932
5429 8322
1584 3671
5834 2655
2401 5373
8275 1631
6912 8068
8860 126
5408 6182
1890 9739
1121 7464
5820 8843
9923 7101
4735 9451
1798 4700
1181 7974
3586 127
5010 5299
9625 9437
5584 3664
8846 55
8551 1578
3374 7356
7454 3845
5836 6514
187 3327
926 5255
7394 8367
8739 2523
4277 7637
6729 1259
9377 1573
5425 8760
6249 1774
7553 36
8650 3889
3175 4677
6863 4157
6360 477
6870 7299
6486 609
4497 2613
2113 3347
3753 4502
6349 3434
546 9507
3004 8993
8384 8519
8702 3955
7860 1598
1918 7086
4882 5301
3469 7146
6323 3624
2986 5551
5259 6238
9547 9861
5815 3730
9106 6106
5106 7922
6492 5293
8070 4845
4235 2424
7168 6157
7908 6824
3828 7806
4071 9624
1669 4103
5315 7327
1014 4439
8917 1093
8226 9150
5971 6207
9229 5434
4274 2475
5306 455
8675 356
2655 1288
4359 359
2333 1421
8184 4452
4342 710
7647 909
2465 9924
1847 7179
1425 2424
7198 1071
4993 4185
2821 6939
1225 2129
3536 8175
752 3492
4729 3451
9136 4641
1359 2214
4554 2230
7738 888
9519 4185
2404 1759
3160 2105
8623 394
4132 6794
7096 4544
8109 1727
2292 7512
8333 1216
6758 243
927 4157
605 11
5935 2929
2164 7383
4244 8822
4426 4696
4380 6198
1589 3757
1490 4769
8815 9533
7935 484
6284 6722
3327 9765
4579 3214
3075 2798
2202 9883
819 4840
5781 7087
9536 165
1787 5401
5132 5569
2328 5019
896 6418
7074 5843
3654 229
1405 5853
1236 9462
5607 4487
6378 3152
7892 459
8690 4587
5879 6359
1110 1670
6606 9805
9891 7215
479 8940
812 1913
6613 3842
1951 3769
8857 65
9418 5184
1959 215
606 51
8187 4292
3784 7701
1279 8403
6323 3761
5002 7849
8262 6793
4373 4774
7140 2414
2869 676
5613 3400
6270 6471
6677 4123
408 2448
1355 1594
8950 705
246 4119
2527 6117
5874 7734
7670 1087
788 2375
3531 2568
413 612
3231 4508
7138 2941
9772 507
4926 4139
8797 3293
3137 9834
489 4257
2914 2967
8888 5972
2452 4744
4322 571
3491 8193
2638 4574
7152 5145
3160 1244
621 4922
8036 8236
2509 5413
4581 2428
3396 3061
2105 4510
4745 3247
9055 6681
5053 5534
5199 6279
3100 889
378 2103
6640 2509
5501 4352
6672 4500
4793 5401
9134 5636
1055 4743
6309 8186
1650 6810
1802 3386
2687 7546
8039 1437
9578 9027
475 2099
2928 2035
8823 2273
6859 1465
1103 5962
8939 9500
8257 6160
476 5600
6200 8832
890 1067
3790 2888
5125 5660
5554 6369
7833 7820
3155 2978
5517 4580
8979 3547
6981 2284
4305 7769
5874 2008
1402 5918
595 4378
4068 7379
8635 7652
8073 3833
8515 2174
7638 4952
3370 1290
1687 6708
3648 6030
4791 3651
4421 7390
1556 3897
3689 5593
2364 7541
3854 6856
8740 4173
1000 2807
2665 5567
6815 5930
4178 1143
8600 1896
9982 3047
969 2079
9817 4800
2804 2957
6766 8905
7832 4653
7363 2579
8882 3276
6614 9051
2576 3643
3732 5911
8751 4707
95 1800
4796 6286
8599 4472
9691 2696
6773 238
9226 4444
5025 2196
1926 8347
6864 6297
9301 6520
7798 1732
1442 6496
6172 3914
3317 1058
5064 4820
6506 1712
9663 7731
589 6862
1593 8578
9371 7599
8158 3643
6222 6166
4304 977
502 6881
695 5479
5212 2373
3637 8893
2375 4901
708 8357
9594 4565
8211 7409
4580 5228
1603 9260
5750 2674
5287 2392
4409 897
2186 8396
6479 8379
1204 3402
2779 7408
2039 3899
1004 7173
4489 302
9560 6717
3155 9876
776 4322
3097 4114
5408 2960
893 5233
9781 4537
4672 2222
8740 2328
6755 7878
3160 2213
8978 8483
4200 8182
4651 3339
8522 7755
1768 3776
1619 5104
1009 2254
7885 3128
7145 1247
5755 9139
5546 7539
3055 3612
1622 8033
6194 7964
6117 4075
1035 7215
1516 2226
592 7675
192 6556
6858 772
258 1718
1939 6
6250 4760
3985 4519
3138 2770
4460 9866
8360 601
2940 3696
6527 6000
7798 5576
2788 4035
8661 2272
1648 1880
8188 3462
4518 8117
8137 7005
9929 5831
5361 8125
8094 1273
7063 4904
4937 1169
4880 2375
5043 9557
5007 4193
2269 5365
7782 8482
8352 8980
3297 477
7018 413
2627 7645
9630 7200
6466 5922
4119 2715
1128 478
7301 1245
2397 1534
9718 7663
4733 6364
5212 5349
4011 6762
8908 2733
3376 5866
1723 7626
5183 9885
7457 3595
5557 9254
6225 8796
2223 4715
4090 3869
9713 4493
9548 8258
3981 5981
2040 6329
2236 4716
2887 5046
1772 8943
6263 6030
5249 114
1696 5877
2864 9816
4135 2498
4429 1182
3428 8775
5044 3764
9585 9985
3018 2333
1172 6740
2770 5289
9050 9626
7703 7144
9739 2680
2692 2439
8939 3460
5224 3021
6705 6781
9019 9081
6207 4250
5866 5038
16 3089
6864 1334
654 4110
3289 8624
5947 5818
7473 9385
9956 3939
7732 4128
5748 9509
5447 4765
8338 4680
5060 7970
5059 5971
1389 8913
8045 9869
882 6226
268 5592
2927 8165
1933 5594
8851 4350
54 9143
8379 1842
3609 8551
4761 7470
6862 7093
9768 3756
805 1397
9265 9915
8770 9816
3463 9922
9718 4264
9600 9506
1146 8952
8207 1669
8409 5017
1515 9694
3987 7431
1165 3575
2176 1712
5922 4587
518 684
2597 438
1769 1381
6736 3566
6935 7226
4699 1685
8637 5000
7316 7977
9476 9261
7364 2133
7856 2414
939 8017
3326 2325
6042 1250
3757 1941
5835 1609
1281 6437
6920 7775
2082 9366
2518 893
8977 3866
3578 8752
1364 4757
9665 5211
3587 5940
6568 5280
6605 8020
4732 4964
8481 7781
296 5743
9928 1560
9569 6888
1120 12
2892 6335
2640 4969
5971 3782
5113 9213
4447 3418
8158 318
4450 3584
6384 3256
8886 1475
6648 5248
2727 3421
6943 9598
291 8467
695 8878
8692 3416
2408 7054
8965 9170
7674 4582
9797 8238
3338 832
7201 4780
4433 5742
8823 4551
2180 8875
2835 9460
8812 908
4746 1699
9684 4414
8180 7483
5555 2089
5086 1958
4595 1113
8875 641
964 2646
3398 6495
3226 6317
2805 370
3376 5439
5448 2077
8228 6527
112 7492
5067 3135
7185 1545
3241 4519
8012 756
49 6199
9942 8242
7816 4328
8287 5354
8308 8169
4469 8605
277 106
715 6027
3406 2612
3205 4221
8325 1651
6718 2667
1845 3220
3251 374
1300 8168
7691 5481
2771 7147
1649 9699
6266 9287
8353 4360
9140 2862
5756 5917
3713 8124
4630 5202
8048 6079
67 6020
7125 5668
9963 2026
310 7843
4473 2175
547 2291
3903 8928
2545 1646
7134 1647
2027 8791
45 7442
2055 9123
1747 7416
7947 3821
9903 3799
457 7761
2164 4552
3073 2530
510 6175
7959 8148
9297 8350
7973 9092
1270 3025
7389 2020
193 6446
6265 9086
1650 8394
9612 2017
8456 2503
8888 7007
7188 4588
7168 6833
9530 3329
4957 5271
377 8918
6557 5247
7652 1440
2048 9400
4828 6515
3298 5707
2977 1324
7800 891
6610 867
7094 4530
6567 3988
766 4200
78 3941
413 2553
5034 7674
3173 65
1076 5653
9748 9266
2503 7631
9344 1565
8897 5499
7856 9050
4630 8425
7990 288
5772 3587
6122 4537
8809 4595
349 276
4368 1258
176 7815
9733 5310
7432 9491
1537 7778
2281 5337
832 5592
8795 3129
1640 8089
1044 9323
4846 1202
6581 4536
121 8479
4626 9841
6451 9342
1298 4758
3208 7455
5101 7731
7760 4927
2327 5162
8127 1199
159 914
2822 1853
5428 3407
5808 5590
3989 7206
4955 8793
4298 2432
297 1529
7373 3416
5400 665
4583 2166
1284 7650
7426 9724
6042 8716
8821 9116
3833 5925
5789 7750
7312 4718
8837 8636
989 5391
3843 3497
9982 223
6063 624
2685 7451
8591 2364
9966 500
316 8921
1771 6070
2130 1849
835 9969
4113 3144
6195 1622
8498 3392
7418 3617
3026 5390
9553 6761
81 6496
3383 4164
9760 4292
604 7092
6249 7565
725 4104
70 1250
3655 4007
9322 1002
9671 199
8823 8088
9458 4880
8365 2076
6328 9191
2023 2371
4801 5765
9584 3178
1931 1387
569 2883
1005 2083
6557 4811
6689 5634
7145 741
7085 2419
3270 2273
5323 8657
9486 2268
5653 8915
4860 7797
430 6612
490 9518
208 6946
3883 1381
5581 1447
7927 8260
4416 4844
7251 3527
8774 1605
3841 9540
5762 3877
2055 1553
1645 9053
9417 2206
7189 9458
6040 4822
9474 6779
252 66
9155 4712
1902 1548
1967 5821
615 5214
1426 1298
359 1334
5249 5851
7134 4216
2562 3849
1543 4361
2347 4891
4558 9820
7478 6151
3587 373
8300 4334
4842 1721
3828 8218
3669 5230
2758 8032
2927 9649
8967 944
5987 7740
242 9718
3326 5190
9712 5226
5984 2099
6926 2407
4333 6608
6910 8557
1571 7181
4721 5951
1040 7903
4547 6835
3583 1975
1767 6712
5492 5751
3574 5296
6954 9659
2078 6073
3102 6572
7103 882
5042 3898
9942 9260
6632 4186
5668 8052
4661 647
9671 2558
7046 3124
2534 3889
5917 736
4747 3995
7708 4286
364 8699
46 4465
8768 1544
6151 9017
1376 8964
7043 9502
2397 5870
1675 6182
8843 3414
6929 1308
4900 4213
3870 6087
2486 8889
1100 4020
1885 6303
6395 8300
67 476
2295 5396
7339 948
5541 2805
8435 3905
6434 2085
4164 4580
3574 2146
7296 3340
7108 3135
1046 2006
7468 963
2854 4492
9142 3956
7667 214
4117 1233
4036 7353
9658 1941
7274 3641
1459 9699
5822 6302
3471 4620
5143 2377
9896 7023
4532 1425
7566 1244
6366 2284
9486 8487
2524 6622
7748 7131
2425 4853
5820 8954
8953 892
6447 7709
7018 6988
8326 8162
2966 6843
2375 9955
9831 9823
3033 2353
1858 1208
5378 3821
5260 1601
8986 785
7248 9017
7951 4421
6482 9783
5722 4203
1730 2236
678 2205
3215 2225
2623 504
6988 9492
1194 9071
858 9893
3692 511
5857 5232
5153 1526
3946 6919
3110 2790
9645 1387
8897 1217
5662 9038
1556 1127
4997 6649
146 1219
8275 3363
8263 4185
4785 1450
6027 2492
127 7394
3780 5445
1229 5276
266 1817
983 2627
4035 3505
2381 5204
323 2800
1927 2130
5064 4481
6018 4018
2602 7526
3717 2829
6963 2922
3990 455
2172 1113
9798 6156
3520 7504
6744 2172
3708 2928
9850 1527
1145 8859
5276 2151
8918 4249
2857 9927
7391 2266
5304 9830
486 9138
7570 9851
4167 200
4374 3241
1965 8358
4244 3901
2066 8472
3307 5435
3763 6831
7940 2749
1741 7901
1650 2109
4982 7491
1453 3563
261 3591
6688 3710
9950 837
9924 2699
2885 482
8092 852
5759 5001
6085 7082
3302 6263
2401 3142
3216 9295
3914 1155
8944 4037
6930 2811
9582 6252
9078 4714
3060 8719
3651 6866
8541 2709
4505 1957
4555 6834
7232 6877
158 8830
5516 4318
7222 6739
3952 442
9764 7651
9717 4067
5599 2107
6895 5995
8462 8992
1071 8904
9049 9164
9246 5493
5459 5981
9101 9446
7299 3880
6887 3950
7402 2029
2601 6763
2925 1002
8236 3884
2340 5221
6263 2490
8921 4107
2595 3859
3700 4819
3170 653
211 4616
851 4844
8363 4629
1081 4538
9839 8512
9403 5132
960 8458
1530 222
7116 2890
9688 7508
4148 9027
1958 4285
8560 6932
1517 120
2012 2956
7686 4337
4366 5471
7663 8455
1465 9742
3749 7921
3173 2973
3266 9868
1668 7874
2352 3210
5788 3474
8009 7965
2113 5599
4436 4520
4723 5001
6936 5969
4043 661
2404 5814
8902 4345
3920 2735
6367 8245
8205 4761
2960 7267
981 4851
9781 7768
5732 3079
9220 7895
6084 5523
8018 5955
9234 5501
3180 2089
5058 5534
5153 3374
9585 8221
227 8295
5799 7815
287 6390
7187 1714
7361 7229
3444 3608
8766 2183
9785 9859
9221 2672
4674 8836
606 832
9819 862
9050 2300
7204 7440
9241 7024
6377 5388
1386 617
1249 3723
7380 2350
9803 728
7654 7697
5287 3530
1110 9903
3786 9436
9701 286
5855 5506
1266 6784
7419 2623
6890 2632
8159 6702
9418 9458
8246 1079
5296 1598
8076 7088
1311 3112
7733 6504
8757 6798
1648 8886
2808 621
9940 5351
2118 5441
403 5885
9102 6793
4730 4161
8783 6752
7161 4199
3036 1021
9221 7267
9670 7883
7939 8137
2763 6578
929 3681
8048 2845
8773 1528
4566 7487
1622 1476
3812 7715
9478 5141
7133 2436
8808 476
9252 4767
9418 2535
1545 4121
1126 808
7658 9390
726 2079
2601 4974
6981 967
1472 607
4730 1224
5867 5791
3644 4633
7824 4788
4904 5462
7731 1616
2236 7295
4666 7301
3746 2020
6572 9308
7111 7867
4313 6187
2223 3072
4788 1016
7268 3434
8914 7679
1962 1327
3859 5099
4573 8608
8323 4454
9146 6850
2212 7308
8878 4116
4179 9506
7844 7376
1466 5375
8142 7628
5128 3361
5957 8206
778 3999
2605 3797
6259 5626
487 4860
1826 4342
568 2783
6753 6319
2704 7229
6388 9487
5692 2127
9290 5108
7105 1727
6553 8898
7093 9166
4175 6555
6360 3063
1362 8091
2184 1707
674 1248
3133 3060
1747 3156
6341 9036
4157 96
2077 9614
2059 3194
6978 5715
4419 8132
6288 9940
2204 9577
4472 1762
6906 5495
7719 8771
1868 4019
9568 9199
9398 4241
1226 2775
6330 8325
7315 5780
4647 9553
9086 8494
2990 6150
1300 2895
2678 9087
4018 3684
564 1148
8445 8449
4553 8161
5379 943
8222 925
2439 6570
7306 1723
7517 8023
3765 2309
8801 4357
7813 9695
1874 1558
4080 5968
9006 691
4545 338
4171 2844
234 9200
8612 5091
2424 5966
5422 744
9061 8724
1952 7081
8178 1260
8482 2987
5606 4100
5742 9696
328 8814
5887 7954
8972 9365
8794 3770
6567 5671
5483 114
3547 8008
6107 156
9715 4887
1231 3253
2221 7477
1766 4337
2627 9731
1368 5549
3112 553
7611 8356
6030 5630
2434 3813
4203 8371
8887 651
5419 2325
9280 8052
4133 7961
5664 1771
9558 1656
2634 5700
6757 9155
3130 9859
9241 1685
2760 911
4692 1338
5187 4752
6861 5791
8227 9034
5561 3330
697 3589
8076 8457
1361 4079
4589 2758
4876 7224
6620 3934
856 6181
7506 7809
5403 8139
9374 7016
8665 6785
2862 5732
6107 5825
2321 7571
2724 2296
5966 4783
4205 7549
2219 663
2010 487
9692 5311
5525 4875
7244 3725
8901 2900
8827 8937
3306 2960
7400 2758
7420 631
5814 9261
3428 1887
2933 3342
7982 9402
274 6191
7526 9102
5476 686
7807 6359
9961 7662
2458 412
1511 9926
6346 9005
368 6550
7049 9170
214 1772
7522 4343
6452 7223
4257 651
4090 7963
8959 9758
4866 9923
4661 7142
8946 5597
9746 6654
4648 7811
4213 7374
1741 1441
5007 2730
3856 842
8096 9742
9600 6212
7981 8246
9444 4235
7221 8310
3297 2364
7299 4527
449 9669
6054 1936
7452 7702
3716 764
4707 3167
6606 7239
3929 4557
7399 8732
7154 6390
6866 5212
9177 6101
5211 8755
1861 8195
6101 4720
7740 3960
4710 9337
148 1422
6755 7682
9545 1527
6997 7376
8554 27
3707 7388
6726 2936
3094 6002
701 2958
407 6090
7124 3762
4249 5680
3058 3808
9509 4562
5246 373
2472 4284
6501 9684
583 9562
6093 8177
811 9494
2266 3337
7200 4360
8099 9840
3810 2798
4067 9922
4606 8706
9158 3742
7089 6540
9240 3832
4126 7940
5627 9145
4605 6098
775 3319
1854 8781
5257 7330
2109 4404
97 491
2778 6445
8913 4191
236 2188
9011 2742
234 8226
396 540
2129 6555
9529 2799
8180 3413
7536 6961
4244 5133
7359 470
2099 9434
6954 7701
1267 4011
357 5805
2403 8331
3173 4061
7144 7021
9770 4797
8889 3418
6907 7628
8078 1673
4798 3321
3046 3490
9646 9985
9447 3994
7199 141
5725 4633
1028 3508
6601 242
5361 4949
7917 7328
5045 4351
7021 2763
3486 3010
2813 8193
2605 5649
9584 3306
2156 9701
5749 7633
7044 1635
3031 987
3652 8430
4342 6656
1025 5207
7249 1903
9471 9475
1335 6011
1794 8794
8394 4044
128 4861
5446 4120
2875 9782
4190 9527
5991 8878
8813 2055
5237 4486
628 8379
7353 1576
7459 8323
1373 6809
6140 9222
4392 5807
5691 6514
8709 908
5879 2795
8878 5084
6417 9373
7862 6054
5220 2482
6078 9167
8854 9046
9382 9602
1943 7546
6765 6212
2386 25
4469 4247
4057 2002
7721 8253
9551 487
6307 3247
8835 1773
9772 1484
6271 2404
291 6778
2435 833
6299 9432
5439 3837
2710 6345
7875 3495
8804 6156
9191 2165
4265 179
4074 3205
6448 8925
5258 9982
6197 9510
7147 4421
4335 7376
1839 9357
4835 9154
546 1983
1346 1582
21 921
4240 6639
9786 40
4339 348
9659 8632
5591 6104
6494 2184
1698 7145
1679 638
1199 8
1039 7808
6517 7906
563 3372
673 1344
266 1357
3643 6384
2918 3942
648 7804
3051 3416
6469 2095
4210 5887
7645 2048
7108 6224
4610 8774
9627 4347
5720 8313
4112 4690
9400 315
8601 4843
6135 507
2998 6696
5689 7838
7240 8294
685 8082
1037 8079
5906 6749
7298 7103
4832 9377
7044 8140
4245 751
4512 795
8353 6343
1646 2529
9166 8409
867 9894
9472 2583
8046 5599
3051 126
8097 2758
9796 2190
3522 5344
3994 5502
1966 9613
7369 4304
9270 7704
8955 6234
5101 9851
4444 9040
3109 7003
7190 1017
4251 6945
9177 3385
3854 3469
1621 6210
5046 4320
4452 3805
446 7366
6015 3143
5363 8235
1334 5688
5412 698
1563 105
9319 2448
487 4033
9762 1272
9780 2392
4500 2385
4950 3724
9932 3744
7680 4453
976 3471
5855 5098
5253 7744
7134 2877
3466 170
9685 1479
4665 3814
5422 2045
7870 4210
9370 9340
2028 6005
9923 7146
6846 4506
7559 8849
7557 7271
7280 2078
7534 8872
8299 7876
4351 2191
1817 364
3003 1543
3556 5489
9405 6794
4778 8184
7862 1918
4322 9190
6377 9296
3420 3206
879 9688
5139 8250
638 3930
6617 431
5519 3342
8493 4864
6615 5766
170 9160
3719 8186
3078 6103
7829 1835
8496 5276
964 6559
3852 678
8285 3203
5414 2207
265 693
3179 7058
9531 8156
7508 4745
4752 4279
5428 5420
7751 2167
3688 1352
1116 7295
1544 4357
5947 1804
8647 8276
554 4704
3862 9694
1448 7480
8936 9088
7227 7049
3437 8900
268 9188
9955 5015
6369 6489
6192 4546
7097 9127
3560 2435
947 2260
887 117
8213 6420
9470 5027
7504 2421
401 4038
1695 9881
7729 2391
8149 5761
2160 6540
7884 4891
7097 9544
4136 998
5281 4736
4551 2228
3282 3658
5620 6816
4351 856
9018 2292
8367 7065
150 9741
9450 5109
5444 8983
4658 155
4763 761
6677 4051
3713 8160
4528 7284
9639 2811
7852 2143
1606 8371
118 2893
8199 6696
1620 3273
3440 115
3009 8996
774 790
6076 1919
4057 6649
5166 8109
5897 942
1903 9199
1999 6013
3063 6709
9518 2460
429 5979
7370 7715
1223 8602
628 986
110 575
5849 9818
4300 9098
4023 2114
8638 7992
3422 4894
7882 8114
5742 3742
5635 662
9959 3097
3356 4427
102 885
7336 1097
934 1753
2189 27
5317 6485
788 5137
3977 1356
426 1062
5025 5617
7173 9469
5407 9625
7438 1876
9771 6408
1858 7656
9776 3165
7496 3431
8875 4880
2112 6858
1920 1464
6133 4815
4403 9165
2766 2093
8534 5446
2187 4901
627 3460
6831 6607
3151 810
4112 1538
3198 1125
3874 1207
1178 1140
8232 7128
4875 7947
3608 3158
5326 6041
5943 4303
984 1454
1348 9969
5664 2240
3500 9104
2658 6431
7954 3023
9907 5420
5697 1341
7852 7889
1807 1723
5317 4069
6033 3541
6574 1307
5911 510
2448 8018
8354 1176
8505 5404
3273 6836
3792 3756
428 1217
9971 583
9557 4401
9724 6500
4481 634
3090 2351
5866 1302
6442 5832
8705 6573
5924 7259
951 3835
6781 1455
8008 6949
4476 3811
8485 6350
6521 8146
1933 6603
4576 9687
8224 5256
3855 2617
5149 5664
5216 2668
7290 4977
7550 1739
6895 3690
4906 9700
3249 4485
4368 1670
9369 1843
3158 987
9879 6962
8140 9613
3393 2856
3030 7779
213 9733
2067 6799
8734 8723
5854 5043
8376 9511
7055 1549
8777 5098
3310 4436
1491 805
1922 1344
8947 1602
9776 6884
1351 1018
8222 5205
3322 5156
9529 2857
6462 928
3968 1742
2337 419
2691 2967
6400 8798
6550 1619
7007 2855
5420 3906
2076 2968
3456 1662
4403 608
2085 7486
7557 9457
2989 6682
552 6530
7950 4204
7972 5125
8231 9923
1569 2430
4103 8489
2549 8469
1724 1884
3741 4598
1552 4420
8675 3654
2681 2242
4105 605
937 2570
9743 1726
5244 93
8373 7026
2547 2152
3692 4478
9381 3324
4093 4396
5726 1218
706 9637
9255 1285
7124 255
2459 7243
8211 8874
7495 3779
2477 2968
1490 6373
3479 848
2091 6712
6794 1587
5724 5401
3254 7876
9175 8687
6180 2557
2191 6216
1290 4754
5547 5297
1135 1591
2065 7143
321 8769
9375 7498
5462 9575
1686 9673
9205 9059
4947 7091
3943 9290
4729 4028
505 896
2955 1785
1150 6068
3501 8514
2870 3808
4632 249
8636 7284
5026 1116
6810 5410
6755 4532
4905 7091
9043 3813
9528 6080
1223 5436
2219 9573
6733 9126
9051 6011
4433 6413
3845 445
5458 1150
8229 1848
9910 5660
6354 5723
2272 9333
2087 9830
8588 2207
6096 1670
3260 2891
2753 7291
8373 1141
4534 517
4415 830
7895 3020
9605 5266
581 3605
2458 1680
7585 7871
8271 7035
4930 5960
103 2197
6504 831
9499 1807
9382 3919
8258 3401
919 8151
2986 1993
5440 9963
3797 6243
79 2759
9520 9656
2680 7092
5523 3131
4468 1981
9170 8072
4629 2854
6544 1428
2520 2551
5102 7292
8483 1423
7579 3149
8538 5851
5454 8667
8307 7562
3320 7824
9526 582
8932 8761
1311 7771
1087 7287
2401 3682
3410 640
2924 2918
7190 4785
1115 7694
9590 3813
9340 6142
8854 6402
2917 5460
5135 746
651 652
755 907
802 4620
4110 3996
6366 6579
9916 2825
5768 8214
734 5312
5325 5576
7751 652
7786 1648
54 1695
8483 4343
7606 3934
8155 6978
7457 272
4604 1563
5033 3610
189 7416
3603 9366
88 3187
7226 3769
5618 620
9387 8558
9442 9047
5038 9996
617 5469
9226 2656
4893 9709
9313 202
6926 707
8063 3005
5736 4683
7412 2351
4793 8599
5356 6034
9800 5070
8274 394
6091 4215
6716 4361
8327 2280
73 117
8801 1587
2674 756
6066 7937
7447 2242
2135 393
6380 4005
148 443
7265 7789
5626 6573
9698 772
5856 2806
9742 9542
1503 7078
1039 8939
69 462
6292 9750
328 6568
6353 2140
5102 1861
6344 6719
7687 2080
7581 8968
6751 4982
383 7662
3756 7087
623 2315
6875 6920
1928 7416
3786 1043
6864 5367
5791 5711
7782 3234
305 1644
5899 9356
836 2343
6264 1432
5604 7767
5188 8785
9832 9854
4219 5501
9760 8155
3805 1134
3784 106
3233 6448
6715 7655
50 5584
7285 197
4877 8731
9192 6645
4394 3987
7606 4575
8332 6026
4291 3301
6470 6924
4321 7961
9168 184
9927 7706
7310 8848
2135 2104
7148 1865
8160 8482
400 1087
8877 269
8442 9107
9984 9040
4856 8559
7661 161
5143 8951
3541 4283
9189 5012
3472 2462
8437 6632
4732 8417
3558 2930
3989 8730
1466 8786
1464 1649
1141 5069
4645 2876
1802 4204
5178 8824
2299 9008
7546 1770
8121 6720
9975 2940
1381 2078
4594 1809
811 5631
1336 3778
8911 6272
3227 1819
4948 3635
3259 5092
3637 7015
8473 976
1186 4327
3765 2506
7242 1835
3171 8166
4896 5744
1077 5496
4356 9295
4036 4815
9581 446
3598 8723
1728 7658
6915 9368
3975 6315
2297 6116
671 2184
2033 2630
8843 4013
6026 5982
5996 5355
5814 1071
2536 3894
5546 7836
1772 3625
9720 4472
5681 3706
7570 2163
9678 6475
4942 7982
1282 8660
8237 2099
9217 2867
8330 203
2173 8420
9947 3307
4450 1467
31 6867
7676 7195
8373 4975
1369 9229
1530 6411
9691 9795
1763 5613
5587 1954
2880 5984
7050 5522
8824 5714
4688 2593
725 2622
3833 6404
8221 8159
5447 8479
1636 1584
3993 6810
3952 3007
169 7559
953 7660
5300 3084
8783 31
4057 8907
9323 7080
3947 6130
9116 2889
7438 6529
3331 5879
955 4853
2907 318
6096 1711
6065 8733
9031 7909
3054 3782
3947 5233
850 4962
9129 7893
7401 1703
3785 5266
8555 6212
1563 2083
7620 1459
8878 1547
506 7883
2675 8022
3041 9923
9488 3027
5537 1980
6062 4419
8982 7951
8919 7585
2358 5411
299 7810
5859 6516
5623 9740
1484 962
4837 3929
7608 1676
4081 2302
3783 525
3847 3772
8770 1403
2533 1903
1917 616
947 6922
9127 5079
560 2348
7796 4775
7558 7699
1537 718
2947 788
8187 7967
2298 4038
9836 983
9201 4737
8906 8638
4409 9141
1789 6365
5182 2301
4906 5205
1506 1332
1063 8088
8348 3610
8687 68
4936 1744
1771 4163
7964 3024
9434 9129
175 8632
9125 4203
5894 7430
6411 6732
9409 774
9287 835
4102 9176
4790 826
8763 5256
2527 4415
7270 2056
8397 7730
9966 1688
6142 5558
2731 130
3036 5188
6763 2389
6253 6764
4999 9906
3958 7551
2489 2231
8111 8872
2521 1066
6307 3706
9400 5061
9248 5526
6996 3992
3065 7580
3484 4182
3949 5140
4758 2025
8809 6837
8175 213
74 8020
1169 725
2609 6138
817 391
6076 7586
8086 954
8043 7806
2391 9991
108 2236
9076 1860
7616 4129
1020 9550
6400 6984
3097 4082
2079 60
2609 3285
763 343
4832 1522
2903 3584
2872 73
2971 6459
1345 9910
5132 595
6370 6808
2103 3321
5704 2085
3196 5232
1504 1690
5064 3245
1393 2534
9474 6967
9711 9326
7276 5098
193 4289
2850 5807
7528 5180
4701 5350
7930 5320
3715 9598
2412 1589
4273 5369
3868 4205
5530 3775
6563 2000
81 3707
7936 1765
7664 5074
9340 6113
9699 4429
7490 6636
7700 2428
2067 1877
1775 6509
961 7711
8690 1402
2149 7993
1698 1766
3758 2206
5162 2071
5411 2078
5881 9599
5914 8168
2797 8984
3434 3145
5749 671
3310 963
213 4754
3331 9160
8121 8756
8772 8637
2844 6513
947 4113
918 6202
4010 5401
6549 9845
9689 1794
466 1842
177 7157
801 8353
6030 4795
7247 7526
863 1830
5784 6346
9734 3280
1392 2140
4655 7292
9316 9906
813 2292
8399 2019
5446 5728
8226 6700
6564 862
7804 2227
2296 616
7865 9660
1573 3088
4471 1937
5306 1145
6089 4194
6879 6958
8055 9843
1405 4665
979 4298
8978 5227
8843 9715
7530 6735
7759 2621
5983 5670
7818 7091
5969 4844
8782 8555
2878 3910
3647 4923
7187 1146
2586 9581
2400 5309
7113 9440
6858 9085
9775 2454
4123 3427
6340 5296
7 4823
2911 3863
2357 1879
7923 5254
8304 3123
4680 9786
1940 6570
1562 4508
1010 6863
6437 1934
6248 965
7834 5302
3260 6919
4000 6741
6269 6921
7880 8453
3462 5513
2391 5042
3961 9160
8577 635
2885 6127
609 5527
8882 7410
227 4705
7528 9938
366 4909
3690 2472
8529 6805
7011 4648
2151 7200
8973 496
6823 5591
1769 620
3212 2812
2300 1870
1093 8592
1605 8426
6117 7490
6585 6991
9537 461
814 6142
9312 3629
6941 8790
4171 8840
3323 8586
9241 7231
412 1936
9507 308
6179 7048
8107 9804
8877 5783
8677 1526
8238 4142
2539 6007
1946 5602
3041 827
5062 7413
1253 918
4865 9527
4026 1892
7516 6093
3758 9355
6392 6210
3569 5003
1261 8150
8686 8993
8471 3443
2275 1112
4071 2547
5655 2586
9561 7830
2182 8111
4302 2306
8030 2889
2521 8997
4368 7289
15 8970
8088 419
6702 3481
3783 5029
554 7422
1336 1436
9344 5003
3243 2150
8477 1630
5378 565
6647 3667
1988 1216
2381 3828
1651 3924
2046 4705
7568 1249
677 8961
4925 4485
9921 4703
6846 7153
906 9294
2595 3550
8495 2632
7812 4811
3109 893
9647 2307
9880 4179
2926 8655
8662 6387
7517 2248
893 4778
1462 3543
6062 8954
6165 1626
4620 1825
9838 1375
4778 6107
6752 1010
5936 6348
8078 8318
7030 6198
4882 1941
6331 3397
595 1019
5236 6723
8183 9632
6222 7867
4925 1141
9807 1499
7864 541
3556 3066
5061 8579
3913 8635
9384 8918
3301 2607
9320 179
3788 167
1468 8549
7348 1878
2049 9056
8460 761
8660 6151
6461 6536
5207 1259
1095 6996
4835 3937
3509 942
5325 4223
391 4330
4660 65
1940 9604
6018 2491
1342 9673
1382 4711
8479 6800
8353 3939
2356 496
5100 7190
3511 4185
359 2991
8866 4229
5329 1489
3646 3962
2013 3444
2521 438
7202 4659
773 2944
8223 5535
1302 3686
7757 6788
9814 9752
5002 5250
9838 5141
3315 456
1347 7921
5685 3008
9570 6319
8219 5081
208 8915
4379 9082
9851 7608
373 9955
7813 3991
7683 9539
43 7282
5316 8997
3546 3435
8427 4844
3089 7794
3217 7884
1975 7231
5224 9613
8978 6231
9256 6167
5842 3428
8468 8896
7074 7722
789 7672
183 5124
8022 3376
1629 7644
7537 6388
9763 349
4439 6139
2285 8154
8520 8539
3430 461
8397 1155
6146 3613
8960 9763
2520 3305
5706 1173
6006 7414
7855 9579
9614 1792
6579 4388
1743 9109
7056 5777
1685 5588
4875 1732
8791 1756
5097 633
4077 5425
5369 2434
6867 518
3116 6201
5374 4894
8549 3831
5769 335
9624 4632
9743 3411
6219 4927
3738 3359
8089 709
1348 6413
2226 3586
2180 1564
7591 4560
2602 5149
166 8256
8222 3461
1174 6123
9771 5120
9129 2694
5328 5815
6803 2956
8344 4575
882 8764
4445 1764
9097 842
3124 3566
1017 6263
6868 5614
2451 5778
3024 2007
9535 9359
5698 2300
8063 6364
1805 6141
2540 5516
4481 5782
2402 6781
4615 2034
2260 4479
1570 5454
8974 7170
8098 9950
5714 2748
5651 6180
9144 6181
4450 7907
2311 7370
8219 3512
992 4322
344 2430
2440 5306
2762 2494
7149 5662
3240 4659
8657 5782
4852 6770
6326 7636
4418 1781
7945 7651
1275 2610
1521 20
4543 3014
3059 2777
4440 6456
9693 138
6859 7319
1708 5509
7816 1404
9094 448
8805 9539
8608 6124
4565 164
3022 4719
8570 1036
9709 9610
7366 6860
5140 2799
3472 5807
1003 5126
861 6177
1941 115
9284 3491
4045 2868
465 573
9737 5900
5707 1640
6339 8629
4758 7434
2051 9912
5049 3030
9207 6855
1975 1627
3502 1271
1935 8622
2379 5472
4758 6537
6804 846
2555 7297
9771 7783
4282 9807
9638 3344
6691 9845
1918 2556
4573 9834
8245 9580
4553 5263
3730 8771
5158 2147
6007 6367
158 8118
7878 8749
2469 178
9261 567
2984 7192
1578 1076
4539 4233
1415 9594
9513 3646
4735 2544
7328 620
5181 9456
9719 7581
8961 734
4582 6748
8269 7568
6755 7876
2663 1396
9492 9281
5906 9188
1735 9624
1775 6897
8027 8704
2688 429
6539 7283
5074 9190
3397 5589
9910 7630
7895 8690
313 8729
5582 7339
6406 4063
8774 2145
6374 4764
8860 5424
1479 6764
3009 8097
3742 4365
6960 296
8525 6309
5702 7496
8842 8197
2610 6469
9377 9812
1388 8411
1085 7156
7181 7761
8160 9354
5225 8640
5460 8119
3160 8509
4171 4922
8932 3392
8810 4413
4350 8046
8946 2722
6951 940
4548 479
3646 6596
10 2430
7552 5310
2720 2350
4598 5929
497 417
6362 6209
414 1321
8377 931
5784 3679
5533 9695
1413 1672
1494 2257
6250 2140
4029 6224
7738 1205
1811 852
1846 7280
6222 1981
8073 9996
1252 4259
1277 9167
1098 2451
9286 1301
8493 1394
9386 4068
8351 3240
6052 2341
4544 7507
9350 3829
8415 1986
2637 1501
8142 4170
7919 3133
637 9045
8664 342
4336 5378
872 6836
8188 3339
4811 4656
436 6831
7062 976
5392 7089
7756 9965
7981 8480
900 4491
6840 2615
5371 3658
6095 512
9508 9910
7858 5305
780 409
6962 7613
6907 9652
2635 4451
9535 162
4949 1490
2160 5706
4749 8335
8982 641
334 6508
3059 7337
8424 3697
6248 6291
883 2003
1883 5764
5069 4863
9192 6344
107 3117
5361 5209
4944 4446
5467 8738
7572 5743
8447 8788
1955 3916
5505 3375
9462 5128
3295 4958
1945 5781
9195 112
5258 8923
3712 9923
7712 9516
450 1532
5732 1085
9699 9968
8149 5406
6619 460
4075 8284
9796 6155
8397 3427
4911 5108
7969 2372
4939 5662
791 6782
9288 1989
5679 7499
4830 9332
9323 8423
4068 7579
6075 6055
1345 451
9135 2248
3529 8136
7211 1032
9288 7970
5825 5547
6275 4632
2131 6065
8754 5610
6451 9014
4796 1889
9136 398
5986 9736
7464 4407
1112 8790
6076 6717
4072 1772
2886 3204
4287 6038
4363 8196
7507 8511
5917 5059
8306 6622
1405 8265
4719 2350
7174 7988
3349 1233
3164 4411
3710 8343
8541 3006
9952 3931
5668 9536
8584 693
141 3568
9057 7552
6931 5594
1235 6618
3689 9325
1954 7700
1803 4359
1823 8846
83 8156
6268 7711
372 189
3591 4085
9134 3623
6664 5060
1260 7907
7174 4100
1868 2747
665 7684
6464 8994
1031 37
2839 1250
7684 672
8432 4728
8034 9212
3786 740
5118 8190
2647 4339
2965 3840
737 1657
4103 3714
9961 4490
9971 599
2011 910
2464 1413
2634 8787
9181 7753
420 4688
4440 9759
9545 8746
4300 9623
3385 6142
5982 959
2360 6918
5075 7808
6783 9071
7247 8326
3076 9009
2767 6389
1866 8352
2787 9167
1758 6685
3457 1382
3338 4165
9281 78
5913 8788
4069 7535
4058 134
1547 1990
1735 2840
5870 1782
1026 2495
4787 5366
8010 2083
5681 4365
1854 6581
149 9407
9948 9777
9172 1375
207 6854
2793 2045
9076 9232
95 4493
797 8051
8699 5531
2407 7166
3217 1774
5113 4769
3551 1411
3643 3734
6942 2036
2003 5035
246 5699
5872 582
7757 5216
3687 3478
5852 2566
1881 9582
877 2912
758 9932
8510 7
1199 2526
5648 8175
6780 2922
2891 8476
8138 9945
2377 8244
801 4136
6510 6396
7435 3014
9365 2415
5544 8774
3526 9557
1657 676
2357 7166
3447 5172
8147 7663
3191 8662
8215 8698
9115 8544
1071 4303
7601 3111
6602 5819
7928 6355
1612 8007
1044 7356
4096 5720
6227 2203
2362 2727
4187 2624
2464 3539
8487 9169
261 4899
3844 9618
7362 7501
5951 9940
8912 4626
4854 6590
8394 411
6373 3329
6755 6993
3184 1240
4650 6836
1147 8911
9440 5860
9841 4313
1632 7818
655 7341
5725 710
3646 2157
3393 5246
5767 7301
396 8555
4664 4823
295 651
138 1061
5027 7475
70 9670
4975 706
5423 5004
7518 2406
9129 4828
2572 6723
9821 4923
5904 6223
1084 2140
3511 9503
7202 1103
4416 9604
3440 9319
9909 5071
176 929
1446 4756
5747 4939
6091 4542
1651 4363
8208 2313
4749 361
376 7090
8128 9333
7873 4806
7335 5580
537 3070
8469 4604
4102 1026
1251 9858
3169 8528
7669 9925
8300 1864
4474 1764
268 3548
4968 8116
4123 4270
6879 6998
3779 4047
9736 9692
8701 6374
1701 888
2969 3409
1642 3357
7017 1136
4457 294
9 2386
4663 484
3631 9241
4993 3651
916 8600
1287 4673
5934 8550
293 1329
5887 9101
2142 6616
6440 3806
2336 2096
7219 8512
9003 3160
5343 8030
3256 4992
5775 2395
3676 39
1218 4251
4004 3156
3393 6079
1202 35
3651 4883
125 2400
3965 6518
156 459
3104 4926
7406 1033
6099 9546
2701 6547
3996 5961
7654 2723
5858 1962
8500 3738
9832 5061
9447 4388
9557 5548
3512 1312
6227 4331
1983 8203
2644 206
1640 9097
8958 5060
6603 6653
3379 1119
6998 7101
6053 9809
1187 2228
7230 1325
2727 340
7283 2792
1198 6395
4347 4170
6295 7273
5405 6734
7795 6774
4097 3893
1223 1211
2334 8741
6149 4459
9000 4544
2602 3992
5248 950
2390 4417
8524 9662
5244 955
1226 7460
7534 4221
6898 4530
6931 3857
1951 1571
5232 7178
7000 6206
7711 2525
3207 2661
8254 3625
1997 7353
3028 7457
2367 2021
7719 7706
2389 9665
7422 1738
4877 1369
3984 984
9499 1259
5897 6559
4095 2214
4130 9234
6533 5673
3791 934
864 8148
9999 7179
3819 4727
7152 4330
6216 2114
9165 5919
2950 6003
1704 8111
5590 7414
8093 1436
3029 4329
3799 482
7905 3063
6646 9118
6923 9039
8408 1193
6110 9584
5902 5168
9885 8166
4507 6400
7593 5832
4794 185
6421 342
9075 8824
9196 8442
2130 6731
9458 8400
9894 2726
4261 8077
9859 7122
3836 1107
8052 7150
1041 5049
5553 7887
3027 8973
7436 6758
6607 7102
9447 2744
4389 5247
6483 6039
4340 9748
9218 4901
6623 7867
8274 2106
2162 7697
6133 3945
6993 9313
7940 3702
2790 8522
7435 6954
9998 4468
2148 5855
2132 4973
6695 5137
8109 9867
6151 4678
3369 7298
9324 7565
1775 6647
4956 935
8757 8055
4825 1842
343 1684
1628 1785
8615 4855
6037 9962
802 4436
5461 1900
7630 6020
5848 4442
9569 9035
5189 8895
8956 8092
2520 9154
4660 1783
1664 689
9988 4450
921 8377
1367 4388
933 6709
9735 1232
9204 8280
6678 6687
95 3985
6787 8621
3676 4547
759 7948
4920 4282
5807 9612
8602 7929
4304 9972
4694 832
5094 5539
2800 3811
5371 4304
2766 7648
450 6286
1502 682
1532 203
3664 410
3190 7526
2385 2251
9445 749
1492 3486
8359 7344
6688 5664
1381 796
9605 153
3505 1487
1717 9996
6644 6075
1844 75
5682 61
8146 6939
4295 922
1643 9396
1455 1036
972 7035
8127 5749
5372 6524
5945 6125
5013 9968
3502 5909
4666 6643
2538 5642
1412 1123
8489 2213
5398 1265
1672 1783
6804 8694
8990 8153
6258 6126
5176 2304
7147 2477
6649 5846
3425 9739
851 836
3271 663
483 2267
9961 5534
6511 1722
3967 5643
5239 5364
4950 2815
2974 6157
9530 1208
8337 6751
8217 3432
9177 4735
8408 109
8217 1365
6925 5317
4180 2494
996 3721
3526 3981
1811 9173
5269 482
636 26
2414 8369
1920 5589
7862 6159
8135 4540
3054 6106
2284 2203
5538 284
9627 1377
8050 4082
6134 2419
4104 5555
4808 6601
4966 5428
4337 3856
6667 8750
4447 4684
2575 5168
4787 5406
6163 3831
7405 1534
5842 2322
943 2755
316 3901
4334 9962
3702 8319
9067 3730
1035 8902
4343 3513
3748 3065
2011 2299
6379 9793
1135 323
7587 9676
5068 8234
7316 7244
3922 898
6590 8711
2485 3630
3559 5926
2232 8585
7592 9175
4368 1464
7248 2398
2167 1542
3609 60
7612 7660
6167 8567
2537 4567
1763 5491
7502 518
8366 8621
6209 5640
6765 8615
2091 1898
2563 6654
3967 7932
7666 4564
6728 6267
7995 5625
1401 3076
3314 8893
668 3661
7605 1033
4238 5
8738 3421
6000 6910
926 7252
149 3194
8369 5217
9227 4970
1895 1107
7670 4387
8382 4575
198 1078
6721 6152
5008 6682
1431 8764
7127 3840
2439 1505
8760 2866
6401 7873
1628 4072
9983 1569
5920 4718
2852 4358
9918 5351
5847 2463
5449 8099
1824 8447
1273 8150
9093 8949
672 8713
3499 9853
3972 2124
1114 776
2618 4764
1198 595
8432 6429
1166 5240
5394 1712
9727 8661
5823 9867
1722 9851
5869 1484
6879 2239
7175 5539
395 6529
1082 1033
8859 857
6828 7970
4070 1945
1489 9707
1858 29
6964 3724
9049 3146
1195 7290
222 7438
1573 8303
5930 1931
26 2137
3582 3619
436 4254
297 2317
7929 4248
456 7904
7092 4022
2804 3143
3941 7416
3795 4418
4728 6417
2422 2867
1043 1205
8799 9878
5313 1614
6202 3648
6386 4015
2098 7114
3455 8201
4968 8930
8181 3860
9241 5572
3987 1724
4645 6682
2787 3915
9128 4412
3614 7513
3680 943
2928 5191
1242 9425
7003 8119
2872 5382
5496 3245
3027 6260
268 1573
214 2159
20 1662
7166 9192
8586 5816
2110 9818
3196 4931
7070 9214
4962 7636
2357 1020
9846 6341
119 1179
5547 2865
894 7965
8448 6663
437 2853
5718 9628
6633 3155
3328 9841
7731 4854
717 7285
9455 8403
847 3418
9996 9384
9462 140
6011 8924
9140 5488
2487 6499
7114 7516
5383 4470
3686 3864
6861 2099
4963 8769
8235 6662
9160 596
5193 7552
7229 5226
3689 5193
285 3759
8655 9820
798 4589
2631 2758
6103 9787
3151 2657
5109 5695
280 8874
9942 414
1193 8565
5172 3726
7108 2296
2540 7209
2124 8773
451 8732
5353 3999
2941 6595
7348 8828
4664 3024
5388 1333
105 6320
1110 5811
5911 8643
8498 5614
9756 8276
7366 2325
2359 6504
3371 8376
9081 2054
6140 8102
8757 6017
5736 5044
189 8945
6773 2288
9321 9581
2979 2517
2652 8600
8785 3544
3445 1146
3894 1023
5860 4341
7588 4468
1770 5950
8356 3158
9387 2501
4811 8415
8309 139
2102 8988
1129 9649
6307 1976
4516 5528
2743 230
3147 9356
1478 8915
3682 4692
215 6448
9711 2762
6564 6797
9014 6653
3714 6588
2316 3872
65 6283
8191 5881
7356 2451
4775 9435
6301 5120
1259 9773
5006 4535
5007 7466
7544 5169
7425 6843
6080 8198
857 4896
214 5175
1787 9148
4012 6817
4792 441
733 773
3009 5641
3259 6293
7821 329
7555 2210
3154 8837
1392 8887
6287 4870
1287 7880
3256 9734
3709 3333
9918 5915
5516 9516
9481 8538
358 3407
6750 6367
269 8682
4118 6389
792 9355
6086 884
9745 6622
5104 2801
8934 4808
834 6422
1773 977
9869 68
9790 4073
1043 3828
5355 2716
4663 8622
4426 5630
7308 2712
3505 7673
3756 6737
3515 5773
5764 8048
9105 632
8982 3715
5387 5017
4099 4477
4119 7328
6241 7771
1224 664
5847 809
2177 5069
3398 916
4479 7829
6363 2531
7157 4706
273 9504
2371 1187
1581 9519
6139 1266
9722 8319
816 9128
1155 362
4220 8061
7544 8692
435 4483
4577 2124
4940 251
1922 1565
7420 2619
5055 3237
4399 2822
1565 8208
7743 6717
3042 9386
4933 5347
908 8646
3955 9605
596 7339
6842 3288
8025 9460
536 790
7720 7910
2514 8561
6519 4452
4822 8538
5953 6762
2387 3903
7895 8883
5889 8359
2551 5315
2228 4837
3785 5570
6048 6726
2686 1145
6240 1836
4760 8916
3093 6960
6245 707
2501 7217
1183 1242
5949 5582
4158 3707
8125 4530
8963 9885
3422 4050
5470 4490
6650 6959
7197 1415
8871 1779
3722 3424
3730 1083
454 1099
514 9894
6255 3010
8793 7088
4520 5486
5498 2770
1805 7417
3203 930
8521 3883
3527 7722
863 5388
7050 1996
977 7664
7448 2045
9330 1138
664 6188
446 922
6550 2808
2077 3418
670 3400
5597 4472
7847 5000
2329 6060
907 4879
5021 4379
7147 5333
5381 1054
6867 400
8219 4563
1387 5945
8403 9410
603 3365
6441 3544
4929 1866
3978 9063
75 6010
4333 710
6487 2138
5010 550
2188 3939
8010 4918
6358 5951
6054 234
826 773
3168 3582
4488 7246
3618 7813
8062 7136
9234 5360
1541 8630
2674 6426
1458 1362
5032 6982
3365 5368
8375 5491
4931 5210
7384 2459
8231 5573
2654 7107
5549 1440
6114 6451
9001 9165
1349 6514
3633 3147
8643 8995
3044 6833
2918 2513
5111 5397
8725 7054
6368 7803
7225 6700
2390 929
8155 4257
842 9599
1380 4928
6063 417
4875 5216
6392 1663
3686 7177
911 3459
8027 2967
5156 5331
4676 5728
6935 8228
9967 5755
9165 6326
8482 5276
1606 1161
2802 1204
3044 844
3145 1160
9067 4591
1886 1743
466 6603
7921 7396
6964 1861
5387 426
5951 8852
543 8229
2101 1346
5868 1387
7507 4337
6219 1304
6639 2003
2581 6806
48 329
2019 2903
7727 4457
3688 2632
6536 2973
5051 4992
145 66
9421 3959
8880 2761
9195 7721
9912 9571
7077 1145
5521 9070
7450 4964
1054 6670
8251 2645
1266 732
7420 6436
3333 7282
4560 373
5247 3355
3502 6641
3346 7732
289 7782
2132 4717
9669 3234
7159 9762
1645 8150
5927 8643
6174 6686
1297 3820
7496 5843
2818 1882
4415 8190
4686 5995
7140 2277
8352 5197
2553 397
9002 8138
2168 5180
7242 174
4880 5933
5370 2247
2423 5575
5441 1651
5357 8194
6262 9911
6662 6118
2151 8264
3711 2947
2475 1589
6068 8374
639 5854
8423 3057
3082 2170
8057 6350
7282 9941
1513 72
4432 1587
1527 2008
2688 864
4611 8499
3239 3787
5306 4206
7453 6283
3385 9303
718 8315
7200 761
886 7350
1895 5892
2867 2781
2518 3463
7484 5286
2451 5035
1828 5412
6375 5266
4147 5461
1166 7526
3734 4908
3644 2572
4467 4698
8796 6437
9433 6001
723 5772
2937 9966
5287 838
4149 1622
6819 7974
8401 906
8754 4170
1894 346
7789 6541
52 1179
349 710
465 4992
6524 1272
1987 8472
2223 5278
2811 5789
8091 4028
5187 9832
6278 6383
9223 6729
7042 7022
2881 6119
4485 1923
3371 6950
6392 5955
8887 3464
9030 8258
275 350
9338 2695
5567 25
6561 51
6010 4097
4329 3978
8541 4730
9990 2174
4326 3931
2598 4937
8141 920
6907 7337
4321 1668
7835 8215
5789 297
2284 8745
7697 9327
5651 7515
9223 1197
2107 1749
9965 7780
5413 526
1642 9683
5995 3237
7454 3042
3178 9600
5341 1234
5680 6577
2750 9794
6702 8420
3844 8620
9233 6234
7123 2495
6182 9053
9241 5320
5971 6915
2604 5939
3379 3999
8811 3412
7178 7434
5271 7304
8373 2973
2993 5236
2892 388
5209 1151
683 2161
471 240
1569 4651
3952 4643
4662 2640
8611 9322
24 9700
6034 6523
8702 8912
6959 9523
3176 8069
8832 2155
6678 3851
2669 9493
5584 629
2745 1036
8538 6970
1803 374
3369 4809
7505 8397
8110 2173
8123 6174
3560 1675
6657 4101
1713 7041
266 1197
2207 2186
9320 244
5532 4559
432 3712
6590 6646
799 4791
4520 2378
5596 4771
2283 217
241 1735
9228 5778
9728 6354
1226 5914
6449 887
5238 8457
9542 7691
2886 6130
4718 5250
6860 6308
515 5608
2011 115
1281 8484
6970 55
6519 1039
2003 5234
7735 7017
7861 236
2336 2818
68 5509
6637 7865
7284 2821
2015 5909
3730 7089
7976 8761
3780 6914
1191 6812
5367 2605
2664 1961
1092 100
8639 9827
3502 183
3723 3665
642 9968
3013 9441
1803 382
5218 7117
3474 2118
5929 831
5210 7259
9011 2785
558 7836
2235 1949
2025 1207
7375 9902
1892 9311
6667 3601
3857 3512
839 8870
1752 4965
6685 4374
8298 2302
256 6519
6925 2670
8673 1819
9833 8099
7977 8418
25 6417
2999 1769
9075 3320
2624 7828
8371 9491
9470 5924
2990 6325
7343 3398
4477 6780
6957 1475
2618 1712
985 1141
2739 2750
8292 7862
5400 4952
5281 2812
4515 6287
4491 205
8908 5052
4158 1950
9528 5456
6077 5452
3855 569
5104 1595
5675 3793
1995 3624
8617 3497
7571 6022
145 4917
1145 4048
7123 486
700 4547
2666 2890
1392 1913
1539 9133
7206 2559
9334 6275
547 1830
7642 8950
7099 1066
4539 775
6819 2289
799 171
2927 1707
2908 9090
1007 3826
9586 3341
2622 2800
8361 9441
2613 9889
9502 7767
9139 7391
158 1851
103 9812
4802 9076
3911 7287
1800 3802
4808 4175
6452 9440
7766 3988
6015 5438
7866 8509
1106 2795
5810 3638
3160 8373
3833 4980
4487 2227
306 6526
8404 5140
3565 1641
1231 9685
7219 1001
3465 7402
8271 286
9504 1361
5077 2480
9849 6102
7619 4434
8528 8593
3792 5180
1669 7257
1314 9048
6405 6978
4645 1314
9780 610
5156 2600
5513 8484
7137 5616
6244 1448
3118 4726
7254 3707
215 5447
2434 7393
3804 3975
7535 7676
2474 2532
2514 2626
4473 1505
8109 2679
231 8317
3238 2957
8404 9060
2093 9665
6377 9635
6174 4521
2314 1427
7588 8744
4935 3185
5473 1564
5776 6167
3710 8786
4379 5328
7031 254
8577 9765
8489 6685
1920 7946
2362 7621
2836 2357
2321 9334
5913 9955
7214 2286
8239 4658
3261 6502
7563 8925
308 4413
6683 2391
614 2054
9090 5820
8567 4796
2858 3532
795 1299
833 4633
3119 3339
8518 5155
157 2009
5567 1900
2285 938
2500 1261
7206 8003
5485 1882
8032 1107
7300 2033
9821 3054
1869 9520
4353 5648
7629 146
2170 5576
7134 8960
9028 4419
2678 136
6843 4237
846 5569
3268 8402
4475 8434
9398 649
7818 4400
6025 9525
1620 3904
5552 3526
4599 7947
309 5113
7598 7778
3908 9878
4385 4922
9447 1814
457 9528
208 5110
8498 5375
2108 9940
6738 6700
2494 8721
3557 3638
4440 421
3872 3609
5705 1589
8125 9360
155 6289
3368 3888
2268 9091
8954 5179
7235 994
8250 1538
6023 8156
2793 7083
9517 6190
9062 1449
1741 3504
5970 6791
3336 663
1441 5539
1677 4314
264 120
1118 9016
5442 7859
7354 580
9100 9232
7858 372
8445 3113
8660 7294
5173 5056
75 9172
887 9050
7447 4267
3350 5333
6095 6857
4318 1012
3746 1901
2070 7911
7378 4012
6815 9208
9041 7159
9676 3597
4546 6661
6773 8193
2328 2139
9752 2893
3482 8097
2668 4556
7129 4098
556 8926
850 6669
9609 7195
7657 9037
5733 888
1537 5861
2639 2264
4834 9275
6758 9546
6489 4284
3778 737
810 5193
8054 2107
7768 147
1087 6526
5123 364
6704 8543
2475 5641
656 4038
2501 4359
4367 6497
7136 8892
5404 3197
3921 1462
9821 167
9181 4900
8535 7653
7223 7942
7531 75
3784 1943
7087 8769
5051 4334
6585 7166
6659 8305
58 8932
671 5221
7662 9219
6964 3336
2652 7760
2333 2572
2945 7385
858 7499
4349 8195
9655 9572
1413 1465
2654 8778
6903 9358
4982 7207
4371 3880
2984 2495
7808 8703
6807 1131
9767 2946
3747 4077
4612 2588
8068 3870
7089 369
5478 3757
6255 7100
7085 3983
3528 1975
5003 4275
2190 1910
9359 5398
6231 2872
4981 1346
5438 3352
3026 2077
4262 179
2806 7934
370 7955
8326 8879
9118 2617
8377 4388
8758 9040
5073 1039
4223 7654
8373 4727
5431 1174
6033 1016
8154 1951
6649 3048
429 9892
5907 7538
4851 3509
779 4669
7267 2668
2246 4800
6371 3280
5792 4777
1119 8072
8303 3506
800 2728
1600 490
9590 2165
5897 8585
6418 7990
896 4780
139 5390
4811 7945
2260 9892
4421 2725
2595 2197
908 3461
1701 5885
6921 7313
6218 1851
7949 9343
6819 4067
2319 1601
735 6107
3633 5319
3722 633
4571 4052
7000 8169
8400 1508
9448 9161
5069 5735
7261 7446
7761 8931
319 8475
3860 8382
4779 8511
6764 1100
1944 681
3725 5520
4609 8231
2080 202
3075 9992
7553 6849
7626 4564
8081 3303
8628 9740
3103 3337
4575 6431
1431 1757
8011 496
2824 597
9055 1189
7175 3510
4826 8154
4860 1990
2113 8793
7755 752
8648 7679
4943 8271
3435 3835
301 2763
3297 9406
1461 295
6167 7116
5987 9686
5466 8808
1991 756
2888 8738
8285 4666
5119 2442
1819 152
8174 1906
7837 1497
1660 3709
3733 5427
5405 6159
8367 7975
1248 6415
9503 7402
2888 4539
3603 378
9042 5263
1254 2097
7556 3052
1783 5758
1441 8799
1442 1322
8212 1406
4598 3427
2221 9116
5730 2837
2170 5559
3265 3334
9840 8351
4685 8315
8235 1061
7854 9174
5879 6253
2204 7597
7680 4677
822 8352
6495 4647
9077 426
2680 2846
8676 3311
3011 2514
5003 5938
9616 6329
1329 7450
7733 1705
5056 6823
6319 972
8038 5899
197 2613
4873 585
1869 4925
7945 7371
822 5190
7556 2668
8032 5219
4272 9821
5881 6019
3687 5241
6219 1455
8890 2544
4251 8292
8800 2031
4597 5604
4718 9688
560 1350
1364 2505
3106 8097
9136 8058
7428 5192
7307 9410
823 3475
6788 6137
1571 4297
428 3219
7113 5529
4658 9634
9935 4664
8400 1848
5437 1114
4835 2274
7440 2042
3372 7753
2927 3083
9570 6021
3894 9449
1108 7866
6617 1471
8933 4207
314 6943
1507 6872
4327 8369
2671 6104
1424 5208
3199 1778
4756 7617
3343 6411
4422 45
4400 6713
6871 5327
5821 8808
9686 8830
3439 5403
206 8233
7546 3557
701 599
3221 6530
5096 2335
5990 864
1508 1262
6652 9492
2387 3110
1424 4602
2970 3575
5216 2633
4664 7579
2461 9031
840 1619
9660 700
1538 4681
3178 1436
7187 8690
1467 5416
8993 3135
4141 8126
8809 8822
7205 6866
6034 8055
3533 1711
853 5824
4425 1152
6937 7575
2803 8760
1795 6431
9807 445
1195 1403
7046 1797
9864 2920
1562 4058
4709 8631
3683 5473
1324 7179
1552 9673
5179 176
540 6473
2295 7396
6166 1410
9436 1088
3783 1298
1168 8939
5155 4520
6038 8908
3018 9685
7475 8223
4884 7218
6025 140
7570 3968
2616 511
4220 4455
6076 3187
1446 7108
6302 5265
1314 4559
3491 9848
8838 8852
9424 1927
743 253
6096 2262
9013 2813
1051 5554
3263 2406
1161 6869
8772 7802
1434 8190
2462 5346
4584 2449
6976 1613
2394 6741
7277 5113
4103 4786
7700 7420
8668 7661
403 6037
6964 4934
6450 8316
3712 851
6906 2129
7943 233
9502 7479
9614 5649
848 1354
2873 8102
2834 4518
4178 237
7683 8443
9280 323
9031 9653
5644 5012
9689 655
9004 8235
1525 1086
4472 9489
39 482
9309 7154
4958 3335
4810 9796
7415 7059
1910 4607
4397 1840
3365 3725
5610 5425
1362 9609
5736 9624
3993 1395
2573 529
6450 619
3530 2417
3785 3001
6698 664
3708 730
9567 2692
8828 7670
5243 8585
9684 5241
8013 2811
149 3895
6940 1258
1181 2794
1396 659
5923 7974
2878 1913
2112 8478
7514 8273
7098 861
3076 1036
6808 1355
5666 4777
3045 5457
5659 4834
875 4246
4598 8754
7388 8437
4435 1071
9653 2149
3494 9609
6027 2459
5139 5808
3307 7104
5275 2303
1823 9477
2915 204
2027 588
5629 2057
7965 6045
863 5467
4608 8424
4780 8896
4169 5563
7974 6001
822 5520
9488 809
1147 555
5056 6177
4943 2249
4382 2676
2219 1985
6708 6544
7277 330
8694 568
7991 1848
9846 5414
1680 7214
1510 4611
7183 272
7285 1418
1581 4029
9237 6466
4773 9330
9041 8462
5108 6780
8268 345
690 9339
134 8886
5207 4691
213 726
9469 2307
1149 5580
2795 9225
6453 2864
2888 1467
5662 3790
5970 4367
9636 3871
1499 316
3297 1607
4606 9857
6752 4552
1275 1716
2722 508
3986 3930
6317 5429
6681 6814
7991 8771
5603 6357
7700 1050
6926 2261
4622 1042
3993 4932
5475 4476
2455 4835
6061 5744
8584 6721
3008 1608
3239 8636
2988 2819
7352 3642
4461 4980
5758 64
6122 6184
4259 3692
3378 6255
5520 828
919 8191
7747 1095
6301 1825
8591 227
4047 2121
2018 8275
7464 4715
9419 4193
5539 4958
4215 1843
4829 8924
1907 835
1912 610
5119 2028
3413 8268
2284 5872
1196 7459
3233 8629
5673 7832
3054 3532
7973 1597
3024 2025
367 1972
9104 3176
8672 2061
2640 6318
4592 2242
5519 8961
6265 2933
534 4781
1601 6253
946 7355
2767 4226
2807 69
7395 1395
4435 2755
7264 9043
6996 1400
6926 5652
9785 193
5124 7956
7664 5327
3037 675
3428 874
5468 1192
91 1059
2947 7591
2419 5281
4904 1823
3963 329
6574 7174
783 3396
667 5066
9881 476
5538 1910
8553 8202
6778 2375
9877 444
6409 2803
2016 6146
3488 9790
38 2548
1035 6235
1647 9396
7163 8221
7177 3490
2632 7128
5194 7328
835 8401
86 2799
1757 7059
6172 4531
4576 6726
7766 1688
9210 1396
8440 9436
8544 147
5136 2453
1034 6646
2317 3243
6631 4995
6534 7498
1849 6498
3968 9563
121 3844
1709 8499
2159 6299
2672 7718
5861 2755
2097 841
9144 4234
5975 4679
2560 7702
7522 3362
7696 506
1904 2373
9990 6510
1730 6031
7392 6689
6763 2165
2592 3590
2418 6144
9314 3184
7575 8981
7035 9650
5543 2341
8648 9005
3099 4732
7387 5803
7975 2621
1299 8504
7712 2789
5677 6213
7174 6858
286 1230
9734 9075
6985 9629
9527 8598
4405 6051
7289 5917
333 6889
3386 3326
8663 7056
3220 1868
62 7867
97 6766
6269 9320
710 9227
3716 8547
8916 7125
9131 5973
3013 5257
5688 5366
8643 6636
7650 1172
7542 9401
5568 4711
8875 8412
8718 3058
8577 7507
493 2752
1355 398
1694 7364
4671 3196
7415 1073
2444 646
220 9242
4722 5764
9621 4349
4253 6331
9018 7885
3162 6630
1690 9569
3537 1646
6622 1608
3987 2908
2237 7286
4705 5139
3662 3762
6807 102
4444 5332
6237 793
568 552
6123 865
3419 7552
8117 8197
4769 4952
5053 2774
1076 181
7786 6521
6076 9259
6882 3261
4624 4775
2558 870
7633 5253
3578 8534
2484 8316
2390 1326
8259 3367
7058 8144
6494 772
8593 6378
6518 1614
6008 7452
1564 7816
6955 5122
9724 3057
7818 1165
470 3362
2633 7991
4073 5596
6103 1275
1518 7971
8230 36
7931 7437
645 6410
3240 2880
5862 5021
473 2718
2719 593
5785 2707
4358 4670
8539 739
3410 3000
6919 2521
9452 5418
7213 2851
4830 4167
4709 979
8672 7705
6809 9096
1943 3219
7030 4345
5983 2757
6953 9479
1754 8748
3222 1880
4430 1806
731 7808
2052 7886
9468 5561
4696 1350
6629 9783
7176 4844
960 4994
9012 2980
404 2415
8165 1535
5233 9434
8117 4281
4314 3126
5296 4591
3749 7997
2735 2501
8114 1945
7918 262
3279 5783
3182 8843
477 5336
8993 8379
5862 5500
3702 4438
5619 4445
6214 3039
753 9942
5235 7780
7103 7834
5745 8836
2587 2906
5040 4456
77 546
9958 4837
8756 7347
3561 6052
7297 3111
6450 999
8985 8028
7599 4682
7735 6669
5163 1105
2635 612
2632 9562
3252 9322
7322 5089
6928 6682
1951 4904
9293 80
5781 7429
2338 961
7406 7601
5898 358
9946 5877
4914 7750
6624 9252
6929 3075
6866 7475
4894 6875
1661 9308
7749 7129
1463 4566
4618 5943
7672 9861
4524 12
6141 6943
4976 9684
4645 547
5009 6439
9736 5551
6023 1946
6687 997
1092 5303
1197 969
8766 9160
5995 8507
6437 178
2300 6876
3572 4719
6978 4172
3074 8004
4422 6794
5976 9301
8363 2029
9103 7322
4285 2428
5722 4466
5565 9824
814 5612
3151 4774
1062 151
8233 574
736 1442
8443 9228
3719 9567
1385 4274
3568 3784
4994 4899
8984 1830
3580 903
6649 5687
2565 1959
7662 1918
7266 7595
8780 255
9936 6179
202 8838
6762 4449
8436 1204
7753 3635
1038 812
4447 1840
9784 3350
3598 7693
3887 285
6271 6761
7571 2058
7478 3441
7595 3170
9009 1618
3454 1215
7198 7202
5438 4435
8570 9117
5511 7815
3217 1502
1858 1908
2383 6011
1196 9239
2484 2181
278 8684
4162 1339
5326 9011
3112 8410
7887 2188
6546 8809
1774 2487
7191 1234
7634 2666
4070 7819
5862 6993
3694 294
8423 4553
678 9061
7760 9413
6214 8769
6915 8346
8143 9435
9346 5680
4533 7322
4806 626
5236 639
1233 4297
9752 349
7203 354
4858 2052
8919 9945
6409 9109
5493 3049
9420 6426
2793 7154
139 5563
6196 9038
8408 7960
1524 7128
7874 5498
5969 445
4937 5097
3944 273
9752 4127
4455 9703
6956 187
8270 2763
9901 5861
3158 313
9527 2174
7659 256
985 6060
3897 4652
6128 5684
8503 3243
9410 6976
8112 7012
2697 3812
4335 468
4801 7110
4992 5902
2951 4571
9086 2560
9620 3765
6823 8073
2665 2577
8655 5022
8626 4857
245 7440
1398 7352
2527 1682
5798 6229
8926 4842
5241 4940
9517 6406
4797 8111
4723 939
263 9307
4554 1288
9137 9323
873 6003
4286 2711
3608 4648
6730 9796
1011 276
5376 6766
3273 6632
8273 6823
2821 1609
2824 3612
3435 1186
7368 7969
8066 2354
4178 9722
9876 2563
8658 7292
4915 1288
9571 520
9509 9521
9037 1605
8437 6895
5782 2767
5673 157
7419 8513
9052 2774
1051 7978
1349 3787
7691 190
2053 1444
6405 6195
5892 2759
150 8346
7423 526
763 9031
8706 5199
4560 1579
8824 7150
3584 3657
6046 5488
4038 8100
7655 6284
3480 6879
835 7637
3817 8357
2236 4220
1553 7998
642 145
3670 8842
6868 2445
3143 1588
4104 5722
4790 6912
2288 5549
5358 7790
3383 9734
6177 1081
6404 2447
9200 9874
9610 7575
2376 4129
1968 1207
9574 2380
3281 2713
7039 1556
7317 5691
4389 6172
3862 1101
4584 3604
7609 6580
6509 6491
1071 1949
2995 7903
7507 9531
5509 8596
5800 8311
7629 3285
9428 8772
5174 8429
816 705
3882 6824
4903 2338
4760 6133
6981 3645
9061 6199
9497 7129
6583 7266
5934 3911
2928 3906
9792 4593
3528 4166
7872 7821
3796 8124
1692 4314
809 2023
5901 9261
9371 3011
5761 6417
1032 2499
7449 2186
7042 887
1913 3359
3132 2167
4018 4212
7296 8902
7529 5047
8604 3814
569 3647
9012 2695
6086 6349
491 4600
6293 4248
8737 9348
1170 1176
8292 8529
3692 2821
6709 6331
625 8362
7546 1974
4476 131
2073 5829
224 5720
8345 3726
2775 7443
1118 8628
9156 2856
2654 3244
3754 6693
5555 5420
2230 6997
1739 5314
9973 348
9232 2831
8668 7793
9570 1153
7113 5501
3071 4797
4763 8577
5220 7365
9349 2633
9391 9672
204 2082
4851 9448
3783 981
2219 8504
275 9833
7322 685
7613 1603
1483 1412
8737 1458
6727 1901
2204 3714
5010 4107
2001 777
3841 2345
7481 8456
1572 648
9712 246
5714 9650
1378 5044
8284 1671
5793 2310
6612 7438
4952 3055
8463 3182
4864 7315
1924 1198
6679 6041
8095 7950
6510 6224
1265 3566
2257 2739
3026 1597
5699 1170
8579 3627
1312 2923
82 9644
3835 2416
5879 7666
8953 7910
9028 2571
1120 5051
8810 7660
1048 5878
4158 424
7740 9442
8820 809
215 2453
927 319
1466 4449
6750 6748
9041 1630
4499 7541
4892 8560
6793 4186
4438 2600
4365 115
990 2457
3022 1889
8182 1612
5571 1269
2486 6876
5549 8988
4050 1702
856 596
9082 5936
4960 4165
4046 5820
1279 2781
3269 9393
7068 5154
6318 5883
1375 1722
5881 2559
8185 333
5202 8197
5945 6596
3336 4381
7072 1519
2741 6914
230 4572
8996 3303
6557 5761
2491 4590
7637 3999
9878 1374
4265 338
2997 3824
8590 2040
8229 1116
1681 2894
7184 5310
1373 5791
391 4550
9112 4363
1195 8037
2933 3721
8122 2297
1712 325
1730 67
1293 7055
2077 9041
9195 5999
4294 6525
6815 1091
1432 1090
1281 4742
9751 8815
3368 1782
3825 6631
6930 3408
9368 7504
6528 7470
8333 3806
9029 5327
9706 8879
6362 4869
7834 9556
6832 5041
5598 8732
1138 6436
3817 8139
5139 4328
309 620
218 9559
3339 5518
4781 2720
3102 8855
4004 6413
1882 7017
4367 4567
902 7697
674 1873
2722 533
652 4232
1055 696
4728 9230
4363 6333
293 6109
6086 1368
3764 3475
3334 6691
9963 442
6712 2426
949 753
6956 6745
7984 1146
3009 3532
8458 9609
3716 2128
9925 1046
6409 4427
7830 9021
2264 8386
4969 7020
4748 4749
260 1348
3360 4005
8747 6272
4873 2512
2229 3840
10000 3794
4459 2945
4067 8763
4754 1005
9936 7749
2762 3837
1070 6689
584 493
9104 5551
1451 9120
8891 2547
4344 8110
1263 9313
6230 1658
2201 6948
5225 9718
1725 594
114 5044
299 9001
7492 5274
9319 9129
4087 9198
1836 9070
9936 444
407 7539
7102 2228
6523 8394
4689 5471
8253 5907
8090 4977
7601 9689
5536 1901
1169 9166
8373 8374
8973 7965
6786 4020
738 80
7735 8752
1805 5575
4924 9634
3266 3418
6543 5588
4910 1880
9691 9436
8529 9255
7274 7950
9149 2769
3703 2869
3904 1309
4429 8665
3152 3736
9147 3269
1741 290
3232 4443
4466 2805
2317 1487
4662 9370
2395 1131
1282 8387
740 4455
6882 7845
2038 8845
2202 1023
25 7089
8008 128
7197 2299
8828 7962
5043 8399
9863 2037
4882 4754
5234 7952
989 6296
4203 2101
4034 8932
4139 8780
5660 7457
9774 3773
3077 4442
7006 9920
137 9693
8990 4793
8895 2236
3321 8566
897 7206
8218 8029
2209 5956
1214 3560
2089 4745
7749 453
5966 2380
6407 4618
3318 4325
9154 9180
1174 6927
7361 2793
6442 6880
3427 3536
9076 5029
9563 5488
1470 7118
4868 4688
7784 7484
4804 946
4165 4490
7860 9686
6644 5120
4361 1790
3123 9156
1556 383
8160 836
4494 6911
5957 8953
5777 9807
9704 1329
1885 6245
2025 9350
1946 9271
302 9420
1886 6156
4082 714
98 1333
1797 217
5779 5041
4565 7735
6825 2967
3463 8272
5069 5894
5887 1712
3478 2137
2057 5307
1517 8342
7440 8943
9433 7742
6999 946
6793 3921
6149 1367
5027 1252
2207 7623
9609 6156
8392 368
6062 7070
6827 1479
7558 9001
7382 9684
221 2196
196 8854
5781 5908
2810 4699
736 8283
2487 7532
5160 101
6899 1302
7070 5898
9666 9773
2463 2322
1955 6847
1492 6604
1242 373
667 5295
6609 7389
2796 7295
741 6962
9099 4827
9007 6447
3153 827
3536 3500
8023 4472
8093 4661
7849 2404
1726 8144
5000 4581
994 855
428 1244
5583 870
6240 940
9904 7923
258 2693
6043 5512
157 7751
7471 7999
2989 8213
6689 1231
774 3612
473 4781
916 5418
4660 703
7372 2317
3409 2740
5909 7671
6386 1878
7423 540
6079 4978
9144 3952
7675 4970
9459 6240
3952 5616
2634 5162
2188 8882
5231 3857
1092 8304
1932 6741
9613 7356
1699 8291
8925 8214
7192 6929
3117 1693
1582 9657
735 5611
2918 8624
3116 7954
5925 3167
149 2758
7459 5775
8199 5275
3016 1508
9242 2767
2172 7393
72 6452
7941 7196
7351 4486
2343 1736
7727 9377
8292 843
4354 2396
7703 8164
7838 122
586 6571
3622 5448
1316 9210
6897 2487
5822 5425
3289 9405
312 5117
4887 278
2554 6111
4256 4844
1446 7316
5342 9882
9482 4043
3126 6465
7366 7937
3170 4076
1415 4603
4449 3945
6202 587
7414 5410
5775 2369
9250 5041
6766 5220
3895 2011
2185 3683
8762 5230
8886 5561
6285 5898
6774 3662
7099 5343
4383 152
2560 6290
5126 4081
7598 1553
5127 1838
4435 6173
6000 9936
7592 9667
2191 2954
8331 5846
5566 46
5589 8702
5062 4829
8273 9761
3538 6426
1325 9454
2261 968
4354 6750
9444 5786
1096 2098
5025 8358
4278 273
4165 1648
9142 8059
6212 4697
4895 6837
945 2073
3461 4549
7447 4486
3727 2243
511 2435
1342 3758
2223 4471
8955 4159
6632 8291
6753 7633
4801 2275
9579 9122
4758 6093
4753 4
7359 6795
8484 2564
3536 4263
6396 838
364 6075
332 2735
9455 3892
1380 3885
1073 1402
7984 7375
1170 4510
3532 8761
4811 6541
6382 6583
805 6395
721 3625
7311 7700
5343 9517
3064 430
5725 9546
377 2030
1713 8946
1790 7405
1972 7006
2408 7279
2483 6966
7173 1197
6585 6136
3180 6422
5833 114
3412 2835
8547 1016
3600 1408
1441 4332
2120 4213
2622 8368
1217 7045
2860 1022
1028 1653
6399 3232
7314 8785
5715 70
1348 2889
982 2473
8749 9247
3027 7879
6828 6332
8551 5929
6905 969
532 453
1671 2199
7301 1203
541 7656
3421 325
5065 6179
2570 2182
3171 2092
6891 1933
8589 7565
5154 1937
1920 1965
5126 1940
5296 6508
2928 3690
4542 6152
1029 2696
4918 5505
1731 4821
7032 1694
1777 5050
4455 7640
2949 9832
9814 7977
6770 6810
7285 814
9754 5369
8771 1646
7046 323
956 5234
1995 450
3751 9001
5450 1262
8123 8101
4062 3717
530 6083
4760 1779
720 8675
4780 874
3901 1753
2036 8436
1441 738
6356 7390
6167 7164
6229 9345
5009 2366
3494 4669
9464 9448
2138 8009
7123 1784
9551 6715
8997 9346
1875 4877
9412 3022
6832 9355
6814 4146
9389 5234
3603 9990
8894 1573
9638 9466
8664 8395
7935 3684
1810 7413
8191 278
6415 4091
5232 9521
9839 8366
4714 7340
8525 7804
9853 7577
876 2989
9250 2997
5129 2032
3870 836
5348 5888
3383 9790
1664 4718
1783 9530
9986 1723
2136 1250
8158 3975
7536 8440
4010 5647
3906 5651
5732 3437
5365 6523
8188 936
9317 3938
8169 2205
9073 1290
7675 3178
5076 9852
1899 4673
5311 8964
5792 173
4787 5286
1078 1362
838 2288
2290 2795
644 4524
8638 6156
3094 3798
1369 6697
7135 5461
5824 1066
8528 7876
5169 4534
6019 4705
7308 1308
2330 1990
1778 6204
7020 9828
1189 5855
597 6884
751 7928
3177 4130
6195 7237
6894 8573
4264 287
2791 478
7359 3694
6414 3720
8346 2990
6983 8358
8907 8053
7524 7175
7753 9422
279 4522
2584 1945
5145 5217
15 1364
5324 6527
4371 2734
7556 33
73 5852
2057 4340
1292 6341
1004 6278
9763 719
6418 2020
8176 9034
1013 1039
7576 7788
9967 624
1115 4046
4872 5839
667 8776
154 4225
1900 412
5028 6701
7396 8586
2967 8619
8876 8902
9338 7437
4001 9793
3359 1539
9978 874
6104 6663
8414 7212
809 8164
4846 2488
4509 6891
2488 1719
3403 7455
1559 7441
8607 3864
9352 8400
3257 8900
6332 8636
1311 8404
8561 5995
9732 8048
4481 8008
9591 107
9298 8158
7772 7007
8444 7646
7520 6255
2524 748
2049 2600
634 5968
8830 1870
3635 7032
3436 8213
6031 4336
8260 8687
2838 5741
4580 4119
5299 1789
8864 1310
37 2961
5082 1702
3383 7366
2978 5128
1837 3405
1912 4333
3961 393
6131 4379
6394 2343
4863 5290
2785 2591
1411 4281
7642 2367
1560 9466
9172 7400
7911 525
5468 8482
9616 4928
9131 866
4292 6492
5535 7838
1909 5318
9865 5438
847 1135
1533 2996
6092 6252
4497 2114
4967 7073
3816 7595
1270 9508
1981 1613
3610 5492
5068 2642
9114 2732
8714 8750
9802 4181
3436 5693
1039 2191
2848 2197
9254 7951
2528 8183
2189 1603
8463 934
2525 8233
3241 665
1828 2
3010 3835
2591 2936
5082 9462
4736 876
1415 4165
3274 6252
9025 3498
9771 4582
8401 1394
6554 8812
4503 7960
5689 5139
3347 3747
4404 5839
3265 3336
1890 8518
6333 3985
3296 3576
3774 3387
3074 5621
532 5745
2068 1066
3622 1071
2318 8505
5852 4240
7990 3297
2054 280
7912 7900
1619 9729
1578 5371
5195 3413
2381 8865
759 83
3623 3214
9117 803
9393 1822
8697 7402
8696 1824
8268 4105
3506 1584
2425 9363
7748 8074
2420 244
282 1880
6319 5604
1108 1607
5368 6375
8680 9488
5976 9854
481 9644
5859 7416
4656 1471
1279 2340
7205 8113
6009 7796
8797 8495
8836 7552
8979 8568
3433 7329
1630 5415
4929 7998
4404 4705
6948 7804
6135 3221
7350 638
4318 7517
1539 5838
2700 5132
1710 6112
5590 9229
6020 7337
3331 9827
7680 3360
2372 6099
4776 6134
5892 7806
745 6417
1085 1575
9030 5609
2172 9391
4955 4552
2681 7589
5289 7635
1339 1484
9358 4769
6250 3898
7957 3990
3997 6331
8834 2630
7883 1674
291 4351
1101 64
6438 7251
7526 7965
9710 1962
1686 9009
5525 4736
8207 6577
2070 2830
5817 9979
7724 1293
1081 3435
3915 847
6391 8822
7845 1673
2670 901
8232 4260
2975 2653
4171 8651
5906 8744
6536 8123
2149 1192
3204 2397
168 3316
9730 8798
4517 9754
8099 6641
3192 6527
1326 9004
7944 9819
5762 9725
1863 680
9671 4296
3631 5578
5156 8437
3954 777
9612 5105
6326 1407
7138 7072
3226 6944
9931 7084
7992 7995
1231 4198
1394 6815
1106 1265
3194 8574
6505 2034
9747 2626
2921 5943
5074 3115
6719 7840
4991 5470
2925 6231
2108 9152
3153 4693
6515 8929
6083 9402
1511 164
2533 6341
5361 9970
7599 7107
3709 1021
3796 6112
5736 2448
8966 9326
717 8705
3843 771
5911 193
9645 9567
9909 2917
2652 365
3124 6557
1013 8917
5370 1330
5370 4767
5544 1140
8610 1244
3997 8574
2245 7739
8102 3809
176 842
6698 1108
623 9698
3537 7706
599 3368
2165 3947
7230 6129
5979 4444
9014 8050
3808 482
7735 6948
73 9769
2657 1618
1428 9230
3600 3988
7999 2083
69 5427
5640 1010
8792 998
5313 5886
254 2790
9418 338
81 8946
9109 7795
7511 5756
1833 9229
1073 5839
7343 4354
5579 5629
1866 4365
2995 6377
690 3983
3744 7703
2855 2552
3508 6664
2818 1150
4512 6097
5447 4675
6475 3248
1574 1717
9673 3597
6349 9158
7241 7057
6838 1159
1335 430
419 4279
5211 410
7460 4805
1544 8715
900 451
3693 4551
8417 935
5667 9236
5524 9330
7392 3870
1864 1039
3427 354
3976 8819
4663 7255
1781 5533
2257 9883
986 8513
5303 2284
7409 3277
9426 1513
786 3773
51 1230
5568 9277
4235 1955
4724 9949
5553 3544
1905 6500
6803 3786
4695 5740
1289 6576
83 7383
7715 5889
2508 8816
772 3725
5531 6709
4587 6273
4404 378
5332 5252
1860 2435
8323 8364
6863 5242
9538 6661
1893 3753
215 8464
4740 3014
8497 8189
3604 9930
1650 9108
5472 8850
2370 2781
1583 7092
9261 5471
747 6774
9453 9599
8290 4982
4173 1155
7493 3709
1867 475
5725 1598
9473 1688
1903 5814
6128 763
1291 707
2536 4164
8218 2593
713 3532
6985 7774
4900 9379
626 4510
6955 1169
3720 2765
89 8987
4799 4741
7350 8300
6105 3494
8237 4158
4416 5615
6643 8671
1363 9320
8362 2460
2589 5023
1823 623
2098 5283
3339 1901
7163 8180
7002 6870
8285 6166
7199 2510
5824 6076
3558 1925
3517 5046
5703 7313
812 9373
5045 2529
1486 2679
3671 4822
5424 9845
298 7341
8032 3373
5683 2950
8880 659
7619 9957
8234 4140
4174 7750
2562 4931
2067 9377
7360 3831
9785 8591
8157 8939
8789 1230
7881 5277
682 8004
3324 8805
4260 1839
7281 3716
5152 2080
7907 1786
2617 68
4736 5256
7427 1363
8896 2492
4700 7477
2703 5397
3497 7514
7551 4450
8666 3368
8918 5170
4585 3445
9404 9338
6618 8787
4357 3525
4364 1961
3041 4784
3631 7811
3126 8891
2217 3894
975 2074
2749 9615
1396 7663
6881 4024
8736 4331
3310 7618
7825 498
1548 8012
326 6466
7298 6532
5571 803
2872 5076
6336 6677
603 2433
3507 4820
24 3927
9268 9776
2824 1609
3204 3549
9940 385
7086 2273
4060 2467
3986 2619
6468 7062
3289 8652
5847 857
9023 7828
5734 1590
7978 6859
8566 9602
2962 5615
1468 5164
2217 7219
428 6169
1537 4764
4913 2792
214 4926
5326 385
9450 4068
5028 2025
9398 8011
6374 1979
4528 1531
9447 8681
324 1143
4484 288
3878 7553
9938 8853
1524 1864
7394 2159
6935 7712
715 8745
6349 3040
7765 3820
386 3251
7301 2361
8966 9425
769 4632
7975 6788
5087 6080
1770 1323
5149 3881
6514 8560
5586 5342
7848 3613
6348 9024
3291 9364
1343 2515
7265 1702
5331 651
5417 8362
6482 8256
8469 5650
6464 1843
483 834
9352 7641
9889 1732
7628 9766
4296 397
1831 7810
6871 7819
8131 5791
3570 3142
2676 5888
2828 486
6353 9850
4730 7777
5249 9563
5397 8157
9746 8492
6923 6236
8767 4865
6094 8400
8304 5798
1198 2297
1864 4917
1944 3490
3371 1355
9967 8946
2417 9383
8215 3660
8735 5904
2087 6378
2763 3913
7070 2746
2088 9789
8042 3490
5248 5319
7006 6332
7492 5671
6787 9880
2397 606
3898 2610
3802 4390
7483 8652
7103 8896
5653 2551
7462 9073
9325 148
9096 7539
4103 5330
8897 6099
3950 1813
5072 4216
5935 6571
7692 347
947 5089
7598 5739
9127 5955
786 755
3155 8492
9627 8006
5825 1660
6571 3236
8851 263
7303 4499
3420 4453
5210 1645
477 9293
1898 2015
4578 3942
2031 1369
1853 3680
336 1936
1335 665
650 1259
1500 1229
553 7471
9621 2629
4941 5236
1981 8652
3445 6071
9679 7674
1747 1454
2187 6643
8630 4220
5525 6253
845 9962
6756 1493
5552 4035
7002 1909
3344 1994
8749 4620
9100 8331
2038 7794
8776 8411
2720 4786
3818 6204
6880 5918
4178 2104
9250 3007
1913 2030
4977 9536
281 8338
4201 3974
4647 1540
4641 8100
4424 8096
9629 4727
1495 8194
2930 2926
2028 2562
738 6950
3064 3261
8650 2873
4266 3099
1126 8138
932 5443
6764 3422
5983 7723
8870 8455
5864 5988
5778 3939
2532 288
1213 2628
7459 2356
2790 9365
4464 1843
4462 1617
8363 1191
9167 534
8517 1706
1949 8224
8755 3629
9059 3019
6432 3206
1509 7571
1481 6714
3889 5049
771 8485
3792 2126
9990 6794
1451 8922
1025 5128
9653 5108
7810 8132
9068 454
2639 8909
8349 1679
9491 3737
4636 5176
3841 8192
5704 977
1472 1562
1345 3080
7304 6764
9373 341
3266 6157
9439 9912
4338 3123
7754 9905
2263 2467
9832 3941
7534 5490
1850 8473
2610 5719
8664 1678
84 5745
7955 9765
3466 176
7777 9487
1172 4919
7157 839
724 8166
8538 8740
3699 9162
2837 8222
3861 2303
8864 9650
3117 5759
663 2744
9505 7126
9808 3015
6701 1511
3805 2192
4480 5653
8987 9730
2574 1433
8437 974
7788 2335
316 1102
6580 2905
5048 4401
8646 5574
4411 2439
3496 6572
4398 6225
1996 9781
6612 5678
6197 6280
6382 9827
3437 9011
3407 1183
1672 1538
1651 8254
9025 2308
1619 1532
9271 1763
4842 3383
9693 2478
6546 2705
4118 4285
8355 5765
3276 9368
8760 5414
5061 6387
1469 4532
8514 6963
3373 9627
260 9609
9153 2346
6148 27
8963 9289
8967 276
8148 7947
8168 4423
928 1733
4311 6154
3065 8596
6563 6823
413 5899
4490 6166
981 5649
5373 9744
471 7488
9169 948
8491 4149
868 6929
3434 3363
9000 6911
9991 8185
5333 8016
5756 6935
5495 9862
6481 5389
4981 1332
5143 2688
573 3178
4860 2279
5642 2346
2148 9025
9866 4330
2896 6399
8386 8993
5128 6725
333 2615
7616 5383
1538 3710
3359 382
7972 2275
7132 1446
5458 8100
1173 2637
1079 6696
2848 4655
2509 7126
7449 1795
8570 2638
1797 274
3576 4191
3197 6252
4782 9321
7728 4717
8690 8807
5701 4262
7374 2674
3686 2776
7672 2009
145 7847
3911 8906
3845 4578
1816 1375
6688 4489
8887 5935
2813 6184
2028 7704
5508 3450
5420 7407
8682 8149
8071 717
1511 5171
5071 9320
9815 1071
2751 366
7027 4027
8875 1709
6121 756
5732 8949
9381 7638
5224 5038
5163 9584
1234 2522
116 706
4333 2897
8623 995
1476 1595
4063 8011
5244 3380
9156 1023
9263 5002
6444 1072
4473 7580
325 3801
4870 5360
3683 921
6417 2037
3614 2314
2955 8607
9373 2878
6350 3293
5384 4826
5192 5536
3554 4153
7108 1894
5599 9949
4225 656
4585 147
342 3960
3235 2329
8969 5
672 8843
6697 1203
7647 3552
6058 8173
4092 4280
8109 6510
7023 6121
6702 4864
6633 4207
7146 8328
2912 9368
8790 2315
2210 3665
7536 8012
5364 3252
6609 2141
8173 9274
8107 6462
2184 2692
9720 6557
4304 8598
6747 9101
3446 6878
467 5999
8068 308
5577 9896
8950 1436
297 3302
4565 9142
7565 6124
594 3767
4722 2402
1390 5314
5830 7430
500 2505
3209 4451
6761 1787
8186 1686
3614 2542
1570 1123
356 2628
4349 20
8922 8348
4682 2606
2743 2119
5005 2411
5608 6952
2599 2839
3565 5490
1875 5466
4385 5629
2963 3212
2625 2985
1837 2598
6698 7325
326 4953
1982 8156
8656 1004
3785 4810
4866 8804
6054 7823
3534 8038
6321 8583
1878 3240
330 7714
1367 8376
1701 8251
7557 6759
5194 4204
1353 1662
3955 7022
3780 6042
4360 9445
8824 7230
7357 3441
8885 1227
4780 5509
374 156
3766 6512
143 4357
9013 228
4325 4712
5640 2945
4703 4954
2304 1966
3984 7006
2003 7998
5126 6646
2507 8326
7034 4863
7540 9902
4682 4429
1669 9662
1219 6104
9240 1717
2807 8503
4292 4847
2568 6702
3867 5053
7810 1885
8579 7833
4565 9370
4389 4520
8504 5211
2553 472
2469 1579
6480 1235
8816 6470
1016 7190
941 5735
6701 5227
9628 4351
3197 3652
4698 8352
4565 1817
5408 773
8939 2003
7225 1560
695 1832
9927 8855
7355 5140
440 5933
5780 4735
8739 7610
9820 3909
52 24
4958 3773
8037 4360
7836 6500
9342 9630
2885 2660
9870 2005
6232 5789
4084 9733
7668 278
2483 3799
6839 4945
5434 4005
5290 6293
6932 3905
561 2149
5505 6390
1738 1580
4007 4539
8380 9729
6761 8482
6748 9914
5775 5897
3510 3684
6278 4890
3091 8588
4551 4293
5312 3094
457 475
2701 9938
4205 7515
231 9432
1270 875
3494 7808
8939 3677
8825 9027
8345 2837
9888 2224
8608 4509
935 8049
966 5619
1089 5207
1878 6982
2005 6334
5508 4097
8296 8542
6058 8444
9694 8252
8119 1470
3648 5587
8262 8930
4927 3318
785 4884
3735 8686
2826 5840
6325 3178
666 2
378 6190
4507 1609
6734 6218
8693 9302
877 4922
7820 2574
7557 4939
9454 8886
6880 1174
9250 7171
4061 6205
7193 1531
9846 8123
6269 8161
9151 4750
4390 4786
1414 2655
1446 2998
5916 4610
1060 3881
1647 4922
5403 8092
2532 5860
2829 8190
9308 7609
9724 2610
2511 1451
6062 7179
37 1976
1533 2695
9260 7337
5551 5386
5425 5611
6303 7138
8143 5087
270 4616
717 2097
3010 5369
3345 7061
934 105
8143 7857
6638 5961
6286 1688
9665 3214
9246 1686
6453 875
6111 1396
6732 6106
9918 5670
1661 4039
9030 853
8381 5426
2080 9880
518 1033
1393 24
6632 5702
6444 9457
5705 2401
1925 9779
3671 4282
8668 6986
7618 2164
6798 9838
4669 6331
3261 5567
5633 51
7572 4213
1386 9696
9006 1941
1051 1985
2643 3981
3712 4774
2449 2290
1011 8342
8521 2528
7400 6310
1608 9381
8706 3210
5891 8659
7501 9278
6476 734
6611 8771
1630 1389
6226 1786
8652 3195
1587 5056
9945 3430
9850 98
626 6514
9906 8719
9286 6916
6860 6048
2571 9219
1997 7985
692 5738
6825 5921
6665 7390
422 809
5270 7922
9129 7640
9562 8559
3837 9850
660 7773
7773 7639
8831 3712
3840 5310
8596 1238
3551 8478
4792 7373
6282 5859
9161 7129
28 7723
2499 8109
2305 1798
9353 7679
4617 8719
9543 739
9665 5469
2932 2111
68 1816
7618 5255
2397 3526
6439 1004
3712 3166
8516 1782
3205 9710
2550 5446
4356 1534
6240 950
192 6737
2031 4037
165 1699
162 5916
3433 2205
6500 1303
3966 1883
2328 5192
3659 9149
2371 4134
9442 271
5664 9320
4515 7783
5525 8221
4625 6046
9287 9471
5869 4986
4507 3478
4952 9903
6286 2415
746 8165
5634 5760
2840 7210
9395 1423
8003 9854
1880 9162
7079 149
8286 6867
2760 1654
7768 5003
5570 5437
1596 6579
5971 1164
6115 7384
5740 9261
6448 5761
7511 304
1178 4941
221 4415
9939 471
3777 6463
1958 5788
1379 4426
3880 3384
7599 9371
5344 8228
7391 85
9987 5943
2188 2709
6251 897
9897 8158
5508 7869
1580 4587
4254 1544
8159 1677
8534 4611
24 7569
2168 6607
139 8543
2657 1457
6353 216
7912 4954
9738 567
4249 5343
8848 9601
4079 5782
7323 6216
3438 3271
2770 3100
1596 3102
1035 5955
1549 2258
6911 4115
4417 1559
6924 773
4501 9207
3881 654
3063 9513
127 2083
9468 4774
8902 3720
5136 7760
5755 1475
8927 228
5692 4636
7339 9203
2319 5491
8329 8165
5504 6899
3513 5401
9541 5873
261 1275
3332 4705
2761 4487
7896 3218
2945 3453
9617 5439
1360 5099
419 9367
9774 2982
9254 6478
4297 9798
3645 4767
748 1389
1273 2548
371 3531
1320 4171
6242 6901
7541 214
694 6732
5729 7278
2420 9543
1846 2675
6087 5708
1807 1202
9733 6247
1479 5462
9174 2861
6395 7729
5157 5210
2064 1921
3145 8259
209 5703
7561 3565
4761 3915
3923 1540
9618 1834
5595 4479
3983 2160
6730 8430
9878 9582
2432 9181
4876 3830
8927 1818
3692 6021
9750 3296
3249 7210
5872 3267
6122 5891
2345 8449
7222 5073
6702 1043
9597 6031
7561 5781
1132 786
4981 5456
3251 2359
9121 5519
5789 8842
185 9236
3299 9126
944 4372
4248 1782
1913 9385
4935 3462
5255 3101
2276 6237
8177 2241
3442 5038
8976 9163
7269 5154
4534 696
8985 6227
5841 4338
7620 576
2398 9975
6885 6575
772 1786
3033 3573
4181 9738
4776 6460
5290 5084
7722 5056
1178 2309
6393 6626
7324 7908
8054 626
2099 8103
6326 3842
1710 7227
936 2254
16 2880
6149 2628
4268 6531
8366 4555
3870 7337
9922 865
2808 3766
9429 2208
6932 8555
944 9255
8068 7532
5645 6896
7447 2413
4467 1703
4072 7368
7838 9295
1014 553
1735 7168
8297 2587
9489 9807
2771 3360
8201 4510
6882 8476
7804 2192
4675 7126
5256 2564
1696 3844
3688 7175
8574 46
1948 1749
9136 9899
698 2108
7539 8133
6230 2697
4902 1813
6542 5047
5873 4592
2351 3000
9268 4776
7692 8041
8821 4375
3221 2031
9963 3062
5533 7971
5904 9224
5254 6091
1473 7190
453 746
7755 7027
4895 1800
9251 1360
9321 6188
8244 9829
338 722
3136 7325
3141 9213
2246 4573
1647 1996
1233 5680
5389 2128
6333 3480
578 8479
8465 3653
2929 5204
5456 8665
6148 7999
6719 636
4600 8442
3774 7602
8826 4415
4588 5247
933 9042
2929 9842
4718 9159
4222 6246
5260 9754
9311 9735
6139 5426
2217 946
3825 2240
4044 2181
9922 2900
3837 9316
6535 4481
9128 3982
4717 8696
2783 6433
9627 6064
753 5135
2288 7521
9883 7924
4961 2262
2972 2057
2002 972
392 4094
2427 6392
1106 6557
5911 2220
9969 2210
8900 5368
7066 2262
4528 2906
6988 1289
3508 5297
5557 4357
4986 3612
3072 6234
2995 193
1729 1830
2038 7526
8086 4790
9197 8910
4644 8924
2546 935
1059 7587
1473 465
6584 2160
9733 3997
1203 2114
1577 7856
641 8552
5665 8803
9358 7127
6872 6734
2589 4780
1281 6490
266 9234
5978 765
219 6155
1506 5309
4050 4396
2730 7079
2725 3990
6986 2840
1785 1797
9161 731
4581 7965
898 3301
2060 8571
5177 6458
3859 8259
3629 799
9523 9527
7859 766
6198 8526
8355 8394
5874 1554
5318 5304
4809 2724
1011 6553
8820 5568
5392 5469
1414 5036
8524 6533
3098 1799
2448 3942
7015 4748
2890 1262
3731 1091
5865 7063
9609 3398
8231 8880
8016 2446
7780 423
5756 1876
2823 3058
2670 8379
9763 2164
242 3854
5492 2504
3411 6674
7689 5041
4971 4793
6404 7049
4702 3959
7219 186
8035 8637
3124 9737
2441 428
2562 6277
2383 8028
1623 563
6855 3492
3347 7886
420 1259
4013 6429
108 9286
2324 6553
9335 6196
6009 3633
3983 3288
3506 5062
398 172
6370 3568
3455 5498
1119 9540
9335 1409
5197 909
1222 2860
8073 1355
3296 9233
8125 2494
2004 6413
2745 3574
8039 125
9080 5118
7934 1379
8602 828
4259 1562
9211 6666
8398 688
5382 5925
1948 9359
9786 7679
8805 6429
8141 5656
20 7486
7624 3148
9933 9866
801 7790
4543 6478
7976 4751
9564 6890
4786 2807
2466 6739
794 8813
6425 5097
4468 2676
6386 9689
9660 196
1969 9631
5982 4263
9080 4887
9943 3303
8729 9944
7637 4909
8124 1086
5388 9710
4718 6814
4480 1850
1133 9783
3139 3794
7836 1414
2707 5845
7271 1317
8211 2717
3069 9979
3311 7458
4917 1870
6677 6274
5751 6336
361 8343
5462 2992
3388 2952
7942 6707
7462 4751
7755 3137
8634 1648
3448 1896
6515 4142
6248 8352
1897 8794
6937 146
6015 3128
7867 905
2025 3587
6886 1984
2072 8081
2314 4306
4087 399
1303 1772
5439 142
3866 6156
9949 7714
1576 6587
8525 8317
3802 1399
8425 1614
8693 6099
988 140
7286 743
8741 421
856 314
4377 6570
3956 8770
2470 4810
120 7997
7149 5961
3488 4372
7863 8896
4502 4450
543 9760
1692 3230
8911 1674
8948 6490
6863 3233
5504 2577
8748 8436
3385 4831
256 4777
9470 2459
6046 115
6507 3792
9053 70
7332 626
6822 5681
8297 6836
1453 3203
9619 5654
2498 9712
2371 5076
6878 5035
4142 2993
1072 7520
1887 4272
2320 4261
9488 305
8386 3692
9870 4883
263 3660
8280 8071
1676 8718
2649 3253
3168 3257
131 7343
6280 5623
2504 5600
9477 9873
8615 7106
6237 204
1517 3853
3673 42
9726 8670
1121 8506
7501 5445
6067 1085
5964 1323
366 7436
7686 9269
1101 5161
3045 3182
827 6844
8495 8008
308 5594
7283 1174
1146 2233
6249 6541
810 4526
1884 7074
5746 3740
8908 5154
840 1838
6719 2121
7972 9398
5853 7921
7640 9571
6506 4936
3264 2843
6774 7737
1447 2086
5289 8732
4910 7480
4067 6479
4199 284
9044 9306
6598 4477
6496 3688
4491 8810
6331 9391
8374 1058
4974 6850
9937 6227
5056 7639
4033 7727
7032 7526
3539 7653
6580 3812
265 3744
8757 762
430 4024
5224 9841
6481 2488
1685 1386
9051 7795
2433 6934
9179 4287
3974 2979
4739 2591
1368 1922
9054 7711
7125 8664
4487 8157
767 5968
4824 4231
8005 5904
3267 5409
3629 8833
4443 9771
5639 447
1243 3396
2749 8306
2320 2721
2449 5770
3469 6700
4861 6130
2074 3574
685 541
5327 3936
6002 1999
1128 1348
9694 1994
8296 2963
6928 1514
1344 9418
1811 307
6598 7916
2834 3624
984 6593
2088 6542
6335 6242
4948 4967
9195 4670
7046 846
5569 2593
1378 5067
7539 5741
9300 6361
8138 5248
3061 5727
950 9612
1724 7989
1921 2046
3149 2010
7826 6664
6383 2759
8330 308
4571 9997
2782 9866
2768 8148
4787 4337
6360 1325
447 1310
3716 4053
4777 9786
6746 1219
5741 383
5290 5899
1427 714
9284 1971
2729 9263
51 4840
378 6877
759 6649
5531 7711
8265 7247
6548 7476
9053 8265
5429 929
3545 3009
3097 1045
4332 6707
7428 681
730 1734
4942 3109
1359 2127
5252 4970
5174 9070
568 2126
512 1113
5952 9983
8776 311
3629 7711
1143 4479
2891 1542
6482 2686
7077 4652
6346 1879
6612 1683
6280 5456
1763 7600
9354 5651
4229 6659
506 463
507 1522
9933 1854
7964 8283
1880 6856
3255 2898
9236 1203
8443 6878
3558 2883
5158 3620
508 7987
1712 5418
6359 9936
3079 8573
4085 2130
340 4180
9051 7017
7817 5651
8813 9499
6257 3171
7189 4932
4995 5285
5982 4311
5476 9274
5551 8735
3278 747
4373 1669
5160 9596
649 1671
734 1074
7072 5740
3873 7073
7655 1846
2895 5725
2836 7896
8584 3047
4721 4875
8023 8520
7684 344
1977 3683
5927 9619
4471 2440
5440 8004
529 9607
2118 702
6781 4289
2537 2371
4753 6847
4284 2204
8160 2411
1330 3974
7816 7107
4413 2777
6086 8360
8050 9486
9487 6184
9149 8876
3031 906
8053 2570
4812 8505
189 3121
1051 1247
8562 4605
7063 8171
9175 9870
4684 9269
2007 1308
7866 2393
3797 7031
3345 6650
9008 2658
2042 4985
4226 6125
8334 4349
3582 9861
8171 8557
4118 9518
3864 5719
125 1646
5556 6086
4188 7746
306 9212
453 8038
7677 3294
8534 5607
1683 7972
2405 325
8951 6797
1323 5659
2987 1866
294 2062
9202 6115
4518 6483
2101 4359
423 5170
3796 2511
6508 6745
5742 2933
4865 6708
3052 8152
7246 6473
9089 204
8217 5236
3690 7129
8618 6043
8835 9450
3024 469
5331 9996
9606 4626
3 4557
9257 231
3889 9495
7584 5920
3567 2821
1526 9017
4612 8487
8184 5615
6997 2758
2666 9200
6699 1763
3287 3404
3051 9795
8568 487
526 3749
8438 3248
2238 1687
5344 7809
8636 5381
3605 5126
4064 287
82 2162
9747 2021
7977 9969
3976 5116
1597 4065
5199 2153
933 8162
8550 3978
5574 1943
8401 9855
5582 6590
534 5227
7333 8714
1440 4038
4497 71
3351 4381
6540 4243
6637 7669
2976 1774
8667 1991
8996 1234
7923 1863
174 8168
2333 8800
1575 164
9843 429
8441 9030
1907 5811
4429 392
1371 7473
539 7771
892 4447
5964 678
5145 1327
6012 3396
7728 7875
8954 858
6872 8219
6674 9337
8911 6383
1096 679
870 6176
8712 7503
8777 4947
3643 757
486 6980
7668 1076
6450 1451
7222 136
485 7675
5883 1987
554 1445
5442 3766
7528 5790
3413 1772
7026 111
8054 5041
2910 437
4244 6154
2061 8049
9799 6132
8911 5224
5137 1242
6568 9113
4302 5862
3221 2354
5073 4965
2457 7338
7530 2284
1742 1468
853 5393
6764 4744
5010 8276
3255 8398
1841 8164
9078 2904
1674 5751
9046 294
2630 22
2894 6811
5370 8837
8419 3302
9651 908
9670 8039
1701 1110
7359 6996
9792 5733
1781 6941
333 8477
5715 5362
2299 445
6431 6015
2271 5229
4879 2321
5592 3707
3300 3578
6424 8734
2888 3854
3067 3506
2780 332
6644 7383
487 2543
460 6153
3248 94
4488 4512
1978 8913
2663 893
8290 3197
3135 9158
2986 6050
654 9907
988 9924
7882 5553
2800 4903
3236 3609
9722 2810
3735 2828
6371 6516
134 925
5477 9299
1634 9569
9317 6248
9321 428
3012 8249
7908 9818
2656 7654
1811 6614
5777 6997
764 8195
3740 5335
7001 2102
1703 6758
4130 239
5611 2279
2821 1060
4804 8711
7325 8350
7699 6829
5798 1063
1984 3461
7098 5603
4295 2833
9476 8416
1003 2550
382 2096
7287 5483
4205 3287
7068 8654
3150 9576
4840 910
5355 4946
9154 1037
1099 319
2055 7821
5049 8799
4206 8984
4411 1150
3671 9917
4088 5383
5061 9128
5902 896
7951 566
6174 1467
5872 4085
5362 5884
9997 4409
3366 28
2561 937
1306 2769
6899 8607
5403 9803
524 7908
5473 1268
2295 5904
1819 438
1438 9193
5909 8351
1648 8582
3382 1027
4975 6141
5430 2267
3085 9736
6804 5634
4250 3688
3140 5668
1699 4540
5337 5337
7204 7109
5237 6709
248 5928
9320 1644
2739 6430
3721 7016
9049 6851
9825 1047
6367 6013
3881 2628
5516 3883
2820 4755
7209 4140
5984 9052
5414 5769
792 8617
4970 5114
7349 5682
9000 402
1441 80
9043 2283
1726 6410
6292 8728
5344 6945
8325 1867
2503 1241
9815 9672
3150 2608
322 3570
5280 5537
4860 5005
4311 3220
359 4660
1689 714
3893 9109
6488 5586
2958 5207
1837 6159
7710 9602
9465 1007
610 2684
4269 3800
134 7907
977 9781
1702 4875
2081 2937
8548 8161
1711 7835
7536 4618
6618 2669
7677 6075
6770 5291
7193 8360
7549 5414
185 4108
9093 567
1515 1136
9952 7587
7082 8985
5868 5025
791 8685
7383 788
4025 2166
9541 6097
619 9187
3740 903
3139 3728
6866 8418
1192 5051
7553 5198
7085 1045
2799 7679
7078 6691
6343 694
184 4838
5878 3760
3062 8347
1000 2190
7259 4708
6727 6177
5604 7325
6812 7778
5143 3099
8574 793
8373 8600
9035 3808
6727 2701
7253 9961
8096 7505
8006 958
601 520
3619 3513
6803 7714
1957 8481
6388 4839
2761 2848
4787 8468
1986 8645
9833 815
6828 8145
9143 5818
3731 9781
8182 110
2122 8150
6012 2404
8746 3286
6564 4733
4779 9724
5087 5019
6190 7991
2122 1664
3760 7502
5486 4120
7305 5513
1506 3610
9473 6557
1577 2433
2726 4840
4875 5441
9021 4757
9199 1441
2634 6723
7197 6774
6369 3932
1257 2063
3139 5180
9758 9350
9913 5987
9335 8319
731 2458
8077 948
5265 5095
3947 3206
411 1449
1708 8001
1256 3435
4118 8909
9498 2775
9653 4723
7657 4141
3326 5039
2082 6608
9988 8112
1299 8185
9651 265
7515 9426
5817 8435
317 1427
6272 81
5655 8493
352 3237
4503 7066
7571 6005
9425 2252
5929 8713
9613 2590
2955 589
8414 602
2037 415
4316 7044
3866 6970
4829 8530
2611 3354
3732 4458
4965 1646
479 8495
8789 9054
9093 1341
5496 6247
235 1080
8369 7771
6728 1489
9978 7774
4436 9323
1529 9032
7176 9930
5035 9346
7303 818
7562 6826
3520 5036
4151 3953
5430 8163
8002 283
3918 4199
9092 6925
6673 4769
9033 1226
6260 6050
5422 5348
5981 513
3408 1863
7358 2629
2309 9195
6350 9566
8260 4286
7051 7633
3041 9675
5546 5706
7333 2629
6333 3843
3865 7621
9703 1948
4328 1537
2920 6554
4853 1332
9119 2054
957 3846
2643 5929
3429 3073
3438 3797
7604 8198
854 6482
3684 8807
1202 1957
8246 5798
6194 98
7978 9104
893 1883
4586 5371
7535 7497
2369 6724
9867 8431
3538 5351
2305 5704
1322 4400
411 7062
9066 435
637 522
6937 2927
2276 1266
1937 1895
8416 3579
5109 8302
6964 515
7796 5332
1583 7788
3097 1674
4775 3889
5907 3655
2437 410
1563 9416
426 7258
9934 9356
4794 2738
6913 2318
54 1101
4694 2985
8340 7379
4808 7483
5779 6158
3681 3579
5361 9067
3431 312
3943 2147
8871 8469
4876 9816
5344 1268
8390 3185
9291 3247
5783 9627
3698 5400
4054 2627
5380 6486
9646 6289
9952 8815
1334 3115
1466 7978
5026 9164
3894 2714
1164 870
9139 3149
9 6476
3345 1004
3641 1653
3183 5057
3586 9635
7838 5425
392 5543
1 1017
4479 2672
5486 5205
6849 583
9191 943
6210 254
2924 9399
4676 9196
6335 7389
408 7692
6439 1370
2458 9670
3942 776
1188 6901
9411 130
295 1465
2241 145
1617 4892
3437 1342
916 3893
1623 7711
2049 9626
3613 8248
1784 6887
1269 9376
3924 939
3232 9605
9644 9004
8165 6780
4029 4375
8864 7900
8685 1023
874 2837
1018 8508
2408 4748
7960 6020
3170 9040
8260 7543
6035 474
9285 1024
4598 1306
3988 2568
4276 7501
7418 4711
9023 489
7164 7109
6177 621
1782 5618
1857 4698
3087 1294
931 9597
5017 1639
4408 4026
2862 7473
1420 4499
2441 2283
9743 9196
596 6543
1986 2579
3149 3746
9048 5479
7960 946
3747 5283
8264 3188
897 7186
5576 5723
2570 7268
8869 3274
7839 9824
4406 1529
8917 7043
7080 1537
5318 2173
5154 4806
2547 9793
5789 9331
4521 5777
2627 3430
6819 1427
7054 4579
742 9616
997 9970
5550 1309
9180 7669
2497 8978
3453 9370
5583 6873
2816 7711
4553 5803
4450 5443
1887 4041
3742 7470
1505 4065
1558 7931
6934 6128
2606 3305
3867 2707
1232 1019
1253 6887
3119 3936
7156 2283
7785 2205
7720 4467
4873 7484
3231 9758
1043 3931
8538 9993
1525 8982
1927 97
4181 781
9688 2225
9371 6002
2602 9766
2887 2291
7216 9432
2562 124
2381 6902
5224 1164
9282 2174
5800 308
286 2045
6472 7299
2969 5131
7847 2721
8178 9491
3656 1016
6746 4292
1364 946
7375 7524
3676 237
4256 4877
6973 8680
9923 1256
5176 9219
5460 818
813 1176
1105 8385
6226 4128
339 2583
9305 8814
2136 9157
8691 5583
8236 3678
4516 3587
6256 6752
3295 9314
2588 7296
9509 1119
8881 5306
5001 8074
9993 4988
9307 6479
9600 747
6814 6526
8307 3996
2634 5811
8092 5438
1061 9032
7965 1912
1648 5537
4324 4140
6343 3241
7190 8817
8702 4042
4799 6237
9341 6911
1990 7279
3564 1235
9099 1728
8743 6442
8556 8459
2589 403
8330 3246
963 7678
1682 2941
4124 5835
2253 7718
2530 9630
5769 1046
6940 2096
791 5643
4552 1056
7333 4181
875 7381
7577 6825
5609 3895
894 8790
9092 2159
8929 7986
3825 2417
5741 5316
6613 2445
498 3351
8426 187
4888 6209
2565 212
2519 7678
3590 204
6691 8648
4567 196
9416 7522
3494 3512
9388 2360
8086 9798
7120 9652
3920 6390
8078 6617
5184 4060
9413 2439
8345 1287
8374 6036
2568 9768
6011 6747
1977 3245
876 9051
5729 7009
7395 8047
8102 6174
5682 9286
746 4288
1175 9391
6874 3206
5199 6512
8069 2420
5671 3905
2502 6599
8640 2783
1289 2493
808 5614
869 8133
3778 3346
4516 13
8934 3958
6700 5969
2791 7427
2173 2894
8154 7012
6382 7794
6140 4709
9608 7193
1343 9976
4409 9732
1047 3982
3429 8903
8085 9661
7411 977
4944 6909
3110 9444
1602 2493
8066 9560
5734 8684
6767 9800
9852 5669
3265 3516
5034 5463
876 8947
676 4838
6367 7854
4290 317
6826 2259
9576 6643
924 7401
3285 452
4121 2988
3540 9889
8574 4709
6982 6622
5142 6837
3160 261
6341 2744
6876 3785
5296 2143
949 5093
6125 5088
1178 9618
589 92
2636 535
4365 8601
2824 4939
5508 3305
5464 8681
4550 7399
1829 4750
6173 8869
1544 7784
2680 6203
1472 9973
4574 6139
8026 7977
1291 4653
5094 8239
3298 6426
2861 3453
6944 3746
7148 1745
3347 8110
5406 298
4165 6166
3408 3228
7863 7898
213 8967
7358 1922
2782 2578
4253 203
3124 9057
4505 9250
2329 969
8481 3618
2920 2200
1647 7486
490 9611
7101 7103
3016 216
4084 1784
8293 9307
7970 5465
8211 7518
8136 3341
1417 9719
9116 1444
5684 6004
1123 8883
6891 6187
7465 5748
2018 8237
971 5130
880 7255
4372 4831
6709 2526
4972 3598
9597 6721
491 1793
4789 9013
4309 4498
1693 7888
3155 2471
9903 4046
2756 3088
132 2117
1332 3130
6641 8232
2636 2490
7185 6745
9446 6554
6915 6925
4594 8373
2524 1699
7102 2679
6026 1044
9991 9342
261 3866
8004 8109
3721 939
7749 5743
2505 6830
1325 6052
6770 2363
6979 287
493 6000
7274 9766
5493 2012
2720 6216
7899 3885
5257 2925
3383 8786
3343 304
5927 8683
6763 6898
1857 8199
3015 8855
6515 6488
9027 3797
4699 5475
710 8227
4785 2540
1710 6506
1050 845
8174 1329
8789 2811
9932 2929
1893 5374
6884 1943
6862 5920
6623 4840
6185 8087
1734 5398
6288 4689
1167 7201
2371 2013
2526 3627
1141 4309
4674 1786
7535 5217
1991 6142
8822 849
1151 9398
3326 5479
8069 1590
5002 3323
7750 534
1332 904
9067 4304
579 4227
5904 7953
7739 1432
5240 1368
1624 6269
6150 1009
5255 9858
1661 4913
2016 3023
5467 9852
7111 1716
7008 5295
476 4356
1068 3161
6332 3347
3531 2935
3749 6169
9637 8772
7 1800
2625 1997
5009 2429
771 8750
4960 7799
6706 388
9394 9670
1632 8480
7984 1356
3726 60
2407 1162
782 2983
4711 582
7866 1871
6582 2641
2684 6203
7751 7627
7261 2914
2878 1899
3042 2103
5662 5521
6 3490
1634 1151
3601 7688
1262 5531
9351 7244
1575 4943
4024 8720
9730 2268
4334 9025
8238 2988
3880 5893
2340 6367
2571 2974
9104 5113
4962 1868
4424 7129
9891 7428
6327 2669
7441 1699
6337 4173
8026 5756
5063 2960
7403 1066
5313 3287
698 6034
7480 9934
3616 1051
6048 1562
8721 3906
7240 6510
4396 9172
8472 7615
9523 5249
8703 8273
3165 4973
7250 2340
6555 2457
5815 4788
9245 2622
2769 5941
237 5645
2722 3960
5944 7801
1817 1867
2737 4869
5992 5113
6319 5656
4322 7731
9136 9848
3644 4094
9090 9132
2033 1981
1672 3320
9209 9251
8870 966
2853 4101
4775 196
459 709
6182 3158
7190 9336
4691 9229
143 5778
6089 8554
8143 3633
9306 4038
821 2015
939 7920
6663 6045
2614 1604
6456 8119
6827 4188
5678 589
704 7450
9373 1229
7340 1142
2755 8059
8811 827
9746 4161
1969 4245
8872 5332
9459 1098
4948 1845
7827 8993
2877 5005
9416 6953
4776 8437
5813 741
7513 611
1556 8506
6739 1494
2393 7849
6593 3307
5036 1521
4076 2906
8989 924
8773 6177
9595 9534
4088 3601
4218 8100
654 3170
8017 1851
7351 8332
1105 9193
7141 6556
2754 5771
3468 9673
7172 4847
9179 9865
5410 5639
2822 5452
9576 6506
6364 9803
5501 2310
1296 9357
6107 2643
4923 5183
573 9444
1142 6375
5890 3786
8644 7722
8217 5817
4717 4331
2080 8811
2184 3685
1166 5206
8023 2081
7164 2517
2157 2656
9325 6238
6348 1216
6597 1780
371 4241
8593 2900
3730 3231
845 9405
5041 9726
6883 8406
9235 8009
5998 7315
1604 4257
3705 9515
8487 4679
4844 5035
2494 601
3427 8958
1330 1196
9457 48
6417 7608
4163 3906
9867 8331
9019 7298
4477 7240
9608 3268
2218 8265
9325 9087
5319 5861
3816 8481
4702 1095
6527 7937
8995 7963
429 9539
2045 672
5170 3461
2804 2672
5438 3004
666 2916
5194 7252
8731 9142
2795 1805
5539 8911
4938 7548
4395 711
4075 2676
4163 4636
2794 9896
3452 7035
421 3789
4018 6666
7774 9399
7136 4705
6526 8653
5674 6397
1527 6342
8033 3929
4918 763
3120 594
4345 5766
6453 5393
4201 19
3685 4692
1762 6542
7113 4598
4538 7317
9140 1255
4255 4019
3841 6389
9807 618
1877 1407
9045 3432
1121 4539
6093 6019
2469 1419
6996 134
7551 1580
5633 3553
3857 1147
5610 5410
1664 8739
8155 9340
4734 3698
8899 8917
6704 158
9045 9845
1372 2155
4625 3710
3864 4044
9910 5344
6844 2724
5575 8543
4841 966
5114 3138
4505 3466
9208 1769
8679 4144
5546 9583
7584 835
298 1788
780 5375
6267 8730
156 2604
2073 1489
6535 5691
7822 7172
3931 8563
3734 2070
9455 6758
2307 2844
4033 4528
6170 9561
4351 1135
6876 3929
6312 7737
5545 4559
3601 7072
3155 4721
8066 5996
7968 3291
7159 843
2732 3895
3614 5440
4141 6860
7666 6352
6551 4358
3025 5203
8613 9662
2919 8860
5275 1044
737 749
2833 5321
7891 4021
9097 1761
1436 9464
1808 8523
9629 3079
6488 2846
3310 4804
7554 5696
8148 2589
798 5716
7663 4985
657 6900
7240 4244
6805 7302
7035 2607
8581 6383
4370 324
6023 104
7570 9508
4946 1215
2737 2264
8898 6006
8022 519
9618 6033
4928 1858
8747 4636
9752 7246
3253 9585
6621 8234
4117 1450
9204 1443
1573 9160
183 7451
9329 7948
5284 6480
2708 7229
4264 1198
9702 6869
966 429
2137 1743
6956 3951
3982 8067
6147 504
6962 4534
9547 5956
4729 856
7486 937
3576 4645
8223 9519
6845 4172
4835 1846
5111 9372
8462 6608
4502 5236
1451 4312
5202 1908
3903 8331
1715 3738
9881 1048
1018 6000
8449 5372
6422 7640
3131 9249
3611 4460
8934 4611
7996 9900
2987 9219
4069 9834
528 1818
2165 7524
4111 2683
7928 1585
6285 212
896 8508
3761 4238
5647 345
5628 5827
7970 2143
6474 6153
8319 3965
284 8883
6990 1413
1467 8578
6072 5990
3787 2195
1518 187
5514 8743
428 8435
9586 8242
7410 3676
1655 8692
3878 5777
6497 5771
8660 2356
8648 8005
6508 6137
6459 5371
383 5447
4002 6115
5170 1894
2566 6031
6324 5398
2187 397
2544 3842
7263 5573
4609 2386
1508 2840
9447 4695
1452 3237
1815 2746
4740 1751
2380 8989
4804 9991
1932 4374
9932 117
4650 7742
8240 229
2316 3112
8820 691
454 7193
592 1022
2263 2315
5312 7924
9945 8767
2995 7295
8320 8717
5267 8338
1790 3682
9065 7608
2801 9873
8704 778
9813 5889
8538 4469
9940 348
5296 3630
567 2169
4717 958
6050 1982
4978 2458
2302 3949
7880 399
4306 5728
5784 9389
3020 2333
7685 1606
6823 1192
2697 9295
8346 4892
4364 395
2388 973
1831 873
8269 5291
2846 2392
3186 4172
9935 3583
9413 856
3763 5148
7371 673
6480 6756
7453 3405
5293 2670
2082 711
6659 6647
2766 6198
5103 5382
3816 4379
303 7746
9531 4405
6002 9652
267 2803
7358 9347
9655 9354
9592 3583
7142 53
5446 1551
8004 2502
5733 8441
5218 9275
7044 9049
6868 7808
9489 9865
2054 6778
6771 5178
6987 5131
6183 5070
7518 6678
9317 3963
479 2643
9511 9301
1480 1766
7110 5728
973 3167
7133 7610
2581 1914
6364 4433
7646 5866
2287 1424
7596 8368
2836 1504
7656 19
9259 5789
8267 6439
3579 4177
4299 7436
7911 6702
4753 2914
1867 4100
5440 662
1747 9240
505 7347
2901 4362
4268 135
7009 4036
4609 2052
7719 2350
6622 559
2165 1084
1827 9455
6305 8278
1966 9103
7953 3438
2791 1740
7992 2722
9804 9332
5781 989
8846 8687
6963 8426
4432 4253
3370 1297
9531 5725
9829 8487
8078 7951
8233 7817
2086 4932
6171 4328
7237 9338
8974 9469
6373 2377
9991 5832
5033 8277
5425 3047
5300 9262
7686 4776
8520 8231
7450 2348
9244 23
8291 5
2340 2940
7079 7978
315 2904
827 9274
8143 9543
1555 5765
5671 9088
697 3636
78 3504
5264 2237
8720 3577
9170 7949
6706 5607
8437 1762
6214 772
6294 6298
3685 6230
7634 4525
6310 4956
7303 5495
3098 4971
1528 1993
3934 4651
3522 9301
3453 6153
6699 3791
5130 4839
8001 9143
489 2633
7197 9758
3741 4060
8060 820
1593 8949
353 7651
7837 617
1877 3288
6575 4382
3248 3957
1250 6954
432 3524
7448 6668
1564 9633
9511 7941
9063 104
9851 8465
1327 2790
3141 4589
3867 1949
6937 9114
9285 4251
8051 9238
9771 9103
6530 9072
2691 3136
7956 9404
2189 9488
6319 7624
52 3454
6769 1567
8383 8865
939 9120
2500 5813
6331 2277
9271 3995
3069 7543
6196 7574
38 8559
2513 3332
8062 9784
1058 1016
7163 2259
7760 8373
575 300
9615 2437
6068 8073
4770 4735
6559 9745
6466 7707
6756 2765
8922 1694
3404 2617
8921 9023
8752 9920
1202 9057
1876 8079
5912 4672
2102 3533
8573 6870
9923 7698
7243 184
166 5867
3813 5479
3723 380
5695 8653
8839 5171
3764 2090
7878 8881
2859 7465
1871 744
958 7722
2483 7019
9503 2325
4208 2103
5886 8009
6684 1586
8657 8918
5086 8913
8587 3427
7438 5598
2468 7985
1768 998
6983 7768
8598 3208
4755 484
4490 8587
8733 6848
8810 9462
6718 655
3884 2490
3361 4532
9609 1916
2568 6907
4499 2836
210 9401
8480 2999
6307 6386
4361 7409
5483 2383
2383 2158
5754 4710
7261 9835
9931 2840
4449 2663
8547 3650
4274 6979
5701 1198
2716 5736
8772 5072
7045 3502
494 1737
4883 4753
9798 6335
2163 178
5378 8650
4731 2913
7534 5885
2891 7906
2079 7381
6745 389
6887 3317
2739 9617
1221 8913
9003 5804
9810 3819
7426 5139
4069 2816
4652 59
2630 9644
3220 6189
3877 6743
6926 5768
6939 8490
4013 6572
6147 1598
5295 1392
4086 5996
6646 8097
3637 9754
6442 1
7810 447
8470 6254
9109 8117
8562 5030
6895 6304
5913 415
8295 6463
2040 819
7656 8022
987 740
1182 7201
4717 5094
2312 1503
8500 4125
8436 4234
9753 3027
5374 3533
8027 9159
5832 1654
7645 2159
4495 4532
1930 2493
5594 3544
4482 9105
3970 2567
9613 259
7139 5992
5011 1091
4514 8851
629 3160
773 7919
5976 7813
2364 4644
4807 3772
3166 3080
616 4032
6144 7924
3281 9346
489 2011
6992 2761
2905 7683
5010 2359
7568 9054
5961 3311
8671 5228
5020 8708
4542 8324
3244 7239
1191 6562
2726 7078
7063 4827
5568 7830
2075 8893
3983 8954
1022 6408
1064 6765
1271 4806
4951 6993
4366 1387
2660 6875
4977 8181
6071 186
7115 7710
2943 432
504 912
3473 3818
6075 4123
7124 9820
9467 7411
1486 5334
541 6777
3868 4047
5150 6177
2862 2811
7902 373
4281 7125
4544 1989
8482 980
6716 2504
7669 1306
7860 4143
181 6008
238 9459
2924 4617
3821 9848
278 7676
4936 3928
9433 8125
1771 4364
5571 2737
9454 6678
1481 6197
603 306
3223 577
864 3465
8792 3939
6559 8865
5024 4289
147 3206
4964 9631
1798 9149
4269 9530
6932 1779
7287 8990
370 8678
2159 2574
6636 6636
7885 3516
2554 4701
1445 8306
9928 6804
8505 3762
9998 6971
1758 813
8027 6344
65 1944
1579 5793
7226 7752
534 718
6699 617
3270 5204
6187 6124
6167 6475
5029 1553
1413 9631
7795 8494
4640 70
6394 4385
977 7394
1955 7727
5983 7056
5322 3970
2305 8076
3685 1130
8484 6013
4589 891
9985 9079
1800 2764
61 5145
4779 8468
9066 9885
5815 7426
1269 5526
3835 7774
1052 8463
2713 3337
3749 4507
3947 8313
2220 8465
8266 5036
5680 5392
9682 6037
9073 6288
8429 911
4457 7055
4743 4118
6267 4052
4824 418
2353 2721
1678 5470
5960 8887
1382 6564
1566 6945
1688 5973
9996 8837
5464 8026
1415 2553
2207 194
6131 2553
1581 6054
5437 5805
411 1429
8153 7930
2223 7783
9405 3081
4709 6128
5058 1055
499 6135
6457 2114
67 9977
6510 8187
213 8722
9008 7579
7780 7259
5089 2178
8124 577
6602 7798
2583 7591
2032 4176
803 4564
7403 2582
2199 722
856 5577
7562 9910
8842 9886
1833 6868
5958 8812
6644 9273
1869 5579
8045 4058
1902 4230
2139 6329
8198 8756
6394 2950
5722 1814
1489 9114
9292 3776
3695 2588
172 1410
7308 9642
3007 4591
3076 4455
9301 3865
3707 498
373 6686
4810 6014
8795 3643
4216 4311
737 6623
6440 5313
3697 2881
4859 3105
355 2002
5415 6497
8142 6663
2478 5932
9873 9731
6334 4756
3276 137
3718 9718
9383 5588
2438 1710
1278 5641
5696 9673
477 4583
3502 9544
9679 1263
5625 3820
5403 2508
4194 1123
8940 1929
4686 2906
3708 4676
3178 338
6603 2604
8932 7234
8533 8525
309 4548
2762 234
4429 8961
6979 1697
559 5716
9986 9388
7445 9602
2714 5054
477 8622
8780 7038
4698 7697
2338 8184
4131 56
8569 9384
8769 8341
3462 7208
5698 3529
7389 4037
2915 114
3830 4499
8547 2075
350 5831
6794 6951
6620 6897
2692 3145
7342 8517
5266 8212
3278 7054
7265 1642
6937 9435
698 3041
3247 5985
6714 2369
6311 7015
9515 7023
4289 968
5908 1870
2785 9278
392 799
8606 9576
2265 2078
9182 2854
7022 4192
304 9214
4121 1758
5090 6739
6056 9120
7025 6332
6991 4215
205 1220
3296 4888
6922 2513
1536 651
8009 8458
7630 5077
8976 294
2521 2138
7928 6303
5119 7525
1642 5786
7010 2506
6529 5434
1244 1516
4622 6184
2669 6219
4381 4522
62 4244
4786 1232
5521 3165
1052 8910
1811 8865
8586 9927
6073 905
5018 9008
3823 6782
5984 3106
8102 9904
7571 4151
5590 8518
4415 4484
7292 3643
7165 92
2253 2298
7590 2443
8025 7548
7511 7680
7417 9978
3696 5021
6200 6000
4018 702
5668 7210
8401 1652
1998 4724
3602 5311
1304 5553
2452 8690
1940 8366
3484 8579
4769 2408
1791 2298
9610 5999
9423 6933
9300 8429
5761 3105
8159 9
3240 793
7078 7529
9963 1712
6846 1839
1723 9698
3959 5477
1595 3771
2755 4100
5070 354
7148 3720
411 9385
9493 2580
2697 8590
3106 6374
8999 7157
275 452
8852 3844
1391 9460
9345 1761
2771 6405
2968 2122
1763 7124
1342 5219
8240 3313
2826 9441
1070 8721
448 1955
4820 5036
9704 211
8355 4932
670 7665
2171 8704
4484 1916
9748 8670
1116 9764
5335 6425
8308 2857
3024 9063
4289 5307
4055 4158
4858 6794
6708 1152
2439 6461
2067 9164
2223 9740
6159 1644
8232 9609
3663 3527
6191 9478
2135 7073
7896 8698
9122 6688
2584 9294
7933 1892
6942 4802
7970 5477
5000 3409
1934 4410
6718 9791
24 9886
9257 7701
2820 6056
148 6718
1889 4980
9851 6725
1573 4317
3297 480
3289 5928
5897 2437
5924 4829
5701 6892
6443 7180
6612 4429
7742 2826
9204 4358
6374 7741
6617 3690
5022 1315
6416 4663
6430 5503
2098 3928
1379 7228
9114 5779
4574 4109
48 2786
2667 2143
5010 4644
1350 7183
6428 9637
567 4740
4802 1519
389 9621
3424 1857
9209 1524
3507 4713
2664 8303
5710 3248
1155 8660
1209 4387
2156 8385
9116 8020
591 1598
8413 8952
4558 6518
7897 9246
457 7711
4434 9614
8807 8519
8238 8949
5137 9276
3209 977
1833 4384
6316 1483
7886 1140
3993 5260
5102 3424
9372 4870
5623 762
8724 2948
1936 2988
3663 1374
6367 219
9618 2214
1959 4410
7065 8543
3424 4221
7393 9054
7202 283
9215 8764
522 8643
811 1210
9197 6804
1251 5300
1001 9525
3040 4073
3323 3809
2364 4469
1554 5727
6671 1486
5260 8479
6338 3887
9650 5730
4693 5633
6862 3255
8366 1165
3537 8635
6531 8777
1112 1003
7385 4786
1004 2426
9374 6414
204 4515
3742 8487
8921 189
9945 9945
2573 4857
8541 9695
2862 7944
9234 7525
377 4357
7717 7748
2669 1144
9606 21
4740 4838
872 1879
9356 5023
6883 4378
4585 7728
7929 7993
6116 3210
2929 4250
811 3651
9971 4470
1703 4266
8390 2195
3729 4330
1749 8606
7811 9936
7748 1110
3272 6592
6640 5271
6905 9630
883 972
8098 2619
7624 414
9390 5228
886 2048
7448 3750
2404 1485
1259 955
9290 9455
7227 6288
9649 9339
9754 8880
7254 4795
2269 1492
267 333
441 6370
5916 6172
4249 7048
1864 5640
3656 2255
1797 8314
4648 5089
9132 9143
9411 5654
7687 1173
637 4889
958 469
1398 1875
2476 9962
6345 8389
6823 1400
9394 4264
1583 8071
7 7422
9838 1930
613 7132
3047 6562
