100
10 8 3 2
3 2 2 2 2 1 1 3 3 1
10 0 4 5
3 2 2 3 2 1 2 2 2 3
10 2 3 6
3 3 2 3 2 2 3 3 3 2
10 0 6 3
1 2 2 2 2 1 1 2 1 3
10 15 0 3
3 2 2 2 2 3 3 2 2 3
10 20 1 0
2 2 2 2 3 2 1 3 3 2
10 12 2 3
3 3 3 2 1 2 2 3 3 3
10 0 9 0
1 3 3 2 2 1 2 1 2 1
10 19 0 1
3 3 1 2 1 2 2 3 3 2
10 0 3 6
3 2 1 3 2 2 3 2 3 3
10 2 5 4
2 3 2 2 2 3 3 1 3 3
10 0 2 7
2 2 1 2 3 3 2 2 2 2
10 0 1 6
3 2 2 2 1 2 2 1 3 2
10 3 3 5
2 3 3 2 3 2 1 3 2 3
10 1 4 5
3 3 2 3 2 2 3 3 2 1
10 4 1 7
3 3 1 3 3 2 3 3 3 3
10 0 0 8
3 2 1 2 2 2 3 1 1 2
10 0 5 4
1 2 2 2 2 2 3 1 1 2
10 13 1 2
3 2 2 1 2 2 2 3 1 3
10 18 0 2
2 2 2 3 2 3 3 2 2 3
10 6 6 2
3 3 3 2 2 3 2 1 3 2
10 2 0 5
2 1 2 2 1 1 1 3 1 3
10 0 0 9
1 3 3 1 2 2 2 3 2 2
10 0 0 7
1 2 2 2 1 3 2 3 2 1
10 7 4 2
3 3 3 1 2 2 3 1 1 2
10 7 2 3
1 3 3 3 1 1 2 2 2 2
10 0 1 8
3 3 1 3 2 2 2 3 2 1
10 0 0 7
3 1 2 1 2 1 3 2 3 3
10 11 1 3
3 2 2 2 1 3 3 1 2 3
10 7 7 1
2 2 3 3 3 3 2 1 3 2
10 3 5 3
1 3 2 2 1 2 3 3 3 2
10 0 1 6
1 2 2 3 1 1 2 3 2 3
10 0 0 7
1 3 2 1 2 3 3 1 3 1
10 0 3 5
1 1 2 2 2 1 2 1 3 3
10 19 1 1
3 2 3 3 2 2 3 1 3 2
10 15 3 1
2 3 3 2 1 3 3 3 3 1
10 0 0 7
1 2 3 2 2 1 1 1 3 2
10 10 5 0
3 3 1 1 2 3 3 1 2 1
10 2 3 5
2 1 3 2 3 1 3 3 2 3
10 0 0 9
3 3 3 3 2 2 1 2 2 2
10 5 0 6
1 1 3 3 1 3 3 2 3 3
10 0 0 6
1 2 3 1 3 2 1 2 1 2
10 14 0 2
2 3 2 1 2 1 3 2 2 2
10 2 0 6
2 1 1 2 3 3 2 1 2 3
10 9 5 0
2 2 2 2 2 3 2 1 1 2
10 0 1 8
2 2 3 3 2 3 2 3 3 3
10 0 0 9
3 1 2 3 2 2 3 1 2 3
10 0 0 8
1 3 2 1 2 3 1 1 1 2
10 6 4 2
3 1 2 1 1 3 1 2 3 3
10 0 1 8
3 3 1 3 2 2 3 3 3 3
10 0 2 6
3 1 3 2 1 3 2 2 3 2
10 3 7 2
3 2 1 3 3 3 1 3 3 1
10 3 6 2
2 2 3 3 2 1 3 2 1 2
10 0 3 6
1 2 2 2 2 2 1 3 2 2
10 0 1 8
2 2 2 2 3 1 2 3 2 2
10 0 1 8
2 2 1 1 3 3 3 3 2 3
10 0 0 9
1 1 1 2 1 1 3 2 2 2
10 0 0 9
3 1 3 1 2 1 1 3 3 3
10 0 2 7
2 3 1 2 2 2 2 3 1 1
10 5 5 3
3 2 2 3 3 2 2 2 2 3
10 0 3 5
3 3 1 1 2 1 2 3 3 1
10 2 4 4
3 2 3 2 1 2 2 2 3 2
10 0 7 2
1 1 2 2 3 3 1 2 2 2
10 0 1 7
2 3 3 3 2 2 2 1 2 1
10 0 2 6
2 2 3 2 2 2 2 2 1 2
10 11 2 3
1 2 3 2 2 3 3 3 3 2
10 3 1 7
3 3 3 3 2 3 1 2 3 3
10 0 4 5
2 2 1 2 3 1 2 2 3 3
10 14 0 2
2 1 2 3 1 3 3 1 2 2
10 11 0 5
3 3 3 3 2 2 3 2 2 3
10 0 0 8
2 2 1 2 3 1 3 1 3 2
10 3 6 3
2 2 3 3 2 3 3 3 1 2
10 14 1 2
3 2 2 3 1 3 2 3 1 2
10 0 1 7
3 1 2 3 2 1 2 1 2 3
10 4 5 3
2 2 2 2 2 3 2 2 3 3
10 13 5 0
2 2 3 2 1 3 2 3 3 2
10 10 4 1
3 2 2 2 1 2 1 2 3 3
10 12 3 2
2 2 2 2 3 3 2 3 3 2
10 4 1 6
2 3 3 2 2 2 3 2 3 2
10 0 3 5
3 3 1 2 3 2 1 2 1 3
10 1 2 4
2 2 1 3 1 1 1 2 3 1
10 0 0 9
2 3 2 1 3 3 3 3 2 2
10 5 1 6
2 3 2 1 3 3 3 3 2 3
10 2 2 6
3 2 3 2 2 3 3 2 2 2
10 16 3 0
1 3 3 2 3 1 2 1 3 3
10 12 0 3
1 3 2 3 2 3 2 2 1 2
10 0 0 8
2 3 2 2 3 3 3 3 1 2
10 9 4 1
3 2 3 3 1 1 3 1 1 2
10 7 5 2
2 3 1 2 2 2 3 3 3 2
10 4 3 5
1 3 2 1 3 3 3 3 3 3
10 3 3 3
2 1 1 2 2 2 3 1 1 3
10 9 6 0
2 2 1 3 3 3 3 1 2 1
10 0 1 6
1 1 2 2 2 1 1 1 3 2
10 0 2 7
2 1 1 2 2 2 3 1 1 2
10 1 1 8
3 3 3 3 2 3 3 3 2 2
10 6 2 3
2 1 1 3 1 2 3 1 3 2
10 0 2 7
3 3 2 2 3 2 3 1 1 2
10 3 2 5
3 1 2 2 3 2 3 1 3 2
10 4 1 7
3 3 3 1 3 3 3 2 3 3
10 9 1 5
2 3 2 3 1 3 3 3 3 3
