100
100 33 27 32
3 2 2 2 2 3 3 3 2 2 2 3 2 2 3 2 2 2 3 2 3 3 2 3 2 2 3 3 3 2 3 1 2 2 2 2 2 2 1 3 2 3 2 2 2 2 3 3 2 2 3 3 2 2 2 2 3 2 1 3 3 2 1 2 3 2 2 1 1 2 2 3 3 3 3 3 2 2 2 2 2 1 2 2 2 2 3 2 1 2 2 3 3 2 2 3 2 1 3 2
100 22 51 41
3 1 3 3 3 2 3 2 2 2 3 3 3 3 2 2 1 2 1 2 3 3 2 2 2 2 2 3 2 2 2 2 2 3 3 2 3 2 3 3 2 3 2 1 3 2 3 3 3 3 2 3 2 2 3 3 2 3 3 2 2 3 3 2 3 3 3 3 2 3 2 2 3 3 3 3 3 2 3 2 2 2 2 2 3 2 2 3 3 2 2 3 3 2 2 3 3 3 2 2
100 4 41 41
3 1 3 3 2 2 3 2 3 3 3 2 2 3 2 3 3 2 2 2 2 2 1 1 3 2 3 2 1 3 3 2 2 3 2 3 2 3 2 2 2 2 2 3 2 2 3 3 3 3 3 1 2 2 3 3 2 2 1 3 3 3 1 1 2 2 2 2 2 3 3 1 3 2 2 2 3 2 1 3 3 1 2 2 2 3 2 3 3 3 3 2 2 2 3 3 3 2 3 2
100 19 75 48
3 2 3 3 3 3 3 2 3 3 3 1 2 3 1 3 3 3 2 2 2 3 1 3 3 2 3 2 3 3 1 3 2 1 2 3 3 1 3 1 3 1 3 3 1 2 3 3 3 3 2 3 2 3 3 2 2 3 3 2 3 3 1 3 3 2 1 3 3 3 3 1 3 1 2 3 2 2 1 3 3 2 2 3 3 3 2 3 3 3 3 1 2 2 3 2 3 1 3 3
100 48 65 46
3 3 2 3 3 3 2 2 2 2 2 3 1 1 3 3 2 2 3 2 3 2 3 2 3 3 2 3 2 3 2 2 2 3 3 2 3 2 3 2 2 2 3 3 1 3 3 2 1 2 3 2 2 2 2 2 2 3 2 1 1 2 1 3 3 3 2 3 2 2 1 3 3 3 3 3 3 2 3 3 2 2 2 3 3 3 3 2 2 3 3 1 2 2 3 1 2 1 3 3
100 43 47 38
2 2 3 2 2 3 2 2 3 3 3 3 3 3 1 3 2 1 3 2 2 3 2 2 3 2 1 3 3 3 2 2 3 3 2 2 3 3 2 1 3 2 1 2 2 2 3 3 3 2 3 3 2 2 3 2 2 2 2 3 3 2 2 1 2 3 2 2 3 3 3 3 3 2 3 3 1 1 1 2 3 3 2 2 2 2 3 3 3 2 1 2 2 2 3 1 2 3 1 2
100 10 33 48
2 3 3 3 3 2 1 2 3 3 2 2 2 2 3 3 3 3 3 2 3 2 2 2 3 3 2 3 2 1 2 2 2 3 2 2 2 2 2 3 3 2 1 2 2 3 2 3 3 3 2 2 2 2 2 2 2 2 3 2 2 2 2 2 1 2 2 2 3 3 3 2 2 2 2 3 3 2 2 2 3 3 1 3 1 2 3 3 3 2 2 1 2 3 1 2 2 3 3 3
100 31 46 68
2 3 1 3 3 1 2 2 2 3 3 3 3 2 2 3 2 2 3 3 2 2 1 2 3 1 3 1 3 2 2 2 2 3 3 2 3 3 3 1 2 3 3 2 2 3 1 3 2 3 3 2 2 2 2 3 2 3 2 2 3 3 2 2 2 2 2 3 2 2 3 3 2 2 2 3 2 1 3 2 3 3 2 1 2 2 1 2 2 1 2 1 2 3 3 3 2 2 2 2
100 40 57 28
2 3 2 3 2 3 2 3 2 3 2 3 3 2 3 2 3 3 2 2 3 2 3 2 3 3 2 2 1 3 2 3 1 3 2 3 2 2 2 3 3 3 3 2 2 3 2 3 2 1 3 3 3 3 2 3 3 3 2 3 2 2 3 3 2 2 2 2 1 3 3 2 3 3 2 3 3 1 3 3 2 3 2 3 2 2 3 3 2 2 2 3 1 3 3 3 3 2 2 2
100 26 38 31
3 3 1 1 3 3 2 3 2 3 1 2 2 2 3 3 3 2 3 1 3 2 3 3 2 3 3 2 3 2 3 3 3 2 3 2 1 3 2 2 2 1 3 3 3 3 2 1 2 3 3 3 2 3 1 2 2 1 3 2 1 1 2 2 2 3 1 2 1 3 3 3 3 3 2 3 3 3 2 2 3 2 1 3 3 2 3 3 3 3 3 2 3 1 2 3 2 3 1 3
100 34 32 52
3 1 2 2 3 2 3 2 2 3 2 2 3 2 3 3 3 2 3 3 2 2 3 2 3 1 3 3 3 3 3 3 2 3 2 3 3 3 2 2 3 2 1 2 3 2 3 1 3 2 3 3 2 2 3 3 1 2 2 1 3 2 2 2 2 3 2 3 3 3 3 3 3 2 2 3 2 1 3 2 2 3 3 1 2 3 2 3 3 3 2 3 2 3 3 3 2 2 3 3
100 48 33 58
3 3 3 2 3 2 2 3 2 2 1 3 3 3 2 2 3 3 3 3 2 3 2 2 2 2 2 3 3 2 3 3 2 2 2 3 3 3 1 2 3 3 1 2 2 3 1 3 3 2 2 2 2 3 2 2 3 2 3 3 3 1 2 1 3 2 3 3 3 2 2 2 2 3 3 1 3 3 2 2 3 2 3 2 2 2 2 2 2 1 2 3 3 2 2 1 1 3 2 3
100 35 42 38
3 3 3 3 1 3 2 1 2 3 3 1 1 3 3 2 3 2 3 3 2 3 3 2 2 2 3 3 3 3 1 3 2 3 3 3 3 3 2 1 2 2 3 2 1 3 2 3 3 2 1 2 3 2 2 3 2 2 3 3 3 3 2 2 3 3 3 3 3 2 2 3 3 3 3 2 2 3 3 2 2 2 2 1 3 3 3 2 2 3 2 2 2 3 2 1 1 3 2 3
100 32 67 69
1 1 3 2 3 2 2 3 2 2 3 2 2 3 1 3 3 2 3 2 2 3 1 3 3 3 3 3 3 3 2 3 3 3 2 3 3 2 2 3 2 3 2 2 3 2 2 2 3 2 2 2 2 2 3 3 2 3 3 3 3 3 3 2 3 3 3 2 3 3 3 2 2 3 2 3 3 3 2 3 2 3 3 2 1 3 3 2 2 2 2 2 3 3 2 2 2 2 1 3
100 42 64 57
2 3 2 2 3 2 3 2 3 2 3 2 2 2 2 2 3 3 3 3 3 3 2 3 2 3 2 2 2 2 2 2 3 3 2 3 3 3 3 2 1 2 2 2 2 3 2 3 3 3 3 3 2 1 2 3 1 3 3 3 2 3 2 2 3 1 3 3 2 2 3 2 2 3 1 3 1 3 2 3 2 2 2 3 3 1 2 2 3 3 3 2 3 2 2 3 1 2 2 3
100 0 33 35
2 3 3 1 3 2 3 2 3 3 3 3 3 2 3 2 1 3 2 3 3 2 3 3 3 3 3 1 1 1 2 1 2 2 3 2 1 3 3 3 2 1 3 2 2 2 2 2 2 3 3 3 2 3 1 3 1 2 2 3 3 3 2 2 3 3 3 2 3 2 2 3 2 3 3 2 2 2 1 2 2 2 3 1 2 2 3 3 3 3 3 2 2 2 2 2 3 2 3 3
100 35 34 57
1 2 3 1 3 3 3 3 2 1 3 3 3 1 3 1 3 2 2 2 3 2 2 3 2 2 2 1 3 3 2 3 2 2 3 3 2 2 3 3 2 3 2 3 2 2 2 3 2 3 2 3 3 2 2 3 3 3 2 3 1 3 1 2 3 3 2 1 2 2 2 3 3 3 3 2 3 2 2 2 2 3 2 3 2 3 2 3 3 2 2 2 2 3 2 1 3 3 3 2
100 18 52 74
3 3 2 2 2 2 2 2 2 2 1 3 2 2 1 3 3 2 3 2 3 2 3 2 1 1 3 3 3 3 3 3 2 2 2 3 2 2 3 2 2 3 2 3 3 3 3 3 3 2 3 2 2 3 2 1 2 3 2 3 2 3 3 2 3 2 3 2 2 2 3 2 2 2 3 3 2 3 3 2 2 2 2 2 3 2 3 3 3 3 3 2 3 3 3 2 2 2 3 3
100 13 70 53
1 2 2 1 3 1 3 3 3 2 3 2 3 3 2 2 3 2 1 2 3 2 2 2 3 2 1 2 3 3 3 2 2 3 2 2 2 2 3 2 2 3 2 2 2 3 3 3 2 3 2 3 2 1 3 1 3 2 3 3 1 3 3 1 3 3 2 1 3 2 3 3 3 2 3 3 2 3 2 1 2 2 2 3 3 2 1 2 1 1 3 3 2 3 2 2 3 2 2 2
100 32 37 70
3 2 3 2 1 3 3 3 3 2 3 2 3 3 2 2 2 2 3 3 3 2 3 3 3 2 3 3 2 3 2 1 3 3 2 3 3 3 3 2 1 3 2 3 3 2 1 2 3 2 2 2 2 1 3 3 1 2 2 2 2 2 3 1 2 3 1 3 2 2 2 2 2 3 2 3 2 3 1 2 3 1 1 2 3 2 1 3 3 2 3 3 3 3 3 2 2 3 2 2
100 22 27 33
2 3 3 3 2 2 3 3 3 2 2 3 2 3 3 2 2 2 3 2 3 2 3 2 2 3 2 2 3 3 3 2 2 2 2 1 2 3 2 3 3 3 1 2 2 3 2 3 2 2 3 3 3 3 1 2 2 3 3 2 2 2 1 1 2 1 2 2 3 2 2 2 1 2 2 3 2 1 3 2 3 2 3 1 3 2 2 3 3 3 3 2 3 3 3 3 2 3 2 3
100 21 66 67
3 2 2 1 3 1 2 1 2 2 2 2 2 2 3 3 3 2 3 3 3 3 3 2 3 3 1 1 2 3 3 3 2 3 3 3 2 3 2 2 2 3 2 2 3 2 3 3 3 3 2 3 2 2 2 1 2 3 2 2 2 2 2 3 2 2 3 3 1 2 2 2 2 3 2 2 2 3 1 2 3 2 1 2 2 2 2 2 2 2 2 3 1 2 1 3 2 2 3 3
100 37 54 68
2 3 2 2 2 3 3 3 3 2 1 3 3 1 3 3 2 3 3 3 2 2 2 2 2 3 2 2 2 3 3 2 2 3 3 1 1 3 1 3 1 1 3 3 3 2 2 3 3 2 2 2 2 2 3 2 1 2 2 2 2 3 3 3 3 3 2 2 3 1 3 2 3 3 3 3 2 2 2 3 2 2 2 3 3 3 3 2 3 3 3 3 2 3 3 2 3 3 3 2
100 29 37 34
3 3 2 3 1 3 3 2 3 3 3 3 3 2 3 2 3 2 3 2 3 3 3 3 2 1 1 3 2 3 2 2 2 2 2 2 2 2 2 2 3 3 3 2 2 2 3 3 2 3 2 2 3 2 1 2 2 2 2 1 2 3 2 3 3 2 3 3 2 2 3 2 2 3 2 2 2 3 2 2 3 2 3 2 2 2 2 3 2 3 3 3 3 3 2 2 3 2 2 1
100 35 64 55
3 2 2 3 3 1 3 3 2 2 2 2 2 3 2 3 3 3 3 3 3 3 2 2 2 3 3 2 2 3 1 2 1 2 3 3 2 2 3 2 2 3 2 3 1 2 2 3 3 3 2 3 3 2 3 3 2 2 1 2 3 2 2 1 2 2 3 3 3 3 2 2 3 2 2 2 3 2 3 2 2 3 2 2 2 1 3 2 2 2 1 3 2 3 2 1 3 2 2 2
100 27 72 41
1 2 1 1 3 3 3 2 3 3 3 2 2 3 2 1 2 2 3 3 1 3 2 2 2 3 3 3 1 3 2 2 2 2 3 3 3 3 3 2 2 2 3 1 2 2 3 3 3 3 2 2 1 2 2 2 3 2 2 3 3 3 3 3 3 2 3 2 3 2 3 3 2 1 2 3 3 2 2 3 1 2 3 2 2 2 2 2 1 3 3 3 2 2 3 2 3 2 2 3
100 39 32 43
2 1 3 1 2 3 3 3 3 3 3 2 3 1 2 3 2 3 3 3 3 3 2 2 3 2 3 1 3 2 3 1 2 1 2 3 2 2 2 3 2 1 2 1 1 2 3 2 2 2 2 2 2 2 2 2 2 1 2 1 1 3 2 3 2 2 2 3 3 2 2 2 3 2 2 3 3 2 2 3 2 3 3 3 2 2 1 2 3 3 3 3 3 2 1 2 2 1 2 2
100 44 54 40
3 3 3 2 2 2 3 3 1 2 2 2 2 3 3 2 3 3 3 2 2 2 3 2 2 2 2 3 2 3 2 2 3 3 2 3 2 1 2 3 2 2 3 2 2 2 2 2 2 2 3 3 3 2 2 2 1 3 2 2 2 2 2 3 3 3 1 2 3 2 3 3 1 2 2 2 3 2 3 2 3 2 2 3 1 2 2 3 3 1 2 2 3 2 1 2 2 2 2 2
100 38 67 72
1 3 3 3 1 2 2 2 3 3 3 1 3 2 3 2 2 2 3 1 3 2 1 2 3 3 2 2 1 3 3 2 2 2 3 3 3 3 3 3 2 2 2 3 3 3 1 3 3 3 1 2 2 2 3 3 3 3 2 2 3 2 2 2 3 3 2 2 1 2 2 2 3 3 3 3 2 3 1 2 1 3 3 3 2 2 1 2 3 3 3 2 1 2 2 3 3 3 2 2
100 43 30 43
2 2 2 3 1 3 3 2 3 3 3 2 3 2 3 1 3 2 3 1 2 2 3 3 3 3 3 1 2 3 3 2 3 3 3 3 2 2 2 3 2 3 2 3 3 2 2 3 3 3 3 3 1 2 2 3 2 3 3 3 2 2 2 3 3 3 3 2 3 2 2 3 3 3 2 3 2 3 2 3 2 2 3 3 3 3 2 3 2 2 2 3 3 3 3 3 3 3 2 2
100 9 48 68
3 1 3 3 1 2 2 2 3 3 3 2 2 2 3 3 2 1 3 2 3 2 2 3 1 3 2 3 2 2 3 2 2 3 3 2 1 2 2 3 1 2 2 2 2 3 2 2 2 3 2 3 2 3 2 3 1 3 2 3 2 3 2 1 2 2 2 3 3 2 3 2 2 1 3 3 3 3 3 2 2 2 2 2 2 1 2 2 3 2 3 3 3 3 1 1 3 3 3 2
100 34 57 43
2 1 2 3 3 2 1 2 2 3 3 2 1 2 2 3 3 3 3 2 3 3 3 2 3 2 2 3 2 2 2 2 1 2 2 2 2 3 2 2 3 2 2 3 2 3 2 3 2 3 3 3 3 2 3 1 3 1 2 3 2 3 2 2 2 2 3 3 2 2 3 1 3 2 3 2 2 3 1 2 2 2 3 3 3 3 3 3 2 3 3 3 2 2 3 3 2 2 3 2
100 13 31 51
2 2 3 3 2 2 2 3 2 2 3 2 3 2 2 2 3 3 3 3 1 3 3 3 3 1 2 3 2 2 3 3 1 1 3 2 2 2 2 3 3 2 3 1 3 2 2 3 2 2 3 3 3 3 2 3 2 2 3 1 3 2 3 3 2 3 1 2 2 1 2 2 3 2 3 2 3 2 2 2 2 2 3 2 2 2 3 3 2 3 3 2 2 2 3 2 2 2 3 2
100 20 62 37
2 2 2 2 3 3 2 3 3 2 3 1 2 3 2 3 3 1 3 3 3 3 2 3 3 3 3 3 3 1 3 2 3 3 3 2 3 2 2 2 3 2 1 3 3 2 3 3 2 2 1 2 2 3 2 3 3 2 2 2 1 3 2 3 2 2 3 1 1 3 2 3 3 3 2 2 2 2 2 3 2 2 1 2 3 2 2 2 3 2 2 2 3 2 3 3 3 2 3 1
100 49 41 62
3 3 2 2 3 2 2 2 3 2 2 2 1 2 2 3 3 2 3 2 3 2 2 3 2 2 3 2 3 3 3 2 3 2 2 2 1 2 3 1 3 2 2 3 3 2 2 2 2 2 3 2 1 3 3 3 3 2 3 1 2 2 2 3 3 2 3 2 2 3 1 2 2 2 2 3 1 3 1 3 2 2 3 2 2 2 2 3 2 2 3 2 3 1 3 1 3 3 3 3
100 42 64 49
3 2 3 3 3 3 2 3 1 2 3 3 3 3 2 3 3 2 2 2 1 2 3 2 3 3 2 3 3 2 2 3 2 3 3 3 3 3 2 2 2 3 3 2 2 3 1 3 3 1 2 3 3 3 3 3 2 3 3 3 2 3 3 2 2 2 2 2 3 2 3 3 3 1 1 2 3 3 3 2 2 1 3 3 3 2 3 3 3 2 3 2 1 3 2 3 2 2 3 3
100 33 65 70
2 1 2 1 3 3 2 2 2 1 3 2 3 3 2 2 1 3 3 2 2 1 2 3 2 2 3 3 3 2 2 2 2 3 3 2 3 2 2 3 3 3 3 1 3 2 2 3 2 1 1 3 2 2 3 3 3 3 3 2 3 1 2 3 2 2 2 2 2 3 3 2 2 3 3 3 2 3 3 3 2 2 1 1 3 2 2 3 3 3 2 2 3 3 3 3 3 3 3 3
100 49 57 56
2 2 3 2 1 3 3 3 1 2 2 2 3 3 3 2 2 2 2 1 2 3 2 3 3 2 2 2 1 2 3 3 2 3 1 2 2 2 3 3 3 3 2 2 3 3 3 1 2 2 3 2 2 3 2 2 3 2 3 3 3 3 2 3 3 2 2 2 2 2 2 3 2 2 2 3 2 2 3 2 2 3 3 2 2 3 3 2 3 2 1 1 2 1 1 3 3 3 2 2
100 44 48 57
2 2 3 2 2 3 1 3 1 2 3 2 1 2 3 2 3 1 3 3 3 2 3 2 3 3 2 3 3 2 3 3 2 2 2 2 3 2 2 2 3 2 2 2 3 3 2 3 3 2 2 2 3 3 2 3 2 3 3 3 2 2 2 3 3 2 3 3 3 1 2 2 2 3 2 2 2 1 2 3 3 3 2 2 2 1 3 2 3 2 2 3 3 3 2 3 2 3 2 2
100 48 42 40
2 3 3 2 3 2 2 2 2 3 1 2 2 2 2 2 3 1 2 2 2 3 3 2 2 3 2 3 2 2 3 3 3 2 3 2 3 3 3 3 2 3 3 1 2 2 2 3 3 3 3 2 1 3 3 3 2 3 3 1 2 3 2 3 3 3 3 3 3 3 1 3 3 2 2 3 2 2 2 2 3 1 2 2 3 3 3 3 2 3 3 2 2 3 2 1 2 3 3 2
100 24 39 26
3 2 3 3 3 3 2 3 3 2 2 2 2 2 3 2 2 2 3 2 3 3 3 2 2 2 2 2 3 3 2 3 2 2 2 2 2 1 3 2 3 3 3 2 1 2 3 3 3 1 3 2 2 2 3 3 2 2 3 2 3 2 3 2 2 3 3 2 1 1 3 2 2 3 3 3 2 2 3 3 2 2 2 1 3 3 2 2 2 3 2 3 2 3 3 2 2 3 1 2
100 44 40 41
3 2 2 3 2 3 3 2 2 3 2 2 1 2 2 2 3 3 3 3 3 2 2 1 2 3 2 2 3 2 3 2 2 2 3 3 3 3 3 3 3 2 3 2 3 3 2 3 2 2 3 3 3 3 3 3 2 2 3 3 2 2 3 2 1 2 2 3 2 3 2 2 1 2 3 3 1 3 2 3 2 1 3 3 3 2 3 2 3 3 2 3 1 3 2 3 3 1 3 3
100 41 40 73
2 3 3 2 2 2 3 2 3 2 2 2 3 3 3 2 3 1 2 3 2 2 2 3 3 2 3 2 2 3 3 1 2 2 2 3 2 2 2 2 3 2 1 3 2 3 2 2 2 1 1 3 3 2 3 2 3 1 2 3 1 2 2 2 3 1 3 2 3 2 3 2 2 2 3 2 3 3 3 2 2 3 2 3 3 1 3 3 3 2 3 3 3 2 3 3 2 2 2 3
100 1 52 72
3 1 2 2 2 2 2 3 2 3 2 3 2 2 3 3 3 2 2 1 2 2 2 3 2 2 1 3 2 2 3 3 2 2 2 3 3 3 3 2 3 3 1 2 3 3 2 2 1 3 2 2 3 1 2 3 3 3 3 3 1 3 2 3 2 3 2 1 1 1 2 2 3 2 3 3 3 1 3 3 3 1 3 2 3 3 1 2 2 2 2 2 2 3 3 2 2 2 2 3
100 20 26 37
3 1 2 2 2 2 3 3 2 2 2 3 1 2 2 3 2 1 1 3 3 3 2 3 3 3 2 2 3 2 2 2 1 3 2 2 2 1 3 3 3 2 2 2 3 3 1 1 3 3 2 2 3 2 2 3 2 2 1 3 2 3 2 2 3 3 3 2 2 2 1 2 3 3 2 2 3 2 1 2 2 2 3 2 3 1 3 1 2 3 3 2 3 3 3 3 1 3 2 2
100 49 65 39
3 3 2 3 1 3 3 2 3 2 1 2 3 3 2 2 3 1 2 2 2 2 2 2 2 2 2 3 2 3 3 3 3 2 2 2 3 2 3 3 1 3 3 3 3 3 2 3 2 3 3 3 2 3 3 3 2 1 2 3 2 2 1 2 3 2 3 3 3 1 3 3 2 3 3 3 1 2 2 2 2 3 3 3 1 1 2 2 2 2 3 2 2 2 3 2 1 3 2 2
100 45 54 73
3 2 1 3 2 2 3 1 2 3 2 3 1 3 3 3 2 2 3 3 2 3 2 2 2 3 3 3 2 2 2 3 3 3 2 1 3 3 2 3 3 2 2 3 2 3 3 2 2 2 3 3 3 2 2 3 2 3 2 3 2 2 1 2 3 2 2 2 2 2 2 2 3 3 2 2 2 1 2 3 2 1 2 3 1 2 2 3 3 2 2 2 3 3 2 3 3 3 2 2
100 0 62 37
1 2 3 2 3 1 3 3 3 1 2 2 3 3 2 2 3 2 3 3 3 2 1 3 3 2 2 2 2 3 3 2 2 3 2 2 3 2 2 2 3 2 2 1 2 2 2 2 2 2 2 3 1 3 2 3 3 2 3 2 3 1 3 1 3 1 2 3 2 2 2 3 3 2 2 3 3 2 2 3 2 3 2 3 2 2 3 3 2 2 2 3 2 2 3 1 3 3 2 2
100 19 71 33
2 2 3 2 3 3 3 2 3 2 3 3 3 2 3 2 2 3 2 2 3 2 2 3 2 2 2 3 2 3 3 2 3 2 2 3 3 3 1 3 2 2 1 3 3 3 2 3 1 1 2 2 2 3 2 1 3 3 3 3 2 3 3 3 2 2 3 3 3 3 3 3 2 3 3 2 3 2 3 3 3 3 3 3 3 2 2 3 3 3 2 3 2 2 2 2 3 3 2 3
100 24 61 60
1 3 2 2 3 1 2 2 3 2 3 3 2 2 3 2 2 3 2 2 3 3 3 3 3 2 2 3 3 1 2 2 3 3 2 3 2 3 2 3 2 2 2 3 2 3 2 2 3 2 1 2 2 2 3 3 1 2 3 3 2 2 2 3 3 2 3 2 2 2 1 3 2 1 2 3 2 2 3 3 2 3 2 2 3 2 3 2 1 1 3 3 2 3 2 2 3 3 2 2
100 27 42 54
3 1 2 3 3 3 2 2 3 2 2 3 3 2 3 2 3 2 1 3 3 1 3 2 3 3 1 1 3 3 1 3 3 2 3 3 2 2 2 2 2 2 2 2 2 2 2 2 3 3 3 1 2 3 2 2 2 2 2 2 1 3 2 2 1 3 2 3 3 2 2 3 2 2 2 2 2 2 3 3 1 3 3 2 3 3 3 3 3 3 3 1 3 2 2 2 2 2 1 3
100 35 39 29
3 2 2 2 3 2 3 3 2 2 3 1 1 3 3 3 3 3 1 3 3 3 2 2 3 2 3 2 3 3 2 3 2 2 1 3 3 2 3 2 2 1 3 3 2 2 2 3 2 3 1 2 3 2 3 2 2 1 3 3 2 3 1 2 3 3 3 3 1 2 3 3 2 2 2 2 2 3 2 2 3 2 1 3 3 2 2 3 3 3 3 3 3 2 2 3 3 3 3 2
100 33 67 46
2 2 2 3 2 3 2 2 2 3 1 3 2 3 3 2 2 2 2 3 3 3 1 2 3 3 2 3 1 2 2 3 2 3 2 3 1 2 1 2 2 2 2 1 2 2 3 2 3 3 3 2 3 2 1 2 2 1 3 2 2 2 2 3 2 3 2 2 2 3 1 2 3 3 2 3 3 2 2 2 2 3 3 2 3 3 3 3 2 2 3 3 2 3 3 2 3 3 3 3
100 3 34 72
3 2 3 1 1 1 2 2 2 2 3 2 3 2 2 2 2 3 3 2 2 3 3 1 2 2 3 1 2 3 2 3 3 2 2 2 2 3 2 1 3 3 2 2 3 3 1 2 3 2 3 3 3 3 3 1 3 3 3 3 3 3 2 2 2 1 2 2 2 3 3 2 2 2 3 2 3 3 3 3 2 1 2 3 2 1 3 3 2 3 3 1 3 3 2 3 3 2 2 3
100 17 71 61
3 2 1 2 3 1 2 3 2 3 1 3 3 2 2 3 1 2 1 3 3 2 3 2 3 2 2 3 2 1 3 2 2 2 2 2 2 3 2 3 3 3 2 2 3 3 2 3 3 3 2 3 3 3 2 2 2 3 3 2 2 3 2 3 3 3 3 3 1 2 2 2 2 3 2 3 2 3 2 2 3 2 2 2 2 3 3 3 3 3 2 3 3 1 3 3 2 2 2 2
100 45 39 39
1 2 3 2 3 1 2 2 3 3 2 2 3 1 2 3 2 3 2 3 2 1 1 2 2 3 2 2 2 3 1 3 3 2 2 2 2 2 2 2 2 3 3 1 2 1 2 2 3 3 2 1 1 2 2 2 2 3 2 2 3 1 2 2 2 2 2 3 1 3 2 2 2 3 2 2 2 2 2 2 3 3 3 2 3 3 3 2 3 2 3 1 3 3 1 2 3 2 3 1
100 20 69 29
3 2 2 3 3 3 2 3 1 3 3 1 3 2 3 2 2 2 2 2 3 3 1 3 2 1 3 2 2 3 1 2 3 1 2 3 2 3 3 2 2 1 2 3 3 2 3 3 3 1 2 3 3 3 1 3 2 2 3 3 3 3 2 2 2 2 3 3 2 3 2 2 2 2 3 2 3 2 3 2 2 1 2 3 2 3 2 1 3 3 2 2 3 2 2 3 1 2 3 3
100 12 59 60
3 2 3 2 2 3 3 2 2 3 3 3 2 3 3 3 2 2 3 3 2 3 2 3 3 3 1 3 3 2 3 2 2 3 3 2 2 2 2 3 2 2 3 3 3 2 1 3 2 2 3 2 3 3 1 1 3 2 3 3 3 1 2 2 3 2 3 2 1 2 3 2 2 2 3 3 3 2 2 2 3 2 3 3 3 2 2 3 3 2 3 3 2 3 3 3 3 3 3 2
100 16 57 31
2 3 2 2 2 2 1 3 3 3 2 2 3 3 1 2 2 3 2 3 2 1 3 3 2 3 3 3 2 3 3 1 3 3 3 3 2 2 3 2 2 3 3 2 2 3 1 3 2 1 3 2 2 2 3 3 2 2 2 3 3 3 2 3 2 1 2 2 2 2 2 2 2 3 3 2 2 1 2 3 2 3 2 3 3 3 2 2 2 3 3 2 2 3 1 3 2 2 1 1
100 3 36 70
2 2 3 1 3 3 3 2 2 2 3 3 3 1 1 3 3 1 3 3 3 3 3 3 3 3 2 2 3 2 3 3 3 3 2 2 3 2 3 3 2 2 3 2 3 2 3 2 3 1 2 3 3 2 2 2 2 2 1 2 2 2 2 3 3 2 3 2 3 2 2 3 2 2 2 3 2 1 2 3 2 2 3 3 3 2 1 3 2 3 1 3 2 2 2 2 3 2 3 3
100 25 71 36
3 2 3 2 2 1 1 1 3 2 2 3 3 2 3 2 2 3 2 3 2 2 2 2 3 1 2 3 2 3 1 2 2 3 2 2 2 2 2 3 2 2 3 2 2 2 3 3 2 2 2 3 2 3 3 2 1 3 3 2 2 2 3 3 1 1 2 2 2 2 3 3 2 2 2 2 2 3 2 3 3 2 3 1 1 2 2 3 2 2 3 3 1 3 2 2 2 2 3 2
100 17 41 69
1 2 3 3 2 3 3 2 3 3 2 2 3 3 1 1 3 2 3 3 2 3 2 3 2 2 3 3 2 2 3 2 1 3 3 3 2 1 3 3 2 2 1 3 3 3 2 3 2 2 2 3 1 3 2 2 1 3 2 2 2 2 3 2 3 1 2 2 3 2 3 3 3 1 3 1 2 2 3 1 2 2 2 3 1 2 3 3 3 2 2 2 2 2 3 3 1 3 3 2
100 40 62 28
2 2 2 3 2 2 3 3 2 3 2 2 3 3 3 3 3 3 3 3 2 2 3 3 3 2 2 3 2 2 3 2 1 2 2 2 2 2 2 3 3 2 3 3 2 2 1 3 2 2 3 3 3 3 2 3 2 2 3 3 2 2 1 2 1 3 2 3 3 2 3 3 2 3 3 3 3 3 3 3 3 3 3 3 2 2 1 2 2 3 3 2 1 2 3 3 3 3 2 2
100 3 42 41
3 3 3 2 1 2 2 3 2 1 1 2 3 3 3 2 2 2 3 1 2 3 2 3 3 3 2 3 2 2 2 2 3 2 2 3 3 3 3 1 3 2 2 1 2 3 3 2 2 2 2 3 3 2 3 3 3 2 1 2 3 3 2 2 2 3 3 3 3 2 3 3 2 2 3 2 3 2 3 3 3 2 2 2 1 2 2 3 3 2 3 2 2 2 3 2 3 2 3 2
100 35 27 67
3 2 2 1 3 1 3 3 3 3 3 1 3 3 2 2 2 3 2 3 3 2 2 2 3 2 3 3 3 1 2 1 2 1 3 2 2 2 2 2 3 2 3 3 2 3 3 2 3 3 2 1 2 3 2 3 2 3 1 1 2 2 2 3 3 3 2 3 3 2 2 3 3 3 3 2 2 3 2 2 2 2 2 1 2 3 2 2 2 2 2 3 3 3 1 2 3 2 2 3
100 25 42 39
3 2 3 2 2 3 3 1 2 2 3 2 2 1 3 3 2 1 3 3 2 3 2 2 2 2 3 1 3 3 1 3 3 2 2 2 3 2 3 2 3 3 3 2 2 2 3 2 2 3 3 3 3 2 3 2 3 2 2 3 2 3 2 2 3 3 3 2 2 2 2 2 2 2 3 3 2 2 2 3 1 2 2 1 2 2 3 3 3 3 3 2 3 2 3 1 2 3 3 2
100 26 39 27
3 2 2 2 3 2 2 3 2 3 3 3 2 1 2 3 2 3 2 3 3 1 2 3 2 3 3 2 2 3 1 3 2 1 1 2 2 2 2 2 2 2 3 3 1 2 2 3 3 2 3 2 3 3 3 3 2 3 2 3 2 3 2 3 3 3 2 2 2 3 3 2 2 3 2 3 1 2 2 3 3 1 2 2 3 1 3 2 1 2 3 3 2 3 1 2 3 3 3 3
100 35 56 32
2 1 3 3 3 2 3 3 2 1 2 2 3 2 3 3 3 3 2 3 2 3 3 3 3 2 3 2 1 2 3 3 3 3 2 1 2 3 2 2 2 2 2 2 3 2 2 2 3 2 2 3 3 3 3 3 3 1 2 3 3 2 2 3 3 3 3 2 2 1 3 2 2 2 2 2 3 1 2 3 3 2 1 3 2 2 3 2 3 3 3 2 3 2 2 2 2 2 1 2
100 4 45 38
3 2 3 3 2 3 2 3 2 2 2 2 2 3 3 2 2 2 2 2 3 1 3 1 2 3 1 3 3 2 3 1 2 2 2 3 3 3 2 1 2 3 3 3 3 2 2 3 2 2 3 2 3 3 3 3 3 2 3 3 3 2 3 2 1 2 3 3 3 3 3 2 2 2 1 2 2 2 3 1 3 2 2 3 3 2 3 3 3 2 3 2 3 2 2 2 1 3 3 2
100 27 38 57
2 2 3 2 3 3 3 3 2 2 3 2 3 2 3 3 3 3 3 1 2 3 2 3 3 3 2 3 3 2 3 2 3 3 1 3 2 3 2 3 3 2 2 2 3 2 3 2 2 3 2 3 2 2 3 2 3 1 2 2 3 3 1 2 2 2 2 3 3 2 2 2 2 2 3 2 2 2 3 3 2 2 2 2 2 2 2 2 3 2 1 2 3 2 3 2 2 3 2 3
100 1 39 60
3 2 2 1 3 2 3 3 3 2 2 3 3 3 3 3 1 2 2 2 3 3 2 3 3 2 2 3 3 3 3 2 3 3 2 2 3 3 2 3 2 2 3 2 3 2 3 2 3 3 2 3 3 3 1 2 2 3 2 2 3 2 2 2 2 3 3 3 3 3 2 3 3 3 2 1 2 3 2 2 1 2 2 2 2 3 2 2 2 2 3 3 2 3 3 3 3 3 3 2
100 2 71 64
2 2 1 3 2 3 3 3 2 1 1 3 2 2 3 3 2 3 2 3 2 3 2 2 2 2 2 3 2 1 2 3 1 3 2 2 3 2 3 3 2 2 3 2 3 2 2 3 2 2 1 2 2 3 2 3 2 2 3 3 2 2 3 3 2 3 1 2 3 3 2 2 3 3 2 2 3 3 3 2 3 2 2 3 2 3 2 3 2 3 2 2 1 2 3 3 3 2 3 2
100 36 75 74
2 2 3 3 1 3 3 3 2 3 3 1 3 2 3 1 2 3 3 3 3 3 3 3 2 3 3 2 1 2 3 1 2 3 3 3 3 2 3 2 2 3 2 2 2 2 2 3 3 3 1 2 3 3 2 3 2 2 3 2 3 3 3 3 3 1 3 3 2 2 2 2 2 3 2 2 3 3 1 3 2 2 3 3 3 3 3 2 2 3 2 3 3 3 2 3 3 3 3 3
100 1 52 42
3 2 3 1 3 1 3 2 3 3 2 2 3 2 2 3 2 2 2 2 1 3 2 2 2 2 3 3 2 3 3 3 3 2 3 3 3 1 3 2 2 2 3 2 2 3 3 3 3 3 2 3 3 3 3 2 2 1 3 3 1 3 3 3 2 3 3 3 3 2 2 2 3 3 2 2 2 2 3 2 3 3 3 2 2 2 3 1 3 2 3 2 3 3 2 1 2 2 2 3
100 26 59 55
3 3 3 3 3 2 1 3 3 1 2 3 2 3 3 2 3 2 2 2 2 3 3 3 3 1 2 3 3 3 3 2 2 3 2 2 3 3 3 3 2 2 2 2 2 2 2 3 2 1 2 3 3 2 3 2 3 3 3 3 3 2 2 1 2 3 2 3 3 2 2 1 3 2 3 3 3 1 3 1 3 2 3 2 3 3 2 3 3 2 3 2 2 3 3 3 2 3 3 3
100 10 59 73
2 2 2 2 2 3 2 3 2 2 2 1 2 1 1 2 3 3 3 3 1 3 2 2 2 2 2 2 2 3 3 1 1 3 3 2 2 3 2 1 3 2 2 2 3 2 2 3 2 2 3 2 3 3 3 2 3 3 1 2 2 2 2 3 3 2 2 2 2 3 2 2 2 3 2 2 1 3 3 1 2 1 2 2 3 3 3 1 3 1 3 2 3 3 3 3 1 3 3 2
100 35 73 61
2 2 2 2 3 2 2 3 2 3 2 3 1 3 1 2 2 2 3 3 2 2 2 2 1 3 2 3 3 3 3 3 2 1 2 3 2 3 3 2 1 2 3 3 2 3 2 2 2 2 3 2 2 3 3 3 3 3 1 3 3 3 2 1 2 2 2 3 2 2 3 3 2 3 1 3 3 2 2 2 2 3 2 2 2 2 2 1 3 2 2 2 2 3 1 2 2 3 3 3
100 18 68 26
3 2 3 2 2 2 2 2 3 3 3 2 2 2 3 2 3 3 3 2 2 2 2 2 3 3 2 3 2 2 2 1 2 2 3 2 3 2 3 3 2 3 3 3 2 2 2 3 3 3 2 2 2 2 2 3 2 2 3 3 2 2 3 1 2 3 3 3 3 3 2 3 1 3 3 3 2 3 2 3 3 2 2 3 2 1 3 3 3 3 2 2 2 3 3 2 3 3 2 3
100 17 53 49
3 2 3 3 3 3 2 3 3 3 3 3 2 1 3 2 3 3 3 3 3 2 2 2 2 2 1 3 3 3 2 2 2 2 3 3 2 1 3 3 2 2 3 3 3 3 2 2 3 1 3 3 3 2 3 3 3 2 3 3 2 2 2 3 3 2 2 2 2 2 3 3 3 3 2 2 3 3 3 2 2 3 2 3 1 2 3 2 3 1 2 2 2 3 1 3 2 3 3 2
100 32 45 47
2 3 2 2 3 1 2 3 2 3 2 2 2 2 1 3 2 3 2 3 2 3 2 2 2 3 3 2 3 2 2 2 3 3 3 3 3 1 3 3 2 3 3 2 2 3 2 3 3 3 3 3 1 3 2 2 3 1 3 3 1 2 3 3 3 2 3 3 3 3 3 3 3 3 3 2 2 2 2 2 2 2 2 2 2 2 3 3 1 2 2 1 3 1 2 3 2 3 2 3
100 49 29 61
2 3 3 2 2 3 3 1 2 1 2 2 3 1 1 2 3 2 3 2 3 3 3 2 3 2 3 3 3 3 2 2 2 3 3 3 3 1 2 2 3 3 3 3 3 2 3 2 2 2 1 3 3 3 3 2 3 3 2 3 2 3 2 2 3 1 2 1 1 3 2 2 2 2 2 3 2 2 2 1 2 3 2 2 2 3 2 3 1 3 3 2 3 3 2 2 3 2 2 3
100 46 28 42
3 3 2 3 3 2 2 2 2 1 2 3 3 1 3 2 1 3 2 2 1 3 2 3 2 2 1 2 3 2 2 2 3 3 3 3 3 1 2 2 3 3 3 2 3 2 2 1 1 2 3 2 3 1 3 3 2 2 2 3 3 3 3 2 2 3 2 3 2 3 2 2 2 2 3 2 3 3 2 3 2 2 3 2 3 2 3 2 2 2 1 3 3 3 2 3 2 2 3 3
100 0 47 26
1 2 3 2 2 2 3 2 2 2 2 3 2 2 3 2 3 3 2 2 1 2 2 2 2 3 2 3 2 3 2 2 1 2 2 2 2 2 2 3 3 3 2 2 3 1 3 3 2 2 2 1 3 3 2 2 3 1 3 2 2 3 2 3 3 2 3 3 3 3 2 3 2 2 3 2 3 3 2 3 2 2 1 2 3 1 2 3 2 2 2 3 2 3 2 2 3 3 3 3
100 9 49 47
2 3 3 3 2 2 3 3 2 2 3 3 2 2 3 3 2 2 1 2 2 1 2 3 2 2 2 2 2 2 3 2 3 3 2 2 2 3 1 3 3 3 1 3 3 2 3 2 2 2 2 3 2 3 3 3 3 1 3 3 3 1 3 3 2 3 3 3 2 2 3 2 2 1 3 2 3 3 2 2 2 2 3 2 3 2 3 2 2 2 1 3 3 2 3 3 3 2 3 2
100 24 30 47
3 3 3 2 2 3 3 3 3 3 3 3 1 3 2 2 2 3 2 2 2 2 3 2 3 3 1 2 1 2 2 2 3 3 3 3 3 2 2 3 3 2 1 1 2 3 3 3 3 3 2 3 3 2 2 3 2 2 3 2 3 2 2 2 3 3 3 1 2 2 2 2 3 3 2 3 2 2 2 1 3 3 2 2 1 3 3 3 2 1 3 3 2 3 2 2 3 2 3 2
100 6 38 68
3 3 2 2 3 3 2 3 3 2 3 3 2 3 3 2 3 3 3 2 2 3 3 2 2 3 2 3 3 3 2 3 2 3 2 1 2 3 2 2 2 3 2 3 2 3 2 3 2 2 3 2 1 2 1 3 2 3 3 3 2 2 1 3 2 2 3 2 2 3 3 3 3 2 3 2 3 3 2 3 3 2 3 2 2 3 3 2 2 2 2 3 2 2 2 3 1 3 3 3
100 32 31 66
3 2 1 3 3 2 3 3 2 2 2 3 1 3 2 3 2 3 2 2 2 3 2 3 3 3 2 2 2 3 2 3 2 2 2 2 2 2 2 3 1 2 3 1 1 3 3 2 2 2 3 2 3 3 2 3 2 2 3 1 2 2 2 2 3 2 2 2 2 3 3 3 3 2 2 3 3 1 2 2 3 2 3 2 1 3 3 3 3 3 2 3 2 2 3 2 2 1 3 3
100 3 34 46
2 1 1 2 3 2 2 1 2 2 3 2 2 1 3 3 3 2 3 2 2 2 3 1 3 3 3 2 2 2 2 2 3 2 2 3 3 2 3 3 3 2 2 3 3 2 1 2 3 2 3 3 2 2 2 3 2 3 3 2 3 3 3 2 3 3 2 2 3 3 3 3 3 1 1 2 3 3 3 3 2 3 3 2 3 2 1 3 3 3 2 2 1 3 1 2 2 2 1 3
100 20 52 54
3 2 2 1 3 3 3 3 3 2 3 2 3 3 2 2 3 2 3 3 3 2 3 3 2 1 2 2 3 3 3 2 2 3 2 2 3 3 3 3 3 1 3 1 3 2 3 2 2 3 3 3 2 3 3 3 3 2 3 1 2 3 3 3 2 2 3 3 3 3 2 2 3 2 2 3 2 2 3 3 3 3 3 3 3 2 2 3 3 3 2 1 1 3 3 3 2 2 2 2
100 35 66 70
3 2 2 2 3 2 2 2 2 3 3 2 2 3 2 2 2 3 1 3 3 2 2 3 3 3 3 3 3 3 2 2 3 1 2 2 2 2 3 2 2 3 2 3 2 2 2 2 3 3 2 2 1 2 3 3 2 2 3 3 2 3 3 2 3 3 2 1 3 3 2 2 2 2 1 3 1 3 3 2 2 3 3 2 3 3 1 3 2 2 2 3 2 2 1 3 3 2 3 2
100 29 37 39
2 2 2 1 1 2 1 3 2 2 1 2 3 2 2 2 3 1 3 2 3 3 2 2 3 3 3 3 1 2 3 2 2 2 3 3 3 2 2 3 3 2 3 3 2 2 2 3 3 1 3 3 3 2 3 3 2 3 3 3 3 2 3 2 2 3 2 3 3 2 3 3 3 3 3 3 2 2 2 2 3 2 3 3 3 2 2 2 3 3 3 2 2 1 1 2 2 2 3 2
100 13 74 37
3 3 3 3 2 2 3 2 2 3 2 2 3 2 3 3 2 3 3 2 1 3 2 3 1 2 2 2 2 2 3 2 2 2 3 3 3 2 1 2 3 2 2 2 2 3 3 2 2 3 3 2 2 3 2 1 2 2 2 1 2 1 3 2 3 3 3 2 2 3 2 3 2 3 3 3 1 3 1 3 3 2 2 3 2 3 2 2 3 2 2 1 3 3 3 2 3 2 2 2
100 24 42 39
2 3 2 2 2 3 2 3 3 2 2 2 2 2 2 3 3 2 3 3 2 2 2 2 2 3 2 2 3 3 2 2 2 3 2 3 1 3 2 3 1 2 2 1 1 3 2 3 3 2 3 2 2 2 2 1 2 3 2 3 3 2 2 3 3 1 2 3 3 3 2 2 3 2 3 3 3 2 2 2 3 1 2 3 2 3 2 3 3 2 3 3 3 2 2 3 1 2 2 3
100 42 60 69
3 2 2 2 3 3 3 3 2 2 2 2 2 2 2 3 3 3 1 3 3 3 3 3 3 2 2 3 3 2 3 3 3 3 1 3 1 2 3 2 1 3 3 3 3 3 2 3 3 3 2 3 2 3 3 3 3 2 3 3 2 1 2 1 2 2 2 3 1 2 1 2 2 2 2 2 3 3 2 3 2 3 2 2 2 2 2 3 2 3 2 3 3 3 3 3 3 2 2 3
100 26 54 60
2 3 2 3 2 2 2 3 3 3 3 3 2 2 3 2 3 2 1 3 3 3 2 3 3 3 2 3 2 3 2 2 2 2 1 3 3 3 1 2 3 2 2 2 1 3 1 3 2 3 3 2 1 3 3 1 1 2 3 3 2 3 3 2 2 1 3 1 3 3 3 3 2 3 3 3 2 1 1 3 2 3 2 3 2 3 3 3 3 3 2 3 3 2 3 3 1 3 3 3
100 27 46 45
3 2 3 3 1 2 3 2 2 1 3 3 3 1 3 2 2 3 2 3 3 3 2 2 2 2 3 3 3 2 3 2 1 3 2 3 2 3 2 2 2 2 3 2 3 2 1 3 1 3 3 3 3 2 2 2 3 3 3 3 2 2 2 2 1 2 3 3 1 3 2 3 3 2 2 3 3 3 3 3 2 3 2 3 2 3 3 2 2 3 1 1 3 2 3 3 3 1 3 3
100 8 49 27
2 3 2 2 3 3 1 2 3 3 3 2 1 3 3 1 1 2 2 3 3 2 1 3 2 2 2 2 2 1 2 3 3 3 2 2 3 1 3 2 1 3 3 3 2 3 1 2 3 2 3 3 2 3 3 3 3 2 3 2 2 2 2 3 3 3 2 3 3 2 2 3 2 3 2 2 2 3 3 1 2 2 3 2 3 2 3 3 2 2 3 2 3 3 1 2 2 3 3 2
100 39 58 48
2 2 3 3 3 2 3 2 2 1 3 3 2 2 2 1 2 2 2 3 2 1 3 3 3 2 3 3 3 3 2 3 2 2 3 2 3 3 2 2 3 3 2 2 2 3 3 1 3 2 3 2 3 2 2 3 3 2 3 2 3 2 3 2 3 3 2 2 1 2 2 2 3 2 3 3 2 2 3 2 2 3 2 3 3 3 2 3 1 3 3 3 2 3 3 3 2 1 3 3
100 11 33 62
2 3 2 1 1 2 1 3 1 2 1 1 2 2 3 3 2 3 3 3 3 3 3 2 2 3 1 2 3 2 3 3 3 2 3 3 3 3 3 1 2 2 3 3 2 2 3 2 2 2 2 3 2 1 2 3 1 2 2 3 2 3 2 3 2 3 2 3 2 3 2 3 3 2 3 3 3 3 3 3 2 2 1 2 2 3 2 3 2 3 3 3 3 3 3 3 2 3 2 2
100 37 61 43
2 3 2 2 2 2 1 3 2 3 3 2 3 1 2 3 2 1 3 2 3 2 2 3 3 1 3 3 1 2 3 3 3 3 3 2 1 3 2 2 2 2 3 3 2 2 2 2 2 2 1 3 3 3 2 3 3 3 3 2 2 1 2 2 1 3 3 3 3 3 3 2 2 2 2 2 3 2 3 2 3 3 2 2 2 2 3 2 3 1 2 2 2 3 2 3 2 2 2 3
