100 100
0 0 0 0 0 0 0 0 0 0 0 0 0 0 0 0 0 0 0 0 0 0 0 0 0 0 0 0 0 0 0 0 0 0 0 0 0 0 0 0 0 0 0 0 0 0 0 0 0 0 0 0 0 0 0 0 0 0 0 0 0 0 0 0 0 0 0 0 0 0 0 0 0 0 0 0 0 0 0 0 0 0 0 0 0 0 0 0 0 0 0 0 0 0 0 0 0 0 0 0
27 1 0 26 15 11 0 21 24 6 15 27 16 24 27 23 4 10 25 15 13 16 0 9 3 28 9 13 11 29 27 18 24 20 12 27 29 24 1 14 21 1 24 11 9 7 15 10 28 16 9 2 18 3 17 27 24 28 15 22 21 5 14 18 7 16 15 26 17 1 8 18 10 16 16 19 26 8 24 4 17 23 1 9 2 21 11 13 26 11 19 0 21 27 26 8 20 27 3 25
0 0 0 0 0 0 0 0 0 0 0 0 0 0 0 0 0 0 0 0 0 0 0 0 0 0 0 0 0 0 0 0 0 0 0 0 0 0 0 0 0 0 0 0 0 0 0 0 0 0 0 0 0 0 0 0 0 0 0 0 0 0 0 0 0 0 0 0 0 0 0 0 0 0 0 0 0 0 0 0 0 0 0 0 0 0 0 0 0 0 0 0 0 0 0 0 0 0 0 0
4 3 15 24 27 23 28 22 28 21 10 22 7 10 1 17 0 26 14 2 24 14 0 16 10 13 29 11 15 16 18 7 18 4 19 25 22 6 10 5 18 22 5 17 1 15 1 5 27 13 20 25 11 27 19 22 22 13 27 11 13 27 4 4 24 3 10 5 8 1 8 7 14 1 20 1 3 16 26 6 4 13 18 5 22 1 20 3 19 17 11 12 1 27 4 9 19 3 2 23
0 0 0 0 0 0 0 0 0 0 0 0 0 0 0 0 0 0 0 0 0 0 0 0 0 0 0 0 0 0 0 0 0 0 0 0 0 0 0 0 0 0 0 0 0 0 0 0 0 0 0 0 0 0 0 0 0 0 0 0 0 0 0 0 0 0 0 0 0 0 0 0 0 0 0 0 0 0 0 0 0 0 0 0 0 0 0 0 0 0 0 0 0 0 0 0 0 0 0 0
8 26 3 13 5 0 1 7 9 17 26 23 3 8 1 27 11 10 21 9 26 27 26 12 28 10 11 10 17 26 2 20 24 17 22 10 13 27 11 3 21 8 4 0 12 26 22 28 28 19 13 20 10 8 6 13 5 9 4 28 1 6 11 3 21 26 27 29 5 9 24 3 20 6 12 6 6 15 26 20 18 0 24 17 25 2 5 16 16 28 20 0 20 8 25 11 20 15 16 27
0 0 0 0 0 0 0 0 0 0 0 0 0 0 0 0 0 0 0 0 0 0 0 0 0 0 0 0 0 0 0 0 0 0 0 0 0 0 0 0 0 0 0 0 0 0 0 0 0 0 0 0 0 0 0 0 0 0 0 0 0 0 0 0 0 0 0 0 0 0 0 0 0 0 0 0 0 0 0 0 0 0 0 0 0 0 0 0 0 0 0 0 0 0 0 0 0 0 0 0
16 2 6 24 14 2 2 1 8 1 3 6 22 4 10 19 0 8 11 25 17 22 12 24 2 19 2 14 29 4 20 21 10 20 0 23 17 20 5 18 5 19 11 29 29 9 8 7 2 15 21 22 9 15 21 27 20 29 22 13 24 26 19 29 16 19 22 10 15 25 7 3 27 7 20 26 1 26 8 8 25 1 18 23 5 12 14 25 13 7 14 24 12 7 23 14 17 9 26 7
0 0 0 0 0 0 0 0 0 0 0 0 0 0 0 0 0 0 0 0 0 0 0 0 0 0 0 0 0 0 0 0 0 0 0 0 0 0 0 0 0 0 0 0 0 0 0 0 0 0 0 0 0 0 0 0 0 0 0 0 0 0 0 0 0 0 0 0 0 0 0 0 0 0 0 0 0 0 0 0 0 0 0 0 0 0 0 0 0 0 0 0 0 0 0 0 0 0 0 0
29 7 10 4 9 29 15 18 10 27 26 12 8 20 25 1 27 17 6 1 15 5 17 4 12 23 6 3 17 18 29 13 6 10 17 17 22 11 29 16 4 6 23 21 12 3 17 25 28 18 5 9 10 27 2 15 29 18 25 27 1 8 18 11 17 28 12 11 0 21 12 5 19 29 27 6 11 6 21 24 27 7 5 14 1 9 6 20 28 28 5 9 22 4 0 3 22 5 21 6
0 0 0 0 0 0 0 0 0 0 0 0 0 0 0 0 0 0 0 0 0 0 0 0 0 0 0 0 0 0 0 0 0 0 0 0 0 0 0 0 0 0 0 0 0 0 0 0 0 0 0 0 0 0 0 0 0 0 0 0 0 0 0 0 0 0 0 0 0 0 0 0 0 0 0 0 0 0 0 0 0 0 0 0 0 0 0 0 0 0 0 0 0 0 0 0 0 0 0 0
13 5 6 5 19 20 7 7 12 2 24 7 6 14 15 5 7 5 5 8 13 1 6 3 18 24 28 14 9 29 15 28 10 5 24 29 9 12 25 1 18 23 21 10 14 0 19 15 15 15 23 2 0 8 22 28 20 22 1 25 5 26 24 11 6 1 28 1 26 20 7 15 27 16 3 25 8 2 11 3 19 7 14 21 22 15 3 12 0 20 28 3 19 29 27 16 0 25 18 11
0 0 0 0 0 0 0 0 0 0 0 0 0 0 0 0 0 0 0 0 0 0 0 0 0 0 0 0 0 0 0 0 0 0 0 0 0 0 0 0 0 0 0 0 0 0 0 0 0 0 0 0 0 0 0 0 0 0 0 0 0 0 0 0 0 0 0 0 0 0 0 0 0 0 0 0 0 0 0 0 0 0 0 0 0 0 0 0 0 0 0 0 0 0 0 0 0 0 0 0
21 10 24 10 25 1 22 15 4 12 0 27 6 16 0 15 4 7 4 6 27 0 14 3 7 18 14 24 14 23 26 4 14 23 20 7 17 12 2 18 12 11 14 28 13 20 4 17 14 1 8 28 18 2 28 1 16 25 9 6 8 2 23 11 24 13 23 14 18 13 5 11 25 7 2 20 10 6 3 7 21 7 29 23 25 6 8 13 23 26 19 11 4 16 0 16 0 18 24 4
0 0 0 0 0 0 0 0 0 0 0 0 0 0 0 0 0 0 0 0 0 0 0 0 0 0 0 0 0 0 0 0 0 0 0 0 0 0 0 0 0 0 0 0 0 0 0 0 0 0 0 0 0 0 0 0 0 0 0 0 0 0 0 0 0 0 0 0 0 0 0 0 0 0 0 0 0 0 0 0 0 0 0 0 0 0 0 0 0 0 0 0 0 0 0 0 0 0 0 0
1 29 24 11 12 18 20 23 12 19 24 12 24 17 29 18 3 18 2 18 20 19 20 5 18 9 13 11 12 4 16 9 16 26 4 17 26 18 2 26 23 9 17 14 21 15 24 18 8 7 2 2 14 8 20 18 12 17 2 27 24 13 10 12 13 25 9 2 12 21 21 12 28 20 26 1 17 5 8 20 11 21 13 18 24 3 12 5 2 18 3 4 15 23 27 15 12 15 23 12
0 0 0 0 0 0 0 0 0 0 0 0 0 0 0 0 0 0 0 0 0 0 0 0 0 0 0 0 0 0 0 0 0 0 0 0 0 0 0 0 0 0 0 0 0 0 0 0 0 0 0 0 0 0 0 0 0 0 0 0 0 0 0 0 0 0 0 0 0 0 0 0 0 0 0 0 0 0 0 0 0 0 0 0 0 0 0 0 0 0 0 0 0 0 0 0 0 0 0 0
12 0 23 24 14 28 24 29 23 28 6 2 5 17 8 23 26 19 7 12 28 1 11 25 14 21 22 15 12 18 8 18 24 23 14 15 9 21 23 7 5 15 1 19 26 20 4 18 25 23 23 14 24 13 11 0 13 25 6 7 17 6 15 6 7 29 17 29 7 26 19 13 12 22 21 11 23 4 2 6 0 1 6 22 21 20 10 23 19 4 14 5 17 5 3 26 16 27 20 10
0 0 0 0 0 0 0 0 0 0 0 0 0 0 0 0 0 0 0 0 0 0 0 0 0 0 0 0 0 0 0 0 0 0 0 0 0 0 0 0 0 0 0 0 0 0 0 0 0 0 0 0 0 0 0 0 0 0 0 0 0 0 0 0 0 0 0 0 0 0 0 0 0 0 0 0 0 0 0 0 0 0 0 0 0 0 0 0 0 0 0 0 0 0 0 0 0 0 0 0
27 25 25 15 29 28 20 22 29 21 15 26 7 20 14 3 4 13 23 10 29 5 25 18 0 21 13 17 23 9 17 5 24 28 5 18 6 17 5 27 22 6 20 21 18 16 9 14 18 20 15 23 17 28 17 8 1 24 16 22 1 27 13 18 9 21 24 14 25 11 2 19 27 4 20 9 28 17 6 8 15 23 5 5 4 21 22 8 28 2 21 18 3 3 19 20 9 26 20 6
0 0 0 0 0 0 0 0 0 0 0 0 0 0 0 0 0 0 0 0 0 0 0 0 0 0 0 0 0 0 0 0 0 0 0 0 0 0 0 0 0 0 0 0 0 0 0 0 0 0 0 0 0 0 0 0 0 0 0 0 0 0 0 0 0 0 0 0 0 0 0 0 0 0 0 0 0 0 0 0 0 0 0 0 0 0 0 0 0 0 0 0 0 0 0 0 0 0 0 0
5 20 27 28 19 17 26 29 6 15 16 26 17 16 10 9 29 26 6 18 15 6 25 12 21 29 7 24 18 3 23 17 27 18 9 20 0 20 8 18 21 21 27 16 13 15 23 8 20 9 2 11 16 18 13 4 18 18 19 1 18 16 2 22 22 28 14 22 18 17 22 1 4 29 13 25 8 12 4 28 10 3 25 2 16 4 2 6 23 11 29 10 2 29 13 28 24 26 18 16
0 0 0 0 0 0 0 0 0 0 0 0 0 0 0 0 0 0 0 0 0 0 0 0 0 0 0 0 0 0 0 0 0 0 0 0 0 0 0 0 0 0 0 0 0 0 0 0 0 0 0 0 0 0 0 0 0 0 0 0 0 0 0 0 0 0 0 0 0 0 0 0 0 0 0 0 0 0 0 0 0 0 0 0 0 0 0 0 0 0 0 0 0 0 0 0 0 0 0 0
14 10 17 27 5 2 9 10 27 12 15 18 14 14 29 2 22 10 25 7 18 18 7 1 3 28 11 27 17 1 12 11 21 1 17 17 8 16 9 18 21 17 17 11 2 11 14 12 3 22 1 19 2 10 9 1 20 12 4 2 27 20 21 21 22 18 24 28 10 14 11 14 28 14 2 18 13 6 12 21 23 8 13 15 7 5 5 28 15 21 8 14 18 13 17 20 18 7 3 20
0 0 0 0 0 0 0 0 0 0 0 0 0 0 0 0 0 0 0 0 0 0 0 0 0 0 0 0 0 0 0 0 0 0 0 0 0 0 0 0 0 0 0 0 0 0 0 0 0 0 0 0 0 0 0 0 0 0 0 0 0 0 0 0 0 0 0 0 0 0 0 0 0 0 0 0 0 0 0 0 0 0 0 0 0 0 0 0 0 0 0 0 0 0 0 0 0 0 0 0
0 0 10 1 28 12 0 20 21 26 10 0 14 2 19 8 10 25 13 8 10 23 10 16 2 14 26 5 29 16 6 26 26 28 24 4 28 15 18 29 4 18 14 15 1 23 29 9 26 26 13 16 27 24 8 24 11 3 0 11 9 18 6 6 23 1 27 13 15 21 24 2 20 12 12 13 19 25 18 9 21 10 3 17 8 4 12 2 13 2 5 14 23 3 29 12 8 12 8 13
0 0 0 0 0 0 0 0 0 0 0 0 0 0 0 0 0 0 0 0 0 0 0 0 0 0 0 0 0 0 0 0 0 0 0 0 0 0 0 0 0 0 0 0 0 0 0 0 0 0 0 0 0 0 0 0 0 0 0 0 0 0 0 0 0 0 0 0 0 0 0 0 0 0 0 0 0 0 0 0 0 0 0 0 0 0 0 0 0 0 0 0 0 0 0 0 0 0 0 0
15 16 3 11 20 27 11 1 8 15 21 6 18 5 24 4 29 11 15 24 4 12 24 10 8 16 19 1 27 9 12 10 14 10 9 9 22 9 19 24 19 0 3 11 11 4 3 10 16 13 1 16 27 20 14 22 26 10 11 12 20 7 2 8 1 24 14 8 22 10 21 7 27 4 6 8 23 7 6 15 17 27 24 9 15 2 7 10 0 23 21 10 10 16 29 2 20 18 5 27
0 0 0 0 0 0 0 0 0 0 0 0 0 0 0 0 0 0 0 0 0 0 0 0 0 0 0 0 0 0 0 0 0 0 0 0 0 0 0 0 0 0 0 0 0 0 0 0 0 0 0 0 0 0 0 0 0 0 0 0 0 0 0 0 0 0 0 0 0 0 0 0 0 0 0 0 0 0 0 0 0 0 0 0 0 0 0 0 0 0 0 0 0 0 0 0 0 0 0 0
9 27 28 11 20 23 18 19 15 3 29 11 20 15 17 5 17 25 5 25 27 13 3 26 18 25 16 21 11 25 12 27 20 24 7 21 27 3 5 3 23 15 5 28 20 7 8 19 9 15 27 28 13 1 12 20 13 20 10 1 4 11 23 28 19 25 6 17 3 12 1 21 24 3 24 3 24 7 6 23 10 14 13 4 17 14 5 20 22 11 22 20 28 5 1 5 7 14 15 12
0 0 0 0 0 0 0 0 0 0 0 0 0 0 0 0 0 0 0 0 0 0 0 0 0 0 0 0 0 0 0 0 0 0 0 0 0 0 0 0 0 0 0 0 0 0 0 0 0 0 0 0 0 0 0 0 0 0 0 0 0 0 0 0 0 0 0 0 0 0 0 0 0 0 0 0 0 0 0 0 0 0 0 0 0 0 0 0 0 0 0 0 0 0 0 0 0 0 0 0
12 9 4 2 21 17 20 4 11 11 13 13 8 28 19 26 26 20 19 6 19 6 7 19 20 13 22 16 13 11 6 11 25 26 28 1 26 16 11 1 1 5 17 4 7 5 24 13 14 20 1 3 8 20 9 8 0 26 12 8 13 21 24 27 20 27 11 22 28 13 22 16 2 5 29 23 25 16 22 16 27 14 16 14 0 1 6 2 3 14 26 3 6 13 10 13 28 12 3 21
0 0 0 0 0 0 0 0 0 0 0 0 0 0 0 0 0 0 0 0 0 0 0 0 0 0 0 0 0 0 0 0 0 0 0 0 0 0 0 0 0 0 0 0 0 0 0 0 0 0 0 0 0 0 0 0 0 0 0 0 0 0 0 0 0 0 0 0 0 0 0 0 0 0 0 0 0 0 0 0 0 0 0 0 0 0 0 0 0 0 0 0 0 0 0 0 0 0 0 0
14 12 14 25 19 15 3 26 9 11 22 29 2 24 15 14 12 19 8 27 16 10 10 20 19 13 5 12 18 1 19 13 16 0 1 23 5 3 27 1 21 21 22 5 12 24 1 28 1 19 2 17 5 20 19 8 18 2 21 23 26 20 26 14 21 5 27 2 0 2 12 19 15 11 10 7 8 10 13 2 11 29 7 28 25 29 3 10 7 24 25 7 21 19 13 15 5 13 4 7
0 0 0 0 0 0 0 0 0 0 0 0 0 0 0 0 0 0 0 0 0 0 0 0 0 0 0 0 0 0 0 0 0 0 0 0 0 0 0 0 0 0 0 0 0 0 0 0 0 0 0 0 0 0 0 0 0 0 0 0 0 0 0 0 0 0 0 0 0 0 0 0 0 0 0 0 0 0 0 0 0 0 0 0 0 0 0 0 0 0 0 0 0 0 0 0 0 0 0 0
3 18 3 24 0 5 15 18 1 28 3 4 14 7 7 8 0 23 18 27 27 27 25 23 14 14 18 19 23 26 23 25 21 15 21 11 3 25 7 5 15 3 27 21 10 7 16 0 9 6 1 12 19 7 5 19 17 25 1 17 12 26 5 18 28 11 27 29 22 3 10 25 16 15 3 9 3 29 26 27 19 14 20 12 16 14 20 22 26 29 9 12 24 27 8 6 25 26 16 7
0 0 0 0 0 0 0 0 0 0 0 0 0 0 0 0 0 0 0 0 0 0 0 0 0 0 0 0 0 0 0 0 0 0 0 0 0 0 0 0 0 0 0 0 0 0 0 0 0 0 0 0 0 0 0 0 0 0 0 0 0 0 0 0 0 0 0 0 0 0 0 0 0 0 0 0 0 0 0 0 0 0 0 0 0 0 0 0 0 0 0 0 0 0 0 0 0 0 0 0
18 3 1 9 11 15 10 13 1 11 8 28 8 3 12 5 25 18 12 27 23 4 13 20 4 23 0 17 21 0 21 2 24 6 24 22 3 22 29 28 29 25 26 19 11 13 27 20 8 6 15 1 14 13 12 12 16 10 25 9 6 25 5 3 14 25 21 18 26 12 1 25 4 22 22 21 5 12 11 14 25 26 11 7 11 3 6 20 5 9 9 7 5 16 21 23 12 26 21 24
0 0 0 0 0 0 0 0 0 0 0 0 0 0 0 0 0 0 0 0 0 0 0 0 0 0 0 0 0 0 0 0 0 0 0 0 0 0 0 0 0 0 0 0 0 0 0 0 0 0 0 0 0 0 0 0 0 0 0 0 0 0 0 0 0 0 0 0 0 0 0 0 0 0 0 0 0 0 0 0 0 0 0 0 0 0 0 0 0 0 0 0 0 0 0 0 0 0 0 0
15 1 3 7 17 16 17 21 22 7 7 10 15 17 21 28 28 24 25 10 18 18 27 7 29 15 13 22 7 4 0 24 3 29 18 5 4 23 16 10 8 6 11 25 13 26 8 7 13 14 1 19 5 19 24 16 2 2 27 19 14 17 11 26 20 4 15 0 20 1 5 21 10 29 23 22 23 9 10 18 24 4 24 0 29 22 18 24 2 15 17 21 12 5 12 19 1 9 5 2
0 0 0 0 0 0 0 0 0 0 0 0 0 0 0 0 0 0 0 0 0 0 0 0 0 0 0 0 0 0 0 0 0 0 0 0 0 0 0 0 0 0 0 0 0 0 0 0 0 0 0 0 0 0 0 0 0 0 0 0 0 0 0 0 0 0 0 0 0 0 0 0 0 0 0 0 0 0 0 0 0 0 0 0 0 0 0 0 0 0 0 0 0 0 0 0 0 0 0 0
5 8 14 24 1 28 24 12 6 2 7 18 3 18 6 28 7 27 15 26 14 24 8 17 0 0 11 28 27 13 21 6 29 14 16 6 28 5 3 11 23 11 24 8 10 23 17 12 29 4 12 4 23 19 25 22 22 14 21 5 8 16 3 23 24 21 21 11 24 28 13 28 10 24 7 5 9 27 7 12 14 25 27 20 4 4 6 3 2 2 24 11 24 29 15 18 11 3 11 22
0 0 0 0 0 0 0 0 0 0 0 0 0 0 0 0 0 0 0 0 0 0 0 0 0 0 0 0 0 0 0 0 0 0 0 0 0 0 0 0 0 0 0 0 0 0 0 0 0 0 0 0 0 0 0 0 0 0 0 0 0 0 0 0 0 0 0 0 0 0 0 0 0 0 0 0 0 0 0 0 0 0 0 0 0 0 0 0 0 0 0 0 0 0 0 0 0 0 0 0
11 21 20 22 14 14 12 17 1 17 14 10 27 19 14 11 24 25 23 13 13 16 25 0 16 24 28 26 4 5 22 1 5 12 10 2 13 17 10 4 15 17 27 3 6 24 6 17 3 16 16 27 14 29 4 19 15 17 14 12 15 11 7 19 27 20 23 17 2 3 1 10 19 27 17 25 10 4 15 15 23 6 28 8 9 26 5 22 6 0 27 19 13 10 5 25 8 7 9 24
0 0 0 0 0 0 0 0 0 0 0 0 0 0 0 0 0 0 0 0 0 0 0 0 0 0 0 0 0 0 0 0 0 0 0 0 0 0 0 0 0 0 0 0 0 0 0 0 0 0 0 0 0 0 0 0 0 0 0 0 0 0 0 0 0 0 0 0 0 0 0 0 0 0 0 0 0 0 0 0 0 0 0 0 0 0 0 0 0 0 0 0 0 0 0 0 0 0 0 0
0 20 17 17 20 23 21 19 4 1 6 7 3 5 19 16 9 19 9 26 4 15 10 13 15 15 18 23 4 26 24 20 9 28 29 4 7 10 29 28 22 5 3 14 0 10 25 12 9 20 26 16 29 7 7 13 25 24 18 13 14 2 6 8 26 3 7 29 6 4 27 3 22 18 18 3 6 0 23 27 25 1 16 1 13 6 21 9 16 11 17 18 25 28 19 15 12 29 5 9
0 0 0 0 0 0 0 0 0 0 0 0 0 0 0 0 0 0 0 0 0 0 0 0 0 0 0 0 0 0 0 0 0 0 0 0 0 0 0 0 0 0 0 0 0 0 0 0 0 0 0 0 0 0 0 0 0 0 0 0 0 0 0 0 0 0 0 0 0 0 0 0 0 0 0 0 0 0 0 0 0 0 0 0 0 0 0 0 0 0 0 0 0 0 0 0 0 0 0 0
14 22 28 3 7 20 8 9 26 26 22 0 22 0 22 20 21 27 18 22 19 1 26 14 11 15 7 15 7 20 24 11 17 19 15 10 22 23 5 15 27 11 10 16 21 2 22 9 12 11 18 12 20 15 9 16 3 27 12 27 9 4 25 28 28 13 27 21 9 27 27 12 19 5 5 6 8 16 22 19 18 4 2 7 6 17 24 17 4 9 2 26 14 11 4 15 22 10 24 12
0 0 0 0 0 0 0 0 0 0 0 0 0 0 0 0 0 0 0 0 0 0 0 0 0 0 0 0 0 0 0 0 0 0 0 0 0 0 0 0 0 0 0 0 0 0 0 0 0 0 0 0 0 0 0 0 0 0 0 0 0 0 0 0 0 0 0 0 0 0 0 0 0 0 0 0 0 0 0 0 0 0 0 0 0 0 0 0 0 0 0 0 0 0 0 0 0 0 0 0
13 5 25 13 22 17 5 25 4 20 3 2 0 4 10 11 19 24 20 2 28 10 15 9 1 22 21 17 17 10 24 13 25 3 20 10 7 17 22 7 0 19 12 20 17 17 2 25 16 4 6 2 10 6 28 19 16 17 21 5 4 7 23 27 0 14 13 0 22 4 2 27 8 23 9 0 13 15 19 1 8 1 18 2 28 20 14 23 23 12 16 11 14 21 25 19 16 1 24 13
0 0 0 0 0 0 0 0 0 0 0 0 0 0 0 0 0 0 0 0 0 0 0 0 0 0 0 0 0 0 0 0 0 0 0 0 0 0 0 0 0 0 0 0 0 0 0 0 0 0 0 0 0 0 0 0 0 0 0 0 0 0 0 0 0 0 0 0 0 0 0 0 0 0 0 0 0 0 0 0 0 0 0 0 0 0 0 0 0 0 0 0 0 0 0 0 0 0 0 0
13 14 17 28 2 28 6 21 17 25 18 5 9 9 28 19 11 0 21 20 15 21 4 26 13 28 20 14 13 3 17 27 20 4 5 11 17 18 11 11 0 5 20 9 0 2 13 16 4 4 23 8 29 12 15 16 2 7 8 7 8 25 12 17 18 7 10 1 10 23 22 16 20 16 26 24 15 8 25 19 1 22 3 8 3 4 26 27 11 20 1 26 14 15 3 22 23 13 10 15
0 0 0 0 0 0 0 0 0 0 0 0 0 0 0 0 0 0 0 0 0 0 0 0 0 0 0 0 0 0 0 0 0 0 0 0 0 0 0 0 0 0 0 0 0 0 0 0 0 0 0 0 0 0 0 0 0 0 0 0 0 0 0 0 0 0 0 0 0 0 0 0 0 0 0 0 0 0 0 0 0 0 0 0 0 0 0 0 0 0 0 0 0 0 0 0 0 0 0 0
22 2 4 21 17 16 17 14 5 6 12 19 11 5 21 10 11 4 11 8 27 21 5 11 24 18 19 4 16 29 6 4 29 25 26 4 18 2 28 1 17 4 14 29 24 5 9 16 28 16 16 22 11 8 19 7 26 15 6 29 4 29 9 16 5 3 26 16 14 2 8 1 0 15 10 18 19 7 7 29 5 13 23 3 21 15 26 22 21 6 16 10 20 16 1 0 2 5 22 29
0 0 0 0 0 0 0 0 0 0 0 0 0 0 0 0 0 0 0 0 0 0 0 0 0 0 0 0 0 0 0 0 0 0 0 0 0 0 0 0 0 0 0 0 0 0 0 0 0 0 0 0 0 0 0 0 0 0 0 0 0 0 0 0 0 0 0 0 0 0 0 0 0 0 0 0 0 0 0 0 0 0 0 0 0 0 0 0 0 0 0 0 0 0 0 0 0 0 0 0
8 18 4 5 14 2 6 21 29 1 0 22 7 1 16 5 12 14 29 11 10 20 13 29 22 4 24 12 10 11 13 7 19 23 14 7 23 17 28 23 17 8 25 14 13 12 2 11 16 13 14 13 29 7 20 5 28 16 1 27 7 21 7 1 3 29 18 0 19 12 0 23 21 12 18 0 17 18 24 7 18 19 9 5 18 9 21 21 12 13 16 11 29 11 4 0 24 21 24 16
0 0 0 0 0 0 0 0 0 0 0 0 0 0 0 0 0 0 0 0 0 0 0 0 0 0 0 0 0 0 0 0 0 0 0 0 0 0 0 0 0 0 0 0 0 0 0 0 0 0 0 0 0 0 0 0 0 0 0 0 0 0 0 0 0 0 0 0 0 0 0 0 0 0 0 0 0 0 0 0 0 0 0 0 0 0 0 0 0 0 0 0 0 0 0 0 0 0 0 0
14 7 22 29 11 23 1 16 29 25 3 4 3 28 15 12 6 11 2 4 24 4 17 5 18 23 13 4 29 18 29 10 8 18 19 8 24 2 18 19 20 9 23 12 0 21 11 28 20 5 16 15 24 28 21 28 4 0 1 29 5 28 7 15 21 24 8 22 13 12 10 0 27 27 6 23 29 15 18 8 13 10 8 19 2 5 2 26 18 23 25 4 2 8 16 8 25 15 8 10
0 0 0 0 0 0 0 0 0 0 0 0 0 0 0 0 0 0 0 0 0 0 0 0 0 0 0 0 0 0 0 0 0 0 0 0 0 0 0 0 0 0 0 0 0 0 0 0 0 0 0 0 0 0 0 0 0 0 0 0 0 0 0 0 0 0 0 0 0 0 0 0 0 0 0 0 0 0 0 0 0 0 0 0 0 0 0 0 0 0 0 0 0 0 0 0 0 0 0 0
7 13 2 13 27 27 23 15 28 24 22 22 1 24 4 25 10 6 10 24 27 20 29 27 15 25 2 8 10 26 17 12 8 6 29 16 10 2 0 16 3 2 15 14 28 26 10 7 16 28 12 28 24 2 27 11 17 8 13 16 9 15 3 4 23 5 2 22 20 21 25 15 14 27 11 13 20 8 1 2 5 23 2 13 3 3 29 11 22 12 4 13 9 7 3 24 7 16 28 14
0 0 0 0 0 0 0 0 0 0 0 0 0 0 0 0 0 0 0 0 0 0 0 0 0 0 0 0 0 0 0 0 0 0 0 0 0 0 0 0 0 0 0 0 0 0 0 0 0 0 0 0 0 0 0 0 0 0 0 0 0 0 0 0 0 0 0 0 0 0 0 0 0 0 0 0 0 0 0 0 0 0 0 0 0 0 0 0 0 0 0 0 0 0 0 0 0 0 0 0
25 10 9 25 23 5 26 2 23 22 3 8 2 6 15 23 11 9 5 8 19 25 8 9 2 22 18 7 10 13 14 28 19 13 0 6 29 11 24 4 9 4 6 5 28 21 5 25 0 0 19 11 5 16 6 21 29 1 29 7 16 28 21 22 0 21 15 29 21 7 15 2 16 18 2 18 1 6 0 18 2 2 13 3 4 21 12 8 13 20 0 0 22 17 6 29 8 5 0 2
0 0 0 0 0 0 0 0 0 0 0 0 0 0 0 0 0 0 0 0 0 0 0 0 0 0 0 0 0 0 0 0 0 0 0 0 0 0 0 0 0 0 0 0 0 0 0 0 0 0 0 0 0 0 0 0 0 0 0 0 0 0 0 0 0 0 0 0 0 0 0 0 0 0 0 0 0 0 0 0 0 0 0 0 0 0 0 0 0 0 0 0 0 0 0 0 0 0 0 0
28 27 1 12 12 13 20 14 23 10 1 7 15 0 7 23 20 14 24 17 14 0 25 8 3 24 25 29 13 23 27 1 14 23 28 8 5 8 9 19 13 19 18 15 6 16 25 25 16 5 5 9 15 1 22 20 6 1 6 1 3 12 21 6 8 11 3 17 0 5 25 13 10 4 6 26 17 17 20 10 17 10 23 23 14 2 25 13 11 5 22 2 15 26 20 9 0 21 1 13
0 0 0 0 0 0 0 0 0 0 0 0 0 0 0 0 0 0 0 0 0 0 0 0 0 0 0 0 0 0 0 0 0 0 0 0 0 0 0 0 0 0 0 0 0 0 0 0 0 0 0 0 0 0 0 0 0 0 0 0 0 0 0 0 0 0 0 0 0 0 0 0 0 0 0 0 0 0 0 0 0 0 0 0 0 0 0 0 0 0 0 0 0 0 0 0 0 0 0 0
10 13 18 3 20 1 11 15 22 16 15 7 22 13 14 12 16 19 0 22 6 28 13 11 12 7 10 17 12 29 15 7 24 28 16 21 24 23 11 20 10 11 13 19 23 4 25 10 10 13 13 10 23 19 23 3 23 19 24 14 20 9 11 4 0 26 24 6 17 18 23 5 20 6 10 7 13 9 18 14 6 15 1 21 22 29 23 26 0 10 21 12 25 9 29 15 16 23 5 21
0 0 0 0 0 0 0 0 0 0 0 0 0 0 0 0 0 0 0 0 0 0 0 0 0 0 0 0 0 0 0 0 0 0 0 0 0 0 0 0 0 0 0 0 0 0 0 0 0 0 0 0 0 0 0 0 0 0 0 0 0 0 0 0 0 0 0 0 0 0 0 0 0 0 0 0 0 0 0 0 0 0 0 0 0 0 0 0 0 0 0 0 0 0 0 0 0 0 0 0
15 20 23 27 16 11 26 12 3 0 26 28 15 18 19 15 21 8 17 9 17 18 29 7 3 16 22 9 15 29 19 13 7 19 13 29 23 4 20 19 21 8 29 13 8 17 7 9 18 6 7 0 11 17 10 24 22 12 9 6 28 21 24 9 6 7 17 25 18 0 1 24 20 29 3 27 1 6 7 17 11 0 6 28 23 5 8 8 27 18 23 25 26 3 0 22 6 17 24 1
0 0 0 0 0 0 0 0 0 0 0 0 0 0 0 0 0 0 0 0 0 0 0 0 0 0 0 0 0 0 0 0 0 0 0 0 0 0 0 0 0 0 0 0 0 0 0 0 0 0 0 0 0 0 0 0 0 0 0 0 0 0 0 0 0 0 0 0 0 0 0 0 0 0 0 0 0 0 0 0 0 0 0 0 0 0 0 0 0 0 0 0 0 0 0 0 0 0 0 0
15 9 14 26 16 3 19 7 3 14 4 24 28 3 27 29 25 13 17 14 9 9 8 12 23 8 26 13 28 29 23 18 6 20 22 7 8 12 11 12 5 29 0 23 22 15 26 0 14 27 16 25 0 15 28 27 27 19 26 20 11 20 14 9 12 5 0 6 25 0 23 26 29 11 27 7 18 1 17 22 5 14 2 15 7 0 11 21 22 16 20 8 27 28 9 8 8 17 11 27
0 0 0 0 0 0 0 0 0 0 0 0 0 0 0 0 0 0 0 0 0 0 0 0 0 0 0 0 0 0 0 0 0 0 0 0 0 0 0 0 0 0 0 0 0 0 0 0 0 0 0 0 0 0 0 0 0 0 0 0 0 0 0 0 0 0 0 0 0 0 0 0 0 0 0 0 0 0 0 0 0 0 0 0 0 0 0 0 0 0 0 0 0 0 0 0 0 0 0 0
25 9 20 16 13 4 20 29 13 15 4 25 15 27 25 10 23 15 13 25 4 3 25 10 22 20 11 6 29 0 22 3 23 9 11 26 8 10 23 16 7 13 2 14 12 28 23 9 6 4 10 6 25 2 19 29 29 28 6 29 2 20 18 7 19 17 11 27 25 17 10 13 4 15 27 17 6 7 18 16 24 14 16 11 21 13 19 8 15 2 12 27 21 26 7 11 28 21 6 25
0 0 0 0 0 0 0 0 0 0 0 0 0 0 0 0 0 0 0 0 0 0 0 0 0 0 0 0 0 0 0 0 0 0 0 0 0 0 0 0 0 0 0 0 0 0 0 0 0 0 0 0 0 0 0 0 0 0 0 0 0 0 0 0 0 0 0 0 0 0 0 0 0 0 0 0 0 0 0 0 0 0 0 0 0 0 0 0 0 0 0 0 0 0 0 0 0 0 0 0
9 17 4 24 27 11 13 11 16 13 25 0 28 25 29 22 16 18 1 4 11 25 2 10 20 4 5 4 11 21 4 11 28 24 13 10 9 11 15 10 27 2 9 10 23 22 9 17 0 13 5 12 28 11 22 9 24 27 14 26 18 15 21 2 26 13 8 28 9 10 23 19 28 19 26 23 26 9 1 19 26 23 24 15 12 9 8 20 26 19 15 16 24 9 5 12 13 0 9 3
0 0 0 0 0 0 0 0 0 0 0 0 0 0 0 0 0 0 0 0 0 0 0 0 0 0 0 0 0 0 0 0 0 0 0 0 0 0 0 0 0 0 0 0 0 0 0 0 0 0 0 0 0 0 0 0 0 0 0 0 0 0 0 0 0 0 0 0 0 0 0 0 0 0 0 0 0 0 0 0 0 0 0 0 0 0 0 0 0 0 0 0 0 0 0 0 0 0 0 0
12 28 18 9 15 18 20 22 18 28 24 28 29 16 12 8 3 23 29 2 18 13 22 14 18 27 25 18 26 24 18 0 22 26 2 15 1 20 19 7 29 29 23 29 16 8 0 5 8 16 18 3 23 11 1 3 18 19 11 6 5 12 4 12 15 1 9 16 16 25 6 5 9 5 20 1 9 23 6 1 4 16 18 18 16 5 13 24 5 29 27 15 2 18 11 14 18 29 28 3
0 0 0 0 0 0 0 0 0 0 0 0 0 0 0 0 0 0 0 0 0 0 0 0 0 0 0 0 0 0 0 0 0 0 0 0 0 0 0 0 0 0 0 0 0 0 0 0 0 0 0 0 0 0 0 0 0 0 0 0 0 0 0 0 0 0 0 0 0 0 0 0 0 0 0 0 0 0 0 0 0 0 0 0 0 0 0 0 0 0 0 0 0 0 0 0 0 0 0 0
5 29 13 16 11 6 13 11 0 29 2 3 25 29 21 0 3 9 21 16 10 4 5 1 1 4 8 22 12 14 7 7 5 22 10 17 12 7 19 2 18 2 1 14 26 5 27 26 5 19 13 28 19 20 2 17 1 15 29 19 29 6 11 14 10 13 8 24 2 21 9 20 8 18 9 27 2 0 4 27 9 2 13 22 19 14 0 28 22 14 6 21 5 19 22 23 27 8 24 20
0 0 0 0 0 0 0 0 0 0 0 0 0 0 0 0 0 0 0 0 0 0 0 0 0 0 0 0 0 0 0 0 0 0 0 0 0 0 0 0 0 0 0 0 0 0 0 0 0 0 0 0 0 0 0 0 0 0 0 0 0 0 0 0 0 0 0 0 0 0 0 0 0 0 0 0 0 0 0 0 0 0 0 0 0 0 0 0 0 0 0 0 0 0 0 0 0 0 0 0
12 16 4 20 27 14 2 7 25 27 12 14 27 2 4 9 22 9 27 27 28 23 12 6 23 2 16 21 18 6 6 22 15 2 12 12 3 24 3 15 8 25 6 0 10 4 22 12 1 25 13 17 25 25 7 3 11 17 22 1 12 19 10 14 1 5 11 7 0 3 29 19 13 14 20 27 10 6 5 20 3 24 0 7 22 28 19 21 25 18 12 10 22 20 8 5 19 1 7 21
0 0 0 0 0 0 0 0 0 0 0 0 0 0 0 0 0 0 0 0 0 0 0 0 0 0 0 0 0 0 0 0 0 0 0 0 0 0 0 0 0 0 0 0 0 0 0 0 0 0 0 0 0 0 0 0 0 0 0 0 0 0 0 0 0 0 0 0 0 0 0 0 0 0 0 0 0 0 0 0 0 0 0 0 0 0 0 0 0 0 0 0 0 0 0 0 0 0 0 0
6 8 17 2 13 19 10 10 24 5 7 11 6 15 9 0 0 6 9 24 1 18 24 11 14 17 6 9 12 20 8 27 13 25 20 1 7 18 28 29 5 1 5 7 13 7 29 14 4 1 11 18 2 15 17 29 1 24 14 15 18 28 16 28 9 26 9 1 3 11 9 2 7 4 4 22 28 16 3 6 20 21 9 0 29 10 11 22 0 2 0 15 4 0 11 12 24 10 27 15
0 0 0 0 0 0 0 0 0 0 0 0 0 0 0 0 0 0 0 0 0 0 0 0 0 0 0 0 0 0 0 0 0 0 0 0 0 0 0 0 0 0 0 0 0 0 0 0 0 0 0 0 0 0 0 0 0 0 0 0 0 0 0 0 0 0 0 0 0 0 0 0 0 0 0 0 0 0 0 0 0 0 0 0 0 0 0 0 0 0 0 0 0 0 0 0 0 0 0 0
10 10 22 14 13 27 14 16 10 25 21 17 10 8 8 22 8 20 18 13 29 12 26 12 13 16 25 4 4 2 13 22 17 19 29 14 7 14 19 22 20 0 27 28 19 19 4 19 8 5 29 12 1 0 10 13 25 20 22 0 9 2 14 13 0 11 18 22 2 12 9 8 0 19 22 20 8 22 10 29 20 0 15 17 13 15 2 15 14 20 13 27 14 1 10 19 9 22 5 14
0 0 0 0 0 0 0 0 0 0 0 0 0 0 0 0 0 0 0 0 0 0 0 0 0 0 0 0 0 0 0 0 0 0 0 0 0 0 0 0 0 0 0 0 0 0 0 0 0 0 0 0 0 0 0 0 0 0 0 0 0 0 0 0 0 0 0 0 0 0 0 0 0 0 0 0 0 0 0 0 0 0 0 0 0 0 0 0 0 0 0 0 0 0 0 0 0 0 0 0
25 17 13 13 5 0 0 4 19 18 12 28 20 1 16 27 21 21 3 11 5 2 21 29 18 23 5 25 28 21 25 21 13 20 5 13 26 25 23 7 13 26 8 22 15 11 4 11 17 12 6 21 23 16 1 17 8 28 3 19 12 29 16 19 12 11 7 20 25 16 4 19 15 12 1 23 1 20 13 23 16 16 9 14 23 22 3 4 4 14 25 28 11 2 6 23 4 10 16 23
0 0 0 0 0 0 0 0 0 0 0 0 0 0 0 0 0 0 0 0 0 0 0 0 0 0 0 0 0 0 0 0 0 0 0 0 0 0 0 0 0 0 0 0 0 0 0 0 0 0 0 0 0 0 0 0 0 0 0 0 0 0 0 0 0 0 0 0 0 0 0 0 0 0 0 0 0 0 0 0 0 0 0 0 0 0 0 0 0 0 0 0 0 0 0 0 0 0 0 0
24 7 25 13 29 0 1 18 7 6 3 7 1 17 6 26 14 1 13 23 8 27 19 27 25 10 2 26 13 11 13 5 23 1 13 17 20 12 19 4 12 9 8 20 15 9 26 6 24 19 14 13 23 25 7 29 20 7 13 27 9 0 14 2 1 10 2 6 5 2 9 6 20 3 2 6 9 18 15 12 23 17 11 24 28 20 21 9 11 29 5 13 16 14 23 24 2 27 4 16
0 0 0 0 0 0 0 0 0 0 0 0 0 0 0 0 0 0 0 0 0 0 0 0 0 0 0 0 0 0 0 0 0 0 0 0 0 0 0 0 0 0 0 0 0 0 0 0 0 0 0 0 0 0 0 0 0 0 0 0 0 0 0 0 0 0 0 0 0 0 0 0 0 0 0 0 0 0 0 0 0 0 0 0 0 0 0 0 0 0 0 0 0 0 0 0 0 0 0 0
14 27 21 14 10 10 5 14 17 4 11 23 24 8 21 23 16 12 13 19 14 5 26 21 3 11 27 28 28 5 16 14 12 12 10 29 15 8 15 19 27 22 29 22 18 24 4 0 1 26 2 1 25 18 28 0 7 2 20 10 24 4 2 29 12 29 0 6 3 2 24 10 20 26 13 5 15 1 8 0 29 4 7 4 24 18 9 20 3 5 28 7 27 20 28 29 28 7 9 14
0 0 0 0 0 0 0 0 0 0 0 0 0 0 0 0 0 0 0 0 0 0 0 0 0 0 0 0 0 0 0 0 0 0 0 0 0 0 0 0 0 0 0 0 0 0 0 0 0 0 0 0 0 0 0 0 0 0 0 0 0 0 0 0 0 0 0 0 0 0 0 0 0 0 0 0 0 0 0 0 0 0 0 0 0 0 0 0 0 0 0 0 0 0 0 0 0 0 0 0
14 2 25 8 11 15 17 7 6 13 29 29 16 6 13 0 6 26 5 20 19 27 17 10 11 6 29 5 28 28 17 22 9 26 13 18 24 18 2 8 21 22 11 2 27 8 28 6 8 16 12 11 29 20 22 26 4 27 22 23 19 26 13 12 25 28 6 23 0 14 12 23 21 25 4 24 5 8 24 11 17 22 14 24 0 12 20 24 9 13 22 16 4 27 26 11 29 0 24 6
0 0 0 0 0 0 0 0 0 0 0 0 0 0 0 0 0 0 0 0 0 0 0 0 0 0 0 0 0 0 0 0 0 0 0 0 0 0 0 0 0 0 0 0 0 0 0 0 0 0 0 0 0 0 0 0 0 0 0 0 0 0 0 0 0 0 0 0 0 0 0 0 0 0 0 0 0 0 0 0 0 0 0 0 0 0 0 0 0 0 0 0 0 0 0 0 0 0 0 0
28 4 22 26 19 2 0 27 3 8 2 10 7 0 17 24 1 20 11 19 24 3 29 28 10 16 4 23 4 6 26 5 16 26 20 0 11 29 27 10 28 2 28 0 2 2 15 28 29 22 19 10 17 27 15 20 24 13 29 11 28 26 28 15 9 19 6 18 10 8 15 9 2 5 0 6 29 13 15 17 1 9 24 7 16 9 2 1 26 7 28 25 15 24 14 8 18 22 7 3
0 0 0 0 0 0 0 0 0 0 0 0 0 0 0 0 0 0 0 0 0 0 0 0 0 0 0 0 0 0 0 0 0 0 0 0 0 0 0 0 0 0 0 0 0 0 0 0 0 0 0 0 0 0 0 0 0 0 0 0 0 0 0 0 0 0 0 0 0 0 0 0 0 0 0 0 0 0 0 0 0 0 0 0 0 0 0 0 0 0 0 0 0 0 0 0 0 0 0 0
3 5 9 19 2 29 15 12 11 27 14 0 23 25 21 7 12 21 14 23 10 10 27 18 28 1 24 28 17 25 19 14 1 8 28 24 29 4 13 11 27 25 8 5 5 13 1 13 8 13 22 2 23 15 22 11 24 19 21 20 10 27 18 12 4 27 17 1 16 5 17 25 5 24 25 17 8 19 1 16 22 25 2 17 4 6 4 20 3 10 12 1 8 6 9 26 0 10 20 5
0 0 0 0 0 0 0 0 0 0 0 0 0 0 0 0 0 0 0 0 0 0 0 0 0 0 0 0 0 0 0 0 0 0 0 0 0 0 0 0 0 0 0 0 0 0 0 0 0 0 0 0 0 0 0 0 0 0 0 0 0 0 0 0 0 0 0 0 0 0 0 0 0 0 0 0 0 0 0 0 0 0 0 0 0 0 0 0 0 0 0 0 0 0 0 0 0 0 0 0
7 29 23 5 15 6 18 12 7 29 10 5 12 4 24 6 5 11 9 25 28 26 29 15 12 10 1 4 26 1 21 13 3 25 25 3 9 23 3 8 22 11 17 23 4 14 6 24 11 5 23 15 6 25 14 9 25 29 19 3 7 13 29 12 0 24 14 6 29 9 18 24 14 7 23 29 19 0 27 4 11 9 23 24 21 25 9 21 15 4 19 18 23 10 7 26 20 4 10 15
0 0 0 0 0 0 0 0 0 0 0 0 0 0 0 0 0 0 0 0 0 0 0 0 0 0 0 0 0 0 0 0 0 0 0 0 0 0 0 0 0 0 0 0 0 0 0 0 0 0 0 0 0 0 0 0 0 0 0 0 0 0 0 0 0 0 0 0 0 0 0 0 0 0 0 0 0 0 0 0 0 0 0 0 0 0 0 0 0 0 0 0 0 0 0 0 0 0 0 0
5 20 28 27 23 28 15 1 7 25 9 23 3 5 6 17 10 4 1 23 23 25 19 16 23 1 22 26 15 29 5 4 24 25 29 7 18 28 6 24 26 13 18 22 13 4 12 21 24 1 0 14 0 7 19 0 24 25 6 28 26 22 14 24 13 7 11 27 28 0 24 16 17 2 14 4 16 20 17 17 29 9 2 27 14 9 15 13 24 18 5 21 3 27 3 5 13 24 9 3
