100 100
0 0 0 0 0 0 0 0 0 0 0 0 0 0 0 0 0 0 0 0 0 0 0 0 0 0 0 0 0 0 0 0 0 0 0 0 0 0 0 0 0 0 0 0 0 0 0 0 0 0 0 0 0 0 0 0 0 0 0 0 0 0 0 0 0 0 0 0 0 0 0 0 0 0 0 0 0 0 0 0 0 0 0 0 0 0 0 0 0 0 0 0 0 0 0 0 0 0 0 0
22 29 28 8 7 18 29 1 17 27 2 2 3 7 29 21 19 25 9 15 13 4 28 18 25 10 4 11 25 13 1 8 21 8 11 15 7 28 19 12 1 15 5 13 21 4 15 5 1 13 29 3 28 9 9 28 11 25 21 6 22 15 21 18 18 20 0 2 25 4 17 22 21 20 0 12 28 0 9 25 27 15 6 3 23 22 20 18 21 2 22 15 1 6 27 4 19 27 5 27
0 0 0 0 0 0 0 0 0 0 0 0 0 0 0 0 0 0 0 0 0 0 0 0 0 0 0 0 0 0 0 0 0 0 0 0 0 0 0 0 0 0 0 0 0 0 0 0 0 0 0 0 0 0 0 0 0 0 0 0 0 0 0 0 0 0 0 0 0 0 0 0 0 0 0 0 0 0 0 0 0 0 0 0 0 0 0 0 0 0 0 0 0 0 0 0 0 0 0 0
9 17 16 16 21 9 1 17 24 25 1 14 1 23 19 2 12 8 12 25 6 13 29 20 2 14 23 23 6 23 9 29 20 29 18 4 26 9 23 3 14 5 25 9 15 3 8 1 28 25 25 22 27 15 23 8 23 3 2 19 0 26 4 23 25 17 9 22 7 10 2 21 25 26 12 11 2 11 23 26 9 6 19 8 18 21 17 13 2 13 18 3 26 5 12 2 16 18 22 23
0 0 0 0 0 0 0 0 0 0 0 0 0 0 0 0 0 0 0 0 0 0 0 0 0 0 0 0 0 0 0 0 0 0 0 0 0 0 0 0 0 0 0 0 0 0 0 0 0 0 0 0 0 0 0 0 0 0 0 0 0 0 0 0 0 0 0 0 0 0 0 0 0 0 0 0 0 0 0 0 0 0 0 0 0 0 0 0 0 0 0 0 0 0 0 0 0 0 0 0
24 18 8 25 7 4 0 21 14 26 21 8 25 8 29 10 2 11 12 24 27 27 5 25 20 4 27 25 28 26 25 13 4 22 14 26 3 8 27 2 11 8 26 20 13 18 11 5 15 2 16 9 13 13 4 1 7 26 28 19 19 7 22 27 12 16 28 24 20 8 12 16 1 17 26 1 18 21 1 28 14 14 17 8 1 18 13 25 26 24 4 13 18 27 7 12 3 29 24 10
0 0 0 0 0 0 0 0 0 0 0 0 0 0 0 0 0 0 0 0 0 0 0 0 0 0 0 0 0 0 0 0 0 0 0 0 0 0 0 0 0 0 0 0 0 0 0 0 0 0 0 0 0 0 0 0 0 0 0 0 0 0 0 0 0 0 0 0 0 0 0 0 0 0 0 0 0 0 0 0 0 0 0 0 0 0 0 0 0 0 0 0 0 0 0 0 0 0 0 0
24 26 27 26 17 17 25 9 6 11 24 18 16 23 10 3 10 24 14 19 3 2 5 25 9 26 7 3 11 10 19 0 29 6 29 27 20 12 12 24 13 7 7 27 29 9 8 15 18 22 14 20 13 24 7 16 7 1 27 23 4 5 28 27 8 12 28 20 13 0 10 26 12 20 16 8 26 28 2 4 13 26 15 3 11 8 1 12 23 14 7 17 9 6 11 12 18 22 26 8
0 0 0 0 0 0 0 0 0 0 0 0 0 0 0 0 0 0 0 0 0 0 0 0 0 0 0 0 0 0 0 0 0 0 0 0 0 0 0 0 0 0 0 0 0 0 0 0 0 0 0 0 0 0 0 0 0 0 0 0 0 0 0 0 0 0 0 0 0 0 0 0 0 0 0 0 0 0 0 0 0 0 0 0 0 0 0 0 0 0 0 0 0 0 0 0 0 0 0 0
28 27 19 25 23 8 17 22 4 26 6 26 26 11 17 27 25 22 19 21 17 7 21 24 29 18 22 4 0 22 12 0 23 21 3 4 22 16 26 14 17 26 12 15 28 1 1 16 2 27 17 0 24 16 27 28 7 13 23 28 25 2 0 7 15 16 24 3 29 20 25 23 9 22 2 2 2 13 17 21 13 3 14 4 1 17 2 6 11 16 26 0 17 26 18 16 27 13 25 19
0 0 0 0 0 0 0 0 0 0 0 0 0 0 0 0 0 0 0 0 0 0 0 0 0 0 0 0 0 0 0 0 0 0 0 0 0 0 0 0 0 0 0 0 0 0 0 0 0 0 0 0 0 0 0 0 0 0 0 0 0 0 0 0 0 0 0 0 0 0 0 0 0 0 0 0 0 0 0 0 0 0 0 0 0 0 0 0 0 0 0 0 0 0 0 0 0 0 0 0
13 2 25 18 4 19 14 28 8 23 8 11 10 22 28 13 19 14 14 18 14 5 1 27 8 15 7 8 21 4 20 10 29 10 19 8 16 18 24 12 6 16 5 23 19 22 21 27 18 9 11 6 1 1 10 25 5 13 12 25 20 9 13 14 21 16 13 0 17 17 14 25 18 16 1 12 21 27 20 15 16 10 2 21 16 22 18 6 7 6 15 16 7 10 5 8 13 27 17 3
0 0 0 0 0 0 0 0 0 0 0 0 0 0 0 0 0 0 0 0 0 0 0 0 0 0 0 0 0 0 0 0 0 0 0 0 0 0 0 0 0 0 0 0 0 0 0 0 0 0 0 0 0 0 0 0 0 0 0 0 0 0 0 0 0 0 0 0 0 0 0 0 0 0 0 0 0 0 0 0 0 0 0 0 0 0 0 0 0 0 0 0 0 0 0 0 0 0 0 0
29 8 13 25 22 19 26 16 3 17 5 23 20 23 14 14 13 20 4 19 26 20 26 24 2 9 11 3 17 25 9 11 12 1 20 28 18 9 29 26 4 28 20 2 15 9 7 29 15 2 11 25 3 7 21 6 4 22 27 29 24 29 16 1 10 6 17 3 0 24 23 28 9 14 10 15 29 14 23 8 25 28 15 29 21 27 20 21 8 17 17 12 6 28 11 14 21 2 26 12
0 0 0 0 0 0 0 0 0 0 0 0 0 0 0 0 0 0 0 0 0 0 0 0 0 0 0 0 0 0 0 0 0 0 0 0 0 0 0 0 0 0 0 0 0 0 0 0 0 0 0 0 0 0 0 0 0 0 0 0 0 0 0 0 0 0 0 0 0 0 0 0 0 0 0 0 0 0 0 0 0 0 0 0 0 0 0 0 0 0 0 0 0 0 0 0 0 0 0 0
14 14 20 1 18 7 6 29 25 3 17 20 4 5 7 0 26 0 8 13 10 23 16 1 21 28 24 13 9 23 22 22 10 7 18 21 23 19 24 25 28 29 13 23 22 5 27 18 12 13 0 23 28 26 0 12 4 15 1 15 18 22 25 6 27 26 16 5 23 19 22 0 14 6 19 10 23 7 7 21 14 18 8 11 5 22 5 10 2 29 18 16 19 25 11 15 4 25 2 16
0 0 0 0 0 0 0 0 0 0 0 0 0 0 0 0 0 0 0 0 0 0 0 0 0 0 0 0 0 0 0 0 0 0 0 0 0 0 0 0 0 0 0 0 0 0 0 0 0 0 0 0 0 0 0 0 0 0 0 0 0 0 0 0 0 0 0 0 0 0 0 0 0 0 0 0 0 0 0 0 0 0 0 0 0 0 0 0 0 0 0 0 0 0 0 0 0 0 0 0
23 21 9 25 24 0 17 22 25 11 18 2 2 25 18 6 17 1 17 20 15 0 1 17 15 19 9 14 24 10 28 10 13 15 15 24 23 20 16 8 20 9 20 19 6 28 6 28 10 9 29 15 1 27 13 20 7 2 29 10 9 7 23 18 12 11 6 22 5 6 17 17 26 27 25 19 12 3 21 0 24 18 0 28 19 3 5 0 25 26 11 6 4 4 6 20 23 3 14 3
0 0 0 0 0 0 0 0 0 0 0 0 0 0 0 0 0 0 0 0 0 0 0 0 0 0 0 0 0 0 0 0 0 0 0 0 0 0 0 0 0 0 0 0 0 0 0 0 0 0 0 0 0 0 0 0 0 0 0 0 0 0 0 0 0 0 0 0 0 0 0 0 0 0 0 0 0 0 0 0 0 0 0 0 0 0 0 0 0 0 0 0 0 0 0 0 0 0 0 0
19 17 24 28 21 1 25 9 5 16 26 25 4 24 8 18 24 26 21 19 17 12 12 10 3 9 8 11 18 22 28 24 26 7 9 8 25 0 11 4 5 3 21 12 16 27 21 10 21 9 29 28 28 22 6 17 14 6 0 1 8 25 26 25 12 23 2 21 24 29 0 11 27 18 16 20 7 27 15 2 17 0 14 16 25 3 6 28 1 15 25 15 8 6 20 18 13 15 6 24
0 0 0 0 0 0 0 0 0 0 0 0 0 0 0 0 0 0 0 0 0 0 0 0 0 0 0 0 0 0 0 0 0 0 0 0 0 0 0 0 0 0 0 0 0 0 0 0 0 0 0 0 0 0 0 0 0 0 0 0 0 0 0 0 0 0 0 0 0 0 0 0 0 0 0 0 0 0 0 0 0 0 0 0 0 0 0 0 0 0 0 0 0 0 0 0 0 0 0 0
15 22 18 2 14 17 5 11 10 7 27 11 14 7 8 16 14 2 20 16 5 17 22 4 18 16 18 23 0 27 25 21 11 10 23 12 25 29 23 6 22 29 6 28 4 22 13 3 8 13 24 20 26 20 2 23 16 21 8 3 14 13 11 4 9 19 27 21 0 12 22 19 23 13 23 26 18 28 24 19 10 19 13 29 22 18 20 1 9 17 23 24 24 16 7 4 19 11 5 23
0 0 0 0 0 0 0 0 0 0 0 0 0 0 0 0 0 0 0 0 0 0 0 0 0 0 0 0 0 0 0 0 0 0 0 0 0 0 0 0 0 0 0 0 0 0 0 0 0 0 0 0 0 0 0 0 0 0 0 0 0 0 0 0 0 0 0 0 0 0 0 0 0 0 0 0 0 0 0 0 0 0 0 0 0 0 0 0 0 0 0 0 0 0 0 0 0 0 0 0
13 8 24 29 1 19 11 4 1 19 25 7 0 13 5 22 8 15 16 23 2 4 28 25 24 6 6 28 29 16 26 3 4 9 20 20 25 23 15 17 28 28 5 26 5 4 3 27 7 17 16 13 24 6 14 13 20 0 16 20 28 0 22 8 19 17 27 15 14 29 2 28 3 3 4 27 18 25 29 7 9 2 0 2 18 19 25 24 14 29 17 22 23 6 3 1 22 20 11 7
0 0 0 0 0 0 0 0 0 0 0 0 0 0 0 0 0 0 0 0 0 0 0 0 0 0 0 0 0 0 0 0 0 0 0 0 0 0 0 0 0 0 0 0 0 0 0 0 0 0 0 0 0 0 0 0 0 0 0 0 0 0 0 0 0 0 0 0 0 0 0 0 0 0 0 0 0 0 0 0 0 0 0 0 0 0 0 0 0 0 0 0 0 0 0 0 0 0 0 0
21 25 23 11 16 3 4 9 25 8 5 20 15 26 19 4 18 4 1 24 1 13 26 25 1 2 25 1 15 16 4 20 22 28 5 17 17 8 10 29 5 6 22 10 27 4 3 23 12 5 17 17 2 10 19 13 28 5 24 24 0 22 3 1 10 28 2 28 16 0 8 4 9 29 28 2 16 23 12 26 3 25 25 13 22 28 8 13 0 28 5 26 25 0 16 4 12 17 2 15
0 0 0 0 0 0 0 0 0 0 0 0 0 0 0 0 0 0 0 0 0 0 0 0 0 0 0 0 0 0 0 0 0 0 0 0 0 0 0 0 0 0 0 0 0 0 0 0 0 0 0 0 0 0 0 0 0 0 0 0 0 0 0 0 0 0 0 0 0 0 0 0 0 0 0 0 0 0 0 0 0 0 0 0 0 0 0 0 0 0 0 0 0 0 0 0 0 0 0 0
23 1 12 13 29 7 3 25 19 21 1 26 0 17 19 11 4 1 1 2 21 7 21 12 17 17 25 24 18 27 8 6 18 5 9 27 25 22 10 15 28 21 3 20 3 23 20 6 4 9 11 15 19 19 4 6 7 3 10 17 10 24 20 0 21 23 24 6 4 0 25 20 20 9 28 15 29 1 26 21 10 20 19 23 8 7 8 27 10 29 16 22 23 14 12 26 28 7 3 17
0 0 0 0 0 0 0 0 0 0 0 0 0 0 0 0 0 0 0 0 0 0 0 0 0 0 0 0 0 0 0 0 0 0 0 0 0 0 0 0 0 0 0 0 0 0 0 0 0 0 0 0 0 0 0 0 0 0 0 0 0 0 0 0 0 0 0 0 0 0 0 0 0 0 0 0 0 0 0 0 0 0 0 0 0 0 0 0 0 0 0 0 0 0 0 0 0 0 0 0
21 13 0 11 22 5 14 9 23 6 6 28 28 7 27 23 8 28 28 24 2 14 11 20 6 13 23 10 6 10 24 6 29 21 10 6 25 7 2 7 15 27 22 12 18 0 25 24 27 27 24 11 13 24 19 4 22 1 17 25 16 20 5 5 14 10 11 4 1 18 24 16 4 22 22 14 29 29 9 10 25 8 22 2 26 28 2 23 11 28 4 19 23 4 20 4 2 20 18 9
0 0 0 0 0 0 0 0 0 0 0 0 0 0 0 0 0 0 0 0 0 0 0 0 0 0 0 0 0 0 0 0 0 0 0 0 0 0 0 0 0 0 0 0 0 0 0 0 0 0 0 0 0 0 0 0 0 0 0 0 0 0 0 0 0 0 0 0 0 0 0 0 0 0 0 0 0 0 0 0 0 0 0 0 0 0 0 0 0 0 0 0 0 0 0 0 0 0 0 0
0 22 10 19 22 6 25 27 26 10 24 18 3 26 29 14 16 8 4 5 13 19 1 15 19 12 10 19 25 4 7 1 9 28 16 9 2 29 5 10 28 21 24 26 8 19 7 17 23 19 18 27 6 26 7 23 14 25 0 5 0 26 10 4 1 18 5 7 19 29 20 17 19 12 11 28 17 25 9 18 16 23 21 25 25 25 20 10 13 13 10 23 11 16 18 12 20 19 6 14
0 0 0 0 0 0 0 0 0 0 0 0 0 0 0 0 0 0 0 0 0 0 0 0 0 0 0 0 0 0 0 0 0 0 0 0 0 0 0 0 0 0 0 0 0 0 0 0 0 0 0 0 0 0 0 0 0 0 0 0 0 0 0 0 0 0 0 0 0 0 0 0 0 0 0 0 0 0 0 0 0 0 0 0 0 0 0 0 0 0 0 0 0 0 0 0 0 0 0 0
11 8 23 21 25 13 16 15 8 16 9 20 10 27 18 19 10 4 10 3 9 29 20 6 26 26 15 16 25 17 7 13 1 28 23 24 23 25 6 28 9 12 1 21 1 8 11 18 11 19 15 16 7 3 16 16 29 28 8 1 5 6 8 13 14 27 6 2 6 12 15 29 13 27 28 27 20 5 22 21 2 2 15 21 19 8 17 0 5 27 15 18 6 7 23 22 4 5 20 22
0 0 0 0 0 0 0 0 0 0 0 0 0 0 0 0 0 0 0 0 0 0 0 0 0 0 0 0 0 0 0 0 0 0 0 0 0 0 0 0 0 0 0 0 0 0 0 0 0 0 0 0 0 0 0 0 0 0 0 0 0 0 0 0 0 0 0 0 0 0 0 0 0 0 0 0 0 0 0 0 0 0 0 0 0 0 0 0 0 0 0 0 0 0 0 0 0 0 0 0
16 1 5 4 1 25 20 6 16 19 16 8 12 5 19 5 19 14 26 21 18 10 22 17 11 1 1 25 3 24 9 9 24 17 11 8 16 17 15 6 17 22 27 13 21 11 18 8 13 0 29 20 18 29 26 17 3 8 11 23 25 21 7 16 25 20 13 21 0 7 12 6 10 27 15 5 7 14 10 1 7 19 0 14 3 21 17 29 8 13 5 17 15 8 5 6 3 26 19 6
0 0 0 0 0 0 0 0 0 0 0 0 0 0 0 0 0 0 0 0 0 0 0 0 0 0 0 0 0 0 0 0 0 0 0 0 0 0 0 0 0 0 0 0 0 0 0 0 0 0 0 0 0 0 0 0 0 0 0 0 0 0 0 0 0 0 0 0 0 0 0 0 0 0 0 0 0 0 0 0 0 0 0 0 0 0 0 0 0 0 0 0 0 0 0 0 0 0 0 0
11 26 7 25 6 0 29 26 20 10 9 25 23 14 25 21 12 2 23 6 16 16 9 24 1 16 26 25 5 21 19 12 21 17 16 27 27 18 18 13 29 19 14 21 29 10 28 20 18 14 22 19 22 15 23 7 11 20 18 19 28 25 6 2 0 20 22 7 1 9 12 16 7 19 29 24 27 11 28 21 14 1 13 22 7 22 7 21 4 14 29 15 12 15 19 11 18 21 14 5
0 0 0 0 0 0 0 0 0 0 0 0 0 0 0 0 0 0 0 0 0 0 0 0 0 0 0 0 0 0 0 0 0 0 0 0 0 0 0 0 0 0 0 0 0 0 0 0 0 0 0 0 0 0 0 0 0 0 0 0 0 0 0 0 0 0 0 0 0 0 0 0 0 0 0 0 0 0 0 0 0 0 0 0 0 0 0 0 0 0 0 0 0 0 0 0 0 0 0 0
17 24 6 13 18 12 2 5 9 8 28 5 16 1 15 10 24 1 22 8 26 8 9 5 14 5 24 10 23 26 0 27 8 23 9 7 5 2 28 7 20 7 20 28 16 24 8 5 0 28 17 15 24 25 7 6 24 15 17 4 5 3 16 7 17 3 12 29 1 19 15 9 21 4 24 25 7 28 12 4 1 27 4 14 3 8 14 27 1 3 4 11 18 1 19 24 13 2 11 9
0 0 0 0 0 0 0 0 0 0 0 0 0 0 0 0 0 0 0 0 0 0 0 0 0 0 0 0 0 0 0 0 0 0 0 0 0 0 0 0 0 0 0 0 0 0 0 0 0 0 0 0 0 0 0 0 0 0 0 0 0 0 0 0 0 0 0 0 0 0 0 0 0 0 0 0 0 0 0 0 0 0 0 0 0 0 0 0 0 0 0 0 0 0 0 0 0 0 0 0
28 4 12 17 25 25 25 23 24 14 24 15 21 18 15 25 27 9 0 3 8 9 18 4 21 20 20 28 14 21 21 21 15 19 15 18 28 2 3 17 27 10 22 11 21 20 19 25 5 13 3 11 25 25 19 9 5 2 20 4 26 14 28 20 10 17 14 2 28 3 12 20 29 6 28 23 14 3 0 21 28 0 17 17 9 27 11 18 11 3 26 14 14 16 10 6 18 29 6 27
0 0 0 0 0 0 0 0 0 0 0 0 0 0 0 0 0 0 0 0 0 0 0 0 0 0 0 0 0 0 0 0 0 0 0 0 0 0 0 0 0 0 0 0 0 0 0 0 0 0 0 0 0 0 0 0 0 0 0 0 0 0 0 0 0 0 0 0 0 0 0 0 0 0 0 0 0 0 0 0 0 0 0 0 0 0 0 0 0 0 0 0 0 0 0 0 0 0 0 0
20 10 25 14 19 6 29 19 12 28 10 20 19 12 21 14 21 19 29 2 13 15 20 11 27 13 14 0 10 3 1 15 15 19 26 2 29 18 5 27 6 4 20 29 14 19 21 22 23 11 22 6 13 8 26 0 5 1 16 3 18 5 19 6 22 2 18 5 26 28 6 4 5 23 12 20 3 29 13 28 23 28 12 26 22 0 20 16 27 0 18 22 29 2 5 9 11 12 27 12
0 0 0 0 0 0 0 0 0 0 0 0 0 0 0 0 0 0 0 0 0 0 0 0 0 0 0 0 0 0 0 0 0 0 0 0 0 0 0 0 0 0 0 0 0 0 0 0 0 0 0 0 0 0 0 0 0 0 0 0 0 0 0 0 0 0 0 0 0 0 0 0 0 0 0 0 0 0 0 0 0 0 0 0 0 0 0 0 0 0 0 0 0 0 0 0 0 0 0 0
25 26 5 8 13 15 1 6 29 17 12 0 29 22 25 14 11 19 13 26 24 2 13 6 12 25 5 11 6 1 27 21 20 17 17 24 17 17 11 12 27 9 10 21 13 22 2 29 11 19 14 15 12 26 15 22 5 10 3 13 1 13 1 24 20 24 20 23 12 20 14 6 24 6 0 16 21 17 25 9 28 25 15 2 28 28 26 27 6 0 24 27 6 26 25 3 16 21 22 26
0 0 0 0 0 0 0 0 0 0 0 0 0 0 0 0 0 0 0 0 0 0 0 0 0 0 0 0 0 0 0 0 0 0 0 0 0 0 0 0 0 0 0 0 0 0 0 0 0 0 0 0 0 0 0 0 0 0 0 0 0 0 0 0 0 0 0 0 0 0 0 0 0 0 0 0 0 0 0 0 0 0 0 0 0 0 0 0 0 0 0 0 0 0 0 0 0 0 0 0
4 16 13 24 20 26 23 9 19 7 0 19 27 17 26 3 24 23 1 23 22 1 18 22 1 20 7 16 22 27 11 6 26 8 14 9 19 6 8 21 17 2 3 14 3 3 18 29 15 27 28 9 20 15 4 19 4 1 18 2 22 4 5 14 6 12 13 6 29 4 11 24 11 7 17 29 24 11 21 28 12 29 4 4 13 24 4 25 27 13 7 21 21 6 15 23 15 6 11 27
0 0 0 0 0 0 0 0 0 0 0 0 0 0 0 0 0 0 0 0 0 0 0 0 0 0 0 0 0 0 0 0 0 0 0 0 0 0 0 0 0 0 0 0 0 0 0 0 0 0 0 0 0 0 0 0 0 0 0 0 0 0 0 0 0 0 0 0 0 0 0 0 0 0 0 0 0 0 0 0 0 0 0 0 0 0 0 0 0 0 0 0 0 0 0 0 0 0 0 0
26 8 22 19 13 4 23 11 10 23 29 0 19 9 13 23 10 18 0 9 22 29 2 26 8 15 18 10 24 4 16 24 4 27 13 24 5 10 23 19 6 27 22 18 17 7 13 25 15 21 15 24 22 21 15 1 10 14 6 9 11 10 14 20 29 14 28 0 15 13 7 8 19 17 3 23 1 0 15 3 22 5 21 1 14 27 8 0 14 17 25 19 23 12 8 21 23 15 3 4
0 0 0 0 0 0 0 0 0 0 0 0 0 0 0 0 0 0 0 0 0 0 0 0 0 0 0 0 0 0 0 0 0 0 0 0 0 0 0 0 0 0 0 0 0 0 0 0 0 0 0 0 0 0 0 0 0 0 0 0 0 0 0 0 0 0 0 0 0 0 0 0 0 0 0 0 0 0 0 0 0 0 0 0 0 0 0 0 0 0 0 0 0 0 0 0 0 0 0 0
2 4 1 16 17 8 23 15 17 0 11 6 4 21 27 2 1 23 25 29 0 13 9 15 12 27 26 2 22 9 14 21 21 19 12 26 24 12 28 0 7 12 21 29 6 7 23 2 11 21 15 20 22 28 27 18 3 7 25 24 7 0 14 18 22 8 10 24 24 10 26 11 3 16 16 15 20 2 5 20 2 17 25 12 7 11 18 19 13 27 1 10 13 10 22 3 16 27 11 11
0 0 0 0 0 0 0 0 0 0 0 0 0 0 0 0 0 0 0 0 0 0 0 0 0 0 0 0 0 0 0 0 0 0 0 0 0 0 0 0 0 0 0 0 0 0 0 0 0 0 0 0 0 0 0 0 0 0 0 0 0 0 0 0 0 0 0 0 0 0 0 0 0 0 0 0 0 0 0 0 0 0 0 0 0 0 0 0 0 0 0 0 0 0 0 0 0 0 0 0
13 20 17 2 23 21 19 20 9 19 10 23 17 19 15 20 6 28 16 3 21 8 10 21 11 17 2 3 2 17 2 25 26 21 10 12 3 17 4 17 24 16 22 8 19 5 11 15 27 17 13 5 11 26 11 19 19 1 12 26 26 12 24 0 4 18 10 12 7 18 11 11 17 11 5 18 5 26 5 21 9 12 17 27 7 23 20 11 15 6 25 3 13 3 7 11 3 1 13 11
0 0 0 0 0 0 0 0 0 0 0 0 0 0 0 0 0 0 0 0 0 0 0 0 0 0 0 0 0 0 0 0 0 0 0 0 0 0 0 0 0 0 0 0 0 0 0 0 0 0 0 0 0 0 0 0 0 0 0 0 0 0 0 0 0 0 0 0 0 0 0 0 0 0 0 0 0 0 0 0 0 0 0 0 0 0 0 0 0 0 0 0 0 0 0 0 0 0 0 0
17 26 24 27 17 5 12 28 17 24 2 1 17 7 13 6 9 11 18 27 24 0 13 26 21 9 9 14 1 17 3 18 15 7 25 10 19 9 11 14 7 2 5 10 3 19 20 18 19 26 11 24 7 9 2 24 13 22 29 20 24 2 24 20 7 12 7 17 27 25 12 3 11 7 14 3 9 22 27 10 17 11 27 18 8 22 19 8 22 6 17 7 15 14 1 4 7 3 7 15
0 0 0 0 0 0 0 0 0 0 0 0 0 0 0 0 0 0 0 0 0 0 0 0 0 0 0 0 0 0 0 0 0 0 0 0 0 0 0 0 0 0 0 0 0 0 0 0 0 0 0 0 0 0 0 0 0 0 0 0 0 0 0 0 0 0 0 0 0 0 0 0 0 0 0 0 0 0 0 0 0 0 0 0 0 0 0 0 0 0 0 0 0 0 0 0 0 0 0 0
22 22 6 9 27 21 27 21 24 0 22 22 4 12 19 16 20 21 12 21 8 25 25 0 0 16 12 4 21 27 7 10 5 12 15 16 17 6 16 6 13 6 27 0 9 21 21 13 2 15 9 28 12 3 21 15 19 24 21 27 26 0 23 21 22 15 24 15 25 1 11 5 1 22 20 20 3 5 25 11 27 23 19 21 23 14 28 20 7 14 3 3 25 19 17 1 29 9 5 13
0 0 0 0 0 0 0 0 0 0 0 0 0 0 0 0 0 0 0 0 0 0 0 0 0 0 0 0 0 0 0 0 0 0 0 0 0 0 0 0 0 0 0 0 0 0 0 0 0 0 0 0 0 0 0 0 0 0 0 0 0 0 0 0 0 0 0 0 0 0 0 0 0 0 0 0 0 0 0 0 0 0 0 0 0 0 0 0 0 0 0 0 0 0 0 0 0 0 0 0
29 7 23 20 11 24 23 9 20 8 12 3 7 26 14 17 11 2 17 23 1 20 0 2 15 8 14 1 27 18 28 1 7 18 3 18 21 2 9 13 22 2 9 21 0 23 27 17 3 2 8 20 17 0 11 27 6 25 23 12 21 2 14 2 4 17 3 9 1 27 4 24 6 23 1 8 15 10 4 0 11 4 25 14 17 9 0 15 24 6 6 17 26 27 21 24 3 0 27 26
0 0 0 0 0 0 0 0 0 0 0 0 0 0 0 0 0 0 0 0 0 0 0 0 0 0 0 0 0 0 0 0 0 0 0 0 0 0 0 0 0 0 0 0 0 0 0 0 0 0 0 0 0 0 0 0 0 0 0 0 0 0 0 0 0 0 0 0 0 0 0 0 0 0 0 0 0 0 0 0 0 0 0 0 0 0 0 0 0 0 0 0 0 0 0 0 0 0 0 0
4 5 12 18 29 26 6 20 17 12 9 5 18 4 0 25 8 7 11 14 18 14 11 23 0 28 2 27 17 15 2 28 27 10 1 0 4 9 26 20 7 4 19 5 3 26 12 2 18 23 25 12 5 3 24 22 17 13 11 15 20 2 18 26 17 7 22 29 15 12 11 5 15 4 20 1 6 10 19 17 21 23 24 0 21 24 12 5 29 19 10 29 10 29 3 17 6 26 2 20
0 0 0 0 0 0 0 0 0 0 0 0 0 0 0 0 0 0 0 0 0 0 0 0 0 0 0 0 0 0 0 0 0 0 0 0 0 0 0 0 0 0 0 0 0 0 0 0 0 0 0 0 0 0 0 0 0 0 0 0 0 0 0 0 0 0 0 0 0 0 0 0 0 0 0 0 0 0 0 0 0 0 0 0 0 0 0 0 0 0 0 0 0 0 0 0 0 0 0 0
28 8 23 0 4 5 14 4 0 22 11 23 15 26 3 12 23 16 11 16 14 9 2 21 4 10 12 13 8 15 9 26 15 25 27 24 16 5 10 9 29 6 1 24 25 22 8 15 8 9 19 26 22 5 5 13 13 1 7 25 11 16 1 1 18 3 1 12 16 26 13 28 22 11 12 10 18 27 7 6 6 15 21 13 17 29 17 23 16 5 21 13 23 3 20 25 11 12 1 7
0 0 0 0 0 0 0 0 0 0 0 0 0 0 0 0 0 0 0 0 0 0 0 0 0 0 0 0 0 0 0 0 0 0 0 0 0 0 0 0 0 0 0 0 0 0 0 0 0 0 0 0 0 0 0 0 0 0 0 0 0 0 0 0 0 0 0 0 0 0 0 0 0 0 0 0 0 0 0 0 0 0 0 0 0 0 0 0 0 0 0 0 0 0 0 0 0 0 0 0
27 16 14 16 12 13 14 22 16 7 1 28 6 0 18 28 5 26 27 12 29 28 4 7 10 16 25 3 6 4 21 13 27 10 25 2 2 5 3 20 23 5 0 4 21 18 28 28 12 3 7 28 0 9 14 8 25 17 24 23 9 16 0 3 25 4 16 17 16 16 10 11 17 11 14 7 23 26 9 21 14 10 15 28 13 21 10 3 17 29 15 26 18 17 26 28 25 7 13 8
0 0 0 0 0 0 0 0 0 0 0 0 0 0 0 0 0 0 0 0 0 0 0 0 0 0 0 0 0 0 0 0 0 0 0 0 0 0 0 0 0 0 0 0 0 0 0 0 0 0 0 0 0 0 0 0 0 0 0 0 0 0 0 0 0 0 0 0 0 0 0 0 0 0 0 0 0 0 0 0 0 0 0 0 0 0 0 0 0 0 0 0 0 0 0 0 0 0 0 0
10 2 27 23 27 28 10 20 25 3 18 0 9 14 24 8 26 20 24 10 7 2 15 19 8 21 9 17 22 22 16 6 2 5 20 23 7 23 23 21 4 11 25 3 19 29 29 13 19 16 24 13 1 8 11 3 12 1 16 5 25 7 22 18 18 15 5 17 9 0 2 21 16 11 12 3 3 27 20 18 2 0 13 19 22 9 15 9 27 11 20 5 12 29 21 10 24 26 25 21
0 0 0 0 0 0 0 0 0 0 0 0 0 0 0 0 0 0 0 0 0 0 0 0 0 0 0 0 0 0 0 0 0 0 0 0 0 0 0 0 0 0 0 0 0 0 0 0 0 0 0 0 0 0 0 0 0 0 0 0 0 0 0 0 0 0 0 0 0 0 0 0 0 0 0 0 0 0 0 0 0 0 0 0 0 0 0 0 0 0 0 0 0 0 0 0 0 0 0 0
24 29 18 7 24 23 5 16 12 4 9 8 25 7 0 12 12 15 23 16 23 21 17 16 14 15 11 25 7 11 1 25 11 6 24 20 20 27 17 29 2 4 26 12 24 27 29 13 1 6 26 9 5 15 3 28 0 28 22 14 6 10 17 5 26 5 21 25 4 17 18 29 24 5 17 15 26 9 20 28 29 26 24 14 15 27 21 24 6 19 1 14 0 17 19 22 14 9 20 27
0 0 0 0 0 0 0 0 0 0 0 0 0 0 0 0 0 0 0 0 0 0 0 0 0 0 0 0 0 0 0 0 0 0 0 0 0 0 0 0 0 0 0 0 0 0 0 0 0 0 0 0 0 0 0 0 0 0 0 0 0 0 0 0 0 0 0 0 0 0 0 0 0 0 0 0 0 0 0 0 0 0 0 0 0 0 0 0 0 0 0 0 0 0 0 0 0 0 0 0
14 23 16 3 3 25 6 24 2 13 27 7 1 15 3 0 27 15 19 10 1 6 3 0 25 2 17 7 5 19 4 13 15 22 3 22 9 9 5 25 7 15 18 21 17 22 9 10 17 3 3 2 12 12 25 15 8 15 26 22 12 3 9 26 7 16 23 14 27 7 1 9 3 13 10 29 3 27 15 5 6 6 29 27 13 11 16 20 19 22 24 12 18 10 13 17 14 8 25 26
0 0 0 0 0 0 0 0 0 0 0 0 0 0 0 0 0 0 0 0 0 0 0 0 0 0 0 0 0 0 0 0 0 0 0 0 0 0 0 0 0 0 0 0 0 0 0 0 0 0 0 0 0 0 0 0 0 0 0 0 0 0 0 0 0 0 0 0 0 0 0 0 0 0 0 0 0 0 0 0 0 0 0 0 0 0 0 0 0 0 0 0 0 0 0 0 0 0 0 0
13 0 21 9 22 9 12 21 14 7 10 28 14 12 22 4 22 25 21 22 0 3 19 9 25 4 24 14 13 23 22 16 4 29 12 0 3 27 14 21 19 3 0 12 25 13 11 21 6 24 9 12 29 26 12 29 18 1 21 20 11 27 5 20 13 8 18 1 5 16 20 0 10 23 7 22 20 15 14 10 26 12 9 28 13 15 8 28 26 29 16 4 12 28 28 1 0 15 3 11
0 0 0 0 0 0 0 0 0 0 0 0 0 0 0 0 0 0 0 0 0 0 0 0 0 0 0 0 0 0 0 0 0 0 0 0 0 0 0 0 0 0 0 0 0 0 0 0 0 0 0 0 0 0 0 0 0 0 0 0 0 0 0 0 0 0 0 0 0 0 0 0 0 0 0 0 0 0 0 0 0 0 0 0 0 0 0 0 0 0 0 0 0 0 0 0 0 0 0 0
10 16 14 12 24 15 15 22 18 22 17 18 9 9 8 7 22 13 27 20 1 12 13 7 9 20 15 26 2 21 28 19 25 2 9 12 6 16 3 9 21 22 10 15 0 29 24 26 22 28 21 24 26 26 25 6 11 13 15 22 6 29 14 16 7 23 0 25 28 19 5 7 17 7 10 8 29 22 1 8 0 11 27 18 20 0 13 20 24 0 16 18 16 19 12 7 15 17 26 22
0 0 0 0 0 0 0 0 0 0 0 0 0 0 0 0 0 0 0 0 0 0 0 0 0 0 0 0 0 0 0 0 0 0 0 0 0 0 0 0 0 0 0 0 0 0 0 0 0 0 0 0 0 0 0 0 0 0 0 0 0 0 0 0 0 0 0 0 0 0 0 0 0 0 0 0 0 0 0 0 0 0 0 0 0 0 0 0 0 0 0 0 0 0 0 0 0 0 0 0
13 8 15 2 7 2 4 22 20 23 10 8 3 7 25 19 27 28 3 12 5 0 8 2 12 20 18 0 25 0 14 28 7 12 24 7 9 22 5 26 18 6 29 1 7 20 7 6 18 21 1 24 17 5 18 24 27 6 16 28 21 28 29 1 1 1 16 17 27 9 28 23 20 11 26 6 15 26 23 19 11 12 4 11 22 16 18 24 24 5 16 18 24 15 18 24 24 1 12 18
0 0 0 0 0 0 0 0 0 0 0 0 0 0 0 0 0 0 0 0 0 0 0 0 0 0 0 0 0 0 0 0 0 0 0 0 0 0 0 0 0 0 0 0 0 0 0 0 0 0 0 0 0 0 0 0 0 0 0 0 0 0 0 0 0 0 0 0 0 0 0 0 0 0 0 0 0 0 0 0 0 0 0 0 0 0 0 0 0 0 0 0 0 0 0 0 0 0 0 0
3 12 16 6 0 24 18 21 8 4 22 2 9 11 16 8 16 19 5 19 4 17 2 19 7 0 14 3 12 10 29 8 24 13 18 0 9 7 7 27 2 14 27 1 11 26 5 8 20 14 23 17 4 14 2 10 13 4 6 9 2 20 2 0 15 14 13 14 18 2 18 22 15 25 20 12 11 12 28 10 5 21 26 16 8 8 10 27 20 5 8 0 24 19 23 8 0 1 2 22
0 0 0 0 0 0 0 0 0 0 0 0 0 0 0 0 0 0 0 0 0 0 0 0 0 0 0 0 0 0 0 0 0 0 0 0 0 0 0 0 0 0 0 0 0 0 0 0 0 0 0 0 0 0 0 0 0 0 0 0 0 0 0 0 0 0 0 0 0 0 0 0 0 0 0 0 0 0 0 0 0 0 0 0 0 0 0 0 0 0 0 0 0 0 0 0 0 0 0 0
1 21 5 20 2 21 11 24 16 24 21 29 14 6 13 0 14 21 16 25 19 28 2 1 11 4 28 27 18 11 27 1 27 21 24 10 24 27 6 24 24 24 12 12 7 24 18 11 29 2 28 10 23 9 19 9 20 9 3 5 22 10 8 23 7 7 0 29 12 7 2 26 20 3 12 28 4 29 26 28 4 27 0 23 20 8 15 5 20 29 20 8 4 9 26 24 9 27 9 23
0 0 0 0 0 0 0 0 0 0 0 0 0 0 0 0 0 0 0 0 0 0 0 0 0 0 0 0 0 0 0 0 0 0 0 0 0 0 0 0 0 0 0 0 0 0 0 0 0 0 0 0 0 0 0 0 0 0 0 0 0 0 0 0 0 0 0 0 0 0 0 0 0 0 0 0 0 0 0 0 0 0 0 0 0 0 0 0 0 0 0 0 0 0 0 0 0 0 0 0
11 13 25 23 7 1 3 16 19 6 7 11 25 5 16 10 24 17 8 16 29 15 21 12 15 19 13 22 25 22 14 26 17 7 19 21 13 22 18 16 15 12 15 29 21 27 10 10 22 5 23 16 15 15 6 7 29 0 13 11 10 4 5 3 14 16 5 10 19 4 5 19 26 11 7 27 9 25 1 8 17 10 14 2 4 9 15 2 15 11 27 12 29 3 6 26 13 26 28 2
0 0 0 0 0 0 0 0 0 0 0 0 0 0 0 0 0 0 0 0 0 0 0 0 0 0 0 0 0 0 0 0 0 0 0 0 0 0 0 0 0 0 0 0 0 0 0 0 0 0 0 0 0 0 0 0 0 0 0 0 0 0 0 0 0 0 0 0 0 0 0 0 0 0 0 0 0 0 0 0 0 0 0 0 0 0 0 0 0 0 0 0 0 0 0 0 0 0 0 0
20 1 22 14 16 21 3 14 13 13 22 21 25 13 6 8 26 11 2 16 4 13 7 13 21 5 16 6 3 16 22 7 11 23 18 22 18 10 29 5 28 4 7 20 27 14 3 26 11 27 8 22 16 7 14 10 10 7 11 8 0 9 11 26 8 22 17 10 22 0 24 23 15 5 20 9 6 20 17 29 11 10 16 10 14 0 18 17 11 5 29 19 9 1 29 25 19 7 23 7
0 0 0 0 0 0 0 0 0 0 0 0 0 0 0 0 0 0 0 0 0 0 0 0 0 0 0 0 0 0 0 0 0 0 0 0 0 0 0 0 0 0 0 0 0 0 0 0 0 0 0 0 0 0 0 0 0 0 0 0 0 0 0 0 0 0 0 0 0 0 0 0 0 0 0 0 0 0 0 0 0 0 0 0 0 0 0 0 0 0 0 0 0 0 0 0 0 0 0 0
25 23 18 23 4 28 10 1 9 3 15 10 26 28 27 27 1 2 7 5 17 8 26 8 21 20 3 25 15 0 9 18 22 1 27 22 18 10 17 8 2 13 13 25 4 0 27 26 21 8 6 13 16 27 11 6 16 20 16 9 25 28 27 21 7 1 0 14 16 11 13 18 9 12 3 20 26 8 26 2 16 8 21 20 25 4 11 28 23 27 15 13 17 8 15 27 13 29 9 22
0 0 0 0 0 0 0 0 0 0 0 0 0 0 0 0 0 0 0 0 0 0 0 0 0 0 0 0 0 0 0 0 0 0 0 0 0 0 0 0 0 0 0 0 0 0 0 0 0 0 0 0 0 0 0 0 0 0 0 0 0 0 0 0 0 0 0 0 0 0 0 0 0 0 0 0 0 0 0 0 0 0 0 0 0 0 0 0 0 0 0 0 0 0 0 0 0 0 0 0
18 17 18 2 3 8 24 18 9 13 19 0 29 18 26 19 14 15 8 2 19 7 5 15 28 6 26 15 3 7 11 2 14 2 21 9 21 6 11 9 23 9 20 0 15 16 14 14 22 22 8 1 24 26 5 27 9 4 24 12 0 7 8 26 1 10 7 26 4 2 1 0 1 22 25 23 1 0 23 11 10 23 25 13 1 27 18 11 24 20 4 5 24 29 10 3 18 11 6 28
0 0 0 0 0 0 0 0 0 0 0 0 0 0 0 0 0 0 0 0 0 0 0 0 0 0 0 0 0 0 0 0 0 0 0 0 0 0 0 0 0 0 0 0 0 0 0 0 0 0 0 0 0 0 0 0 0 0 0 0 0 0 0 0 0 0 0 0 0 0 0 0 0 0 0 0 0 0 0 0 0 0 0 0 0 0 0 0 0 0 0 0 0 0 0 0 0 0 0 0
2 27 17 5 26 29 13 5 0 28 25 1 0 28 0 9 11 18 1 20 2 18 15 29 1 21 28 6 16 23 12 3 24 1 2 10 28 14 5 7 22 4 29 14 4 25 2 15 16 13 5 23 20 13 18 19 18 19 2 5 17 7 27 13 26 19 29 20 8 2 13 3 27 20 11 17 21 7 5 17 16 26 22 6 28 1 3 3 6 20 4 4 1 27 24 28 11 3 17 16
0 0 0 0 0 0 0 0 0 0 0 0 0 0 0 0 0 0 0 0 0 0 0 0 0 0 0 0 0 0 0 0 0 0 0 0 0 0 0 0 0 0 0 0 0 0 0 0 0 0 0 0 0 0 0 0 0 0 0 0 0 0 0 0 0 0 0 0 0 0 0 0 0 0 0 0 0 0 0 0 0 0 0 0 0 0 0 0 0 0 0 0 0 0 0 0 0 0 0 0
28 14 15 14 2 9 4 3 3 16 13 1 10 23 14 20 26 26 14 28 28 2 5 6 6 4 25 11 0 2 13 10 15 2 25 9 2 19 10 1 26 28 24 16 11 28 27 29 9 20 9 10 28 12 6 15 22 25 26 22 23 16 7 4 20 29 17 18 19 17 11 26 28 7 13 20 16 5 2 27 28 23 5 28 8 13 4 18 27 18 6 19 27 0 17 21 13 24 20 29
0 0 0 0 0 0 0 0 0 0 0 0 0 0 0 0 0 0 0 0 0 0 0 0 0 0 0 0 0 0 0 0 0 0 0 0 0 0 0 0 0 0 0 0 0 0 0 0 0 0 0 0 0 0 0 0 0 0 0 0 0 0 0 0 0 0 0 0 0 0 0 0 0 0 0 0 0 0 0 0 0 0 0 0 0 0 0 0 0 0 0 0 0 0 0 0 0 0 0 0
12 22 18 18 24 23 28 0 0 13 4 14 16 25 11 6 18 7 14 20 27 9 24 24 16 12 13 3 1 14 11 9 22 24 9 14 24 6 23 5 17 10 15 12 22 2 10 7 2 8 15 2 24 21 24 24 13 27 0 25 11 6 8 14 21 17 27 22 29 24 9 7 19 15 11 26 22 8 16 8 18 23 18 29 2 5 8 27 19 23 11 22 11 4 5 1 28 4 16 13
0 0 0 0 0 0 0 0 0 0 0 0 0 0 0 0 0 0 0 0 0 0 0 0 0 0 0 0 0 0 0 0 0 0 0 0 0 0 0 0 0 0 0 0 0 0 0 0 0 0 0 0 0 0 0 0 0 0 0 0 0 0 0 0 0 0 0 0 0 0 0 0 0 0 0 0 0 0 0 0 0 0 0 0 0 0 0 0 0 0 0 0 0 0 0 0 0 0 0 0
16 11 27 28 15 23 28 2 28 9 12 29 17 15 16 14 9 23 3 0 2 1 17 17 28 19 21 13 20 3 12 3 22 24 23 7 14 2 7 19 29 26 8 1 2 28 24 8 9 0 15 11 9 22 13 13 27 5 24 15 7 15 6 15 7 23 9 21 0 4 17 2 28 5 26 26 6 29 16 1 28 14 28 3 5 21 26 27 26 16 4 28 18 4 24 6 1 10 9 10
0 0 0 0 0 0 0 0 0 0 0 0 0 0 0 0 0 0 0 0 0 0 0 0 0 0 0 0 0 0 0 0 0 0 0 0 0 0 0 0 0 0 0 0 0 0 0 0 0 0 0 0 0 0 0 0 0 0 0 0 0 0 0 0 0 0 0 0 0 0 0 0 0 0 0 0 0 0 0 0 0 0 0 0 0 0 0 0 0 0 0 0 0 0 0 0 0 0 0 0
6 9 3 7 5 9 25 1 21 20 16 20 29 3 20 15 6 9 11 24 27 24 28 3 15 27 28 7 0 1 15 26 20 7 18 0 7 13 9 20 14 25 8 26 13 5 14 14 29 26 23 14 25 13 24 13 13 28 15 5 22 10 29 28 15 19 3 5 27 8 6 24 25 20 17 24 16 22 21 9 27 27 21 0 27 5 14 17 23 9 10 18 27 13 11 8 22 7 9 2
