100 100
0 0 0 0 0 0 0 0 0 0 0 0 0 0 0 0 0 0 0 0 0 0 0 0 0 0 0 0 0 0 0 0 0 0 0 0 0 0 0 0 0 0 0 0 0 0 0 0 0 0 0 0 0 0 0 0 0 0 0 0 0 0 0 0 0 0 0 0 0 0 0 0 0 0 0 0 0 0 0 0 0 0 0 0 0 0 0 0 0 0 0 0 0 0 0 0 0 0 0 0
1 7 25 4 18 18 4 1 21 27 10 2 15 26 8 28 10 25 13 4 3 27 15 26 20 16 11 0 9 28 17 9 5 3 27 11 21 17 13 1 16 29 1 4 2 27 0 28 16 4 19 27 20 11 3 11 21 29 9 29 15 19 23 15 26 21 4 23 9 5 4 25 5 20 23 7 12 12 14 3 20 15 28 20 13 10 6 25 24 10 18 28 24 8 21 7 27 28 10 19
0 0 0 0 0 0 0 0 0 0 0 0 0 0 0 0 0 0 0 0 0 0 0 0 0 0 0 0 0 0 0 0 0 0 0 0 0 0 0 0 0 0 0 0 0 0 0 0 0 0 0 0 0 0 0 0 0 0 0 0 0 0 0 0 0 0 0 0 0 0 0 0 0 0 0 0 0 0 0 0 0 0 0 0 0 0 0 0 0 0 0 0 0 0 0 0 0 0 0 0
20 10 20 2 20 4 15 14 2 1 6 28 4 6 26 26 12 28 28 25 2 7 6 9 2 11 16 10 17 16 0 10 5 25 8 24 4 23 9 16 13 6 18 24 11 21 15 5 24 12 29 22 14 20 15 17 16 20 14 24 17 25 15 29 21 28 14 4 16 25 21 10 24 29 29 15 28 7 5 14 8 6 0 12 16 12 7 13 21 25 29 25 19 8 29 27 24 0 8 4
0 0 0 0 0 0 0 0 0 0 0 0 0 0 0 0 0 0 0 0 0 0 0 0 0 0 0 0 0 0 0 0 0 0 0 0 0 0 0 0 0 0 0 0 0 0 0 0 0 0 0 0 0 0 0 0 0 0 0 0 0 0 0 0 0 0 0 0 0 0 0 0 0 0 0 0 0 0 0 0 0 0 0 0 0 0 0 0 0 0 0 0 0 0 0 0 0 0 0 0
27 12 10 18 28 26 10 2 13 9 1 13 7 29 3 3 1 22 25 6 22 0 16 11 7 7 10 15 26 1 2 22 6 11 10 5 25 3 3 11 12 25 17 2 1 27 21 2 12 28 20 9 4 29 23 11 24 1 24 13 20 24 28 7 3 12 18 2 23 19 18 15 20 8 13 15 11 15 8 3 17 21 16 10 29 0 5 23 21 24 2 0 1 25 9 10 24 2 6 20
0 0 0 0 0 0 0 0 0 0 0 0 0 0 0 0 0 0 0 0 0 0 0 0 0 0 0 0 0 0 0 0 0 0 0 0 0 0 0 0 0 0 0 0 0 0 0 0 0 0 0 0 0 0 0 0 0 0 0 0 0 0 0 0 0 0 0 0 0 0 0 0 0 0 0 0 0 0 0 0 0 0 0 0 0 0 0 0 0 0 0 0 0 0 0 0 0 0 0 0
5 22 24 2 23 18 5 20 5 23 2 19 7 3 17 14 29 18 8 18 10 29 7 13 20 27 26 11 22 14 2 8 16 23 19 28 3 5 11 10 19 6 2 15 14 8 5 23 21 17 10 18 10 14 26 9 26 18 5 22 22 22 1 7 28 15 19 19 22 19 26 29 15 10 6 12 15 12 23 1 16 11 20 22 22 21 0 3 15 25 20 10 28 20 21 26 4 24 9 20
0 0 0 0 0 0 0 0 0 0 0 0 0 0 0 0 0 0 0 0 0 0 0 0 0 0 0 0 0 0 0 0 0 0 0 0 0 0 0 0 0 0 0 0 0 0 0 0 0 0 0 0 0 0 0 0 0 0 0 0 0 0 0 0 0 0 0 0 0 0 0 0 0 0 0 0 0 0 0 0 0 0 0 0 0 0 0 0 0 0 0 0 0 0 0 0 0 0 0 0
9 22 15 21 24 10 22 21 25 1 26 23 0 28 22 15 26 14 12 4 25 12 1 11 5 0 5 11 27 12 23 17 23 0 29 28 14 14 19 25 10 15 1 2 14 10 26 20 1 9 29 13 7 10 15 6 0 28 5 7 19 1 10 22 6 9 0 29 15 29 9 21 1 14 7 5 11 13 9 8 14 13 4 4 20 1 17 24 21 27 25 20 19 25 8 11 2 17 10 29
0 0 0 0 0 0 0 0 0 0 0 0 0 0 0 0 0 0 0 0 0 0 0 0 0 0 0 0 0 0 0 0 0 0 0 0 0 0 0 0 0 0 0 0 0 0 0 0 0 0 0 0 0 0 0 0 0 0 0 0 0 0 0 0 0 0 0 0 0 0 0 0 0 0 0 0 0 0 0 0 0 0 0 0 0 0 0 0 0 0 0 0 0 0 0 0 0 0 0 0
26 7 8 8 14 28 5 21 23 5 1 24 27 22 14 6 4 28 11 24 8 26 6 16 0 29 27 9 29 3 14 1 14 20 7 6 12 22 28 6 2 3 18 9 3 17 23 7 26 4 21 13 0 23 2 20 12 3 24 23 27 5 2 10 27 16 10 28 16 28 29 14 3 29 23 3 20 0 27 10 17 12 23 27 3 21 15 9 21 18 21 18 23 28 28 8 4 27 2 21
0 0 0 0 0 0 0 0 0 0 0 0 0 0 0 0 0 0 0 0 0 0 0 0 0 0 0 0 0 0 0 0 0 0 0 0 0 0 0 0 0 0 0 0 0 0 0 0 0 0 0 0 0 0 0 0 0 0 0 0 0 0 0 0 0 0 0 0 0 0 0 0 0 0 0 0 0 0 0 0 0 0 0 0 0 0 0 0 0 0 0 0 0 0 0 0 0 0 0 0
2 16 7 20 28 23 14 21 19 2 22 11 11 13 5 11 21 20 18 1 2 24 14 25 0 5 15 13 20 28 29 20 7 22 8 10 15 19 8 19 1 11 5 3 7 29 20 17 24 14 17 22 1 14 26 2 27 11 21 2 5 8 25 18 4 6 18 25 28 5 29 17 2 11 29 7 22 3 15 22 7 29 16 5 12 8 13 15 7 3 15 9 17 9 21 20 13 8 2 8
0 0 0 0 0 0 0 0 0 0 0 0 0 0 0 0 0 0 0 0 0 0 0 0 0 0 0 0 0 0 0 0 0 0 0 0 0 0 0 0 0 0 0 0 0 0 0 0 0 0 0 0 0 0 0 0 0 0 0 0 0 0 0 0 0 0 0 0 0 0 0 0 0 0 0 0 0 0 0 0 0 0 0 0 0 0 0 0 0 0 0 0 0 0 0 0 0 0 0 0
26 21 5 6 9 11 18 9 22 19 8 18 4 12 8 6 21 27 13 11 14 19 7 25 9 8 1 5 15 22 2 16 17 13 7 29 24 27 12 14 9 3 7 4 12 21 9 16 7 19 29 4 6 12 27 17 23 21 12 9 27 11 22 6 6 3 27 4 12 12 5 16 24 21 25 3 2 23 12 9 12 9 7 29 5 29 4 22 29 0 12 25 13 1 9 0 14 17 25 9
0 0 0 0 0 0 0 0 0 0 0 0 0 0 0 0 0 0 0 0 0 0 0 0 0 0 0 0 0 0 0 0 0 0 0 0 0 0 0 0 0 0 0 0 0 0 0 0 0 0 0 0 0 0 0 0 0 0 0 0 0 0 0 0 0 0 0 0 0 0 0 0 0 0 0 0 0 0 0 0 0 0 0 0 0 0 0 0 0 0 0 0 0 0 0 0 0 0 0 0
10 18 8 22 28 25 14 14 21 14 7 25 9 11 24 19 0 16 10 7 3 1 11 8 6 20 23 21 6 28 24 11 5 2 26 20 24 3 10 16 9 25 26 13 15 2 8 25 10 16 5 26 4 12 22 25 5 16 11 23 16 20 3 20 1 4 13 7 0 9 12 25 12 2 8 14 22 28 15 18 22 7 2 22 20 3 29 11 10 21 15 4 24 25 19 9 22 16 29 10
0 0 0 0 0 0 0 0 0 0 0 0 0 0 0 0 0 0 0 0 0 0 0 0 0 0 0 0 0 0 0 0 0 0 0 0 0 0 0 0 0 0 0 0 0 0 0 0 0 0 0 0 0 0 0 0 0 0 0 0 0 0 0 0 0 0 0 0 0 0 0 0 0 0 0 0 0 0 0 0 0 0 0 0 0 0 0 0 0 0 0 0 0 0 0 0 0 0 0 0
13 5 16 18 8 19 5 16 19 11 4 12 0 7 18 27 28 11 8 3 13 25 21 27 12 15 11 5 28 22 14 20 18 11 5 3 23 5 8 5 17 9 29 22 14 14 1 16 29 2 6 18 5 12 20 1 22 18 12 19 7 26 8 18 17 18 25 14 5 19 21 10 10 16 11 18 27 21 7 21 20 17 17 19 13 6 10 13 14 4 9 26 25 9 28 20 3 18 16 4
0 0 0 0 0 0 0 0 0 0 0 0 0 0 0 0 0 0 0 0 0 0 0 0 0 0 0 0 0 0 0 0 0 0 0 0 0 0 0 0 0 0 0 0 0 0 0 0 0 0 0 0 0 0 0 0 0 0 0 0 0 0 0 0 0 0 0 0 0 0 0 0 0 0 0 0 0 0 0 0 0 0 0 0 0 0 0 0 0 0 0 0 0 0 0 0 0 0 0 0
3 21 14 3 11 12 0 17 24 28 24 9 23 29 7 1 5 17 13 2 8 5 19 7 9 23 27 5 20 21 9 8 14 6 22 11 3 9 10 27 12 18 20 29 12 20 9 4 22 0 6 26 4 26 11 13 16 24 25 28 9 17 24 4 11 26 27 15 4 0 2 3 3 12 22 3 9 28 9 13 29 27 15 15 22 19 5 18 9 7 0 24 11 20 3 8 12 7 13 12
0 0 0 0 0 0 0 0 0 0 0 0 0 0 0 0 0 0 0 0 0 0 0 0 0 0 0 0 0 0 0 0 0 0 0 0 0 0 0 0 0 0 0 0 0 0 0 0 0 0 0 0 0 0 0 0 0 0 0 0 0 0 0 0 0 0 0 0 0 0 0 0 0 0 0 0 0 0 0 0 0 0 0 0 0 0 0 0 0 0 0 0 0 0 0 0 0 0 0 0
13 15 16 0 27 2 9 16 6 4 2 17 15 19 26 0 17 16 1 5 20 2 25 17 18 24 21 9 12 5 2 29 23 0 22 12 6 0 19 22 25 1 16 25 24 27 14 9 22 11 29 17 11 16 14 13 11 17 15 25 25 2 9 20 8 3 9 9 2 24 24 2 5 15 3 26 22 18 14 11 12 26 16 29 21 14 13 4 16 28 4 13 18 14 7 24 6 4 26 26
0 0 0 0 0 0 0 0 0 0 0 0 0 0 0 0 0 0 0 0 0 0 0 0 0 0 0 0 0 0 0 0 0 0 0 0 0 0 0 0 0 0 0 0 0 0 0 0 0 0 0 0 0 0 0 0 0 0 0 0 0 0 0 0 0 0 0 0 0 0 0 0 0 0 0 0 0 0 0 0 0 0 0 0 0 0 0 0 0 0 0 0 0 0 0 0 0 0 0 0
13 8 20 16 11 21 6 29 0 15 18 21 11 21 25 18 3 14 19 10 8 11 29 13 18 27 14 27 20 27 6 3 19 12 26 29 18 9 5 1 27 0 10 17 1 22 16 19 24 23 0 12 2 22 23 23 3 1 20 2 3 10 19 19 12 26 25 26 6 13 14 28 18 8 8 3 5 1 23 17 13 27 14 0 16 11 9 14 16 2 14 3 10 11 23 15 18 3 17 4
0 0 0 0 0 0 0 0 0 0 0 0 0 0 0 0 0 0 0 0 0 0 0 0 0 0 0 0 0 0 0 0 0 0 0 0 0 0 0 0 0 0 0 0 0 0 0 0 0 0 0 0 0 0 0 0 0 0 0 0 0 0 0 0 0 0 0 0 0 0 0 0 0 0 0 0 0 0 0 0 0 0 0 0 0 0 0 0 0 0 0 0 0 0 0 0 0 0 0 0
17 11 22 23 9 0 28 22 18 26 10 17 28 1 16 5 21 24 0 15 17 9 20 25 13 19 4 18 14 3 18 8 0 27 24 13 13 2 20 18 16 14 26 29 27 7 7 19 2 15 25 6 27 16 14 25 0 26 2 15 23 6 6 28 26 13 4 9 11 25 14 24 24 13 9 26 7 24 27 16 3 4 2 21 19 15 29 6 11 11 28 3 6 10 6 19 20 19 4 16
0 0 0 0 0 0 0 0 0 0 0 0 0 0 0 0 0 0 0 0 0 0 0 0 0 0 0 0 0 0 0 0 0 0 0 0 0 0 0 0 0 0 0 0 0 0 0 0 0 0 0 0 0 0 0 0 0 0 0 0 0 0 0 0 0 0 0 0 0 0 0 0 0 0 0 0 0 0 0 0 0 0 0 0 0 0 0 0 0 0 0 0 0 0 0 0 0 0 0 0
29 23 6 1 23 26 3 10 7 25 12 7 9 25 13 13 11 26 29 15 28 3 28 7 21 21 24 23 5 17 10 1 17 18 6 5 21 26 29 19 21 21 12 29 25 13 10 24 6 23 12 28 9 5 0 10 28 11 18 5 17 10 14 7 24 23 4 22 15 4 0 22 14 9 24 26 3 18 8 29 21 9 3 22 20 26 20 8 18 20 3 1 12 24 19 15 5 2 19 8
0 0 0 0 0 0 0 0 0 0 0 0 0 0 0 0 0 0 0 0 0 0 0 0 0 0 0 0 0 0 0 0 0 0 0 0 0 0 0 0 0 0 0 0 0 0 0 0 0 0 0 0 0 0 0 0 0 0 0 0 0 0 0 0 0 0 0 0 0 0 0 0 0 0 0 0 0 0 0 0 0 0 0 0 0 0 0 0 0 0 0 0 0 0 0 0 0 0 0 0
2 9 0 20 6 7 4 2 16 3 14 3 26 11 11 4 21 2 19 12 16 10 9 18 9 15 12 10 7 24 0 9 22 25 3 15 8 2 4 26 28 3 11 27 8 17 12 5 10 28 25 13 10 26 21 19 15 21 7 4 20 23 29 0 28 23 20 28 1 14 3 4 22 26 4 16 25 14 8 2 0 19 8 22 11 24 20 6 2 24 22 10 16 26 26 2 27 11 21 9
0 0 0 0 0 0 0 0 0 0 0 0 0 0 0 0 0 0 0 0 0 0 0 0 0 0 0 0 0 0 0 0 0 0 0 0 0 0 0 0 0 0 0 0 0 0 0 0 0 0 0 0 0 0 0 0 0 0 0 0 0 0 0 0 0 0 0 0 0 0 0 0 0 0 0 0 0 0 0 0 0 0 0 0 0 0 0 0 0 0 0 0 0 0 0 0 0 0 0 0
7 12 5 11 13 0 18 29 18 14 1 26 16 17 21 0 12 18 3 13 21 22 6 13 1 15 14 15 23 24 4 27 23 14 13 22 11 14 10 27 28 9 17 10 3 1 13 26 21 20 18 23 13 1 3 2 1 14 9 6 22 24 9 2 2 1 19 0 0 19 25 2 25 1 7 1 13 1 26 25 3 10 3 4 12 24 23 16 22 25 19 13 27 6 13 9 21 10 5 18
0 0 0 0 0 0 0 0 0 0 0 0 0 0 0 0 0 0 0 0 0 0 0 0 0 0 0 0 0 0 0 0 0 0 0 0 0 0 0 0 0 0 0 0 0 0 0 0 0 0 0 0 0 0 0 0 0 0 0 0 0 0 0 0 0 0 0 0 0 0 0 0 0 0 0 0 0 0 0 0 0 0 0 0 0 0 0 0 0 0 0 0 0 0 0 0 0 0 0 0
21 29 10 5 4 8 8 14 28 23 18 17 15 20 12 5 10 11 15 22 24 16 2 14 5 25 14 29 24 9 2 9 26 29 21 13 0 6 12 23 3 19 10 15 27 20 29 9 10 1 7 29 23 24 21 15 25 3 14 19 27 25 4 18 21 13 6 3 7 11 5 11 21 0 2 25 0 1 20 7 3 24 3 21 1 18 7 9 0 15 19 12 11 2 20 23 4 17 0 20
0 0 0 0 0 0 0 0 0 0 0 0 0 0 0 0 0 0 0 0 0 0 0 0 0 0 0 0 0 0 0 0 0 0 0 0 0 0 0 0 0 0 0 0 0 0 0 0 0 0 0 0 0 0 0 0 0 0 0 0 0 0 0 0 0 0 0 0 0 0 0 0 0 0 0 0 0 0 0 0 0 0 0 0 0 0 0 0 0 0 0 0 0 0 0 0 0 0 0 0
21 18 3 21 21 18 8 3 13 25 9 12 28 3 24 5 19 20 26 2 4 5 29 18 5 1 18 7 26 7 15 19 14 23 1 0 25 14 16 20 18 21 1 7 14 24 25 4 12 19 10 27 9 14 7 10 25 6 24 19 22 25 5 1 22 11 4 13 23 22 11 19 4 19 23 15 5 0 16 11 17 23 21 16 22 10 4 6 18 22 29 26 18 11 29 26 3 29 18 7
0 0 0 0 0 0 0 0 0 0 0 0 0 0 0 0 0 0 0 0 0 0 0 0 0 0 0 0 0 0 0 0 0 0 0 0 0 0 0 0 0 0 0 0 0 0 0 0 0 0 0 0 0 0 0 0 0 0 0 0 0 0 0 0 0 0 0 0 0 0 0 0 0 0 0 0 0 0 0 0 0 0 0 0 0 0 0 0 0 0 0 0 0 0 0 0 0 0 0 0
15 3 0 20 25 4 1 3 5 27 13 27 18 4 22 8 20 24 11 26 5 18 3 17 2 11 29 27 1 12 11 11 2 1 23 15 26 10 1 25 13 0 28 15 23 12 2 26 7 9 22 19 6 1 22 21 0 0 28 20 20 25 29 18 11 12 14 13 20 12 10 10 14 21 19 6 15 23 19 27 14 28 29 14 20 18 27 27 25 26 10 23 8 10 19 4 9 3 15 14
0 0 0 0 0 0 0 0 0 0 0 0 0 0 0 0 0 0 0 0 0 0 0 0 0 0 0 0 0 0 0 0 0 0 0 0 0 0 0 0 0 0 0 0 0 0 0 0 0 0 0 0 0 0 0 0 0 0 0 0 0 0 0 0 0 0 0 0 0 0 0 0 0 0 0 0 0 0 0 0 0 0 0 0 0 0 0 0 0 0 0 0 0 0 0 0 0 0 0 0
17 8 16 21 14 27 23 9 7 10 25 4 4 6 5 28 4 7 8 27 5 2 21 27 7 6 9 14 19 23 21 11 24 9 15 25 20 2 23 19 26 19 28 28 21 13 6 0 0 19 5 24 28 27 24 29 19 8 23 18 5 2 11 5 3 11 26 17 13 0 15 22 22 11 5 10 22 16 22 8 3 26 17 4 5 23 17 7 28 18 14 10 23 15 28 19 13 21 27 10
0 0 0 0 0 0 0 0 0 0 0 0 0 0 0 0 0 0 0 0 0 0 0 0 0 0 0 0 0 0 0 0 0 0 0 0 0 0 0 0 0 0 0 0 0 0 0 0 0 0 0 0 0 0 0 0 0 0 0 0 0 0 0 0 0 0 0 0 0 0 0 0 0 0 0 0 0 0 0 0 0 0 0 0 0 0 0 0 0 0 0 0 0 0 0 0 0 0 0 0
29 3 13 5 7 3 26 14 9 4 20 20 29 7 28 16 15 12 2 23 5 13 17 19 1 10 5 10 29 23 16 15 25 9 6 1 29 9 11 17 15 19 24 27 15 0 23 2 20 3 8 28 5 19 4 10 3 7 27 9 25 29 10 16 28 27 6 19 20 29 1 17 9 8 25 19 10 4 20 25 22 5 18 10 7 4 19 13 24 10 1 11 14 27 11 0 16 4 3 18
0 0 0 0 0 0 0 0 0 0 0 0 0 0 0 0 0 0 0 0 0 0 0 0 0 0 0 0 0 0 0 0 0 0 0 0 0 0 0 0 0 0 0 0 0 0 0 0 0 0 0 0 0 0 0 0 0 0 0 0 0 0 0 0 0 0 0 0 0 0 0 0 0 0 0 0 0 0 0 0 0 0 0 0 0 0 0 0 0 0 0 0 0 0 0 0 0 0 0 0
20 21 10 24 15 23 5 9 24 22 27 20 28 12 13 0 11 12 5 7 5 21 18 25 13 11 6 20 8 24 18 7 15 27 5 25 10 2 24 18 10 4 19 15 24 21 12 24 17 9 10 22 22 4 27 17 10 11 17 11 17 8 15 21 25 17 4 3 7 2 29 22 12 25 2 25 20 14 0 28 18 14 24 3 23 25 2 2 0 25 10 4 23 12 16 18 28 21 5 6
0 0 0 0 0 0 0 0 0 0 0 0 0 0 0 0 0 0 0 0 0 0 0 0 0 0 0 0 0 0 0 0 0 0 0 0 0 0 0 0 0 0 0 0 0 0 0 0 0 0 0 0 0 0 0 0 0 0 0 0 0 0 0 0 0 0 0 0 0 0 0 0 0 0 0 0 0 0 0 0 0 0 0 0 0 0 0 0 0 0 0 0 0 0 0 0 0 0 0 0
12 23 8 19 21 11 25 26 18 1 8 27 11 9 29 2 10 14 21 22 28 20 0 24 16 0 10 23 29 8 5 14 15 14 14 18 10 19 8 29 27 20 19 28 24 19 2 0 8 20 7 13 20 12 25 20 27 10 22 27 19 10 0 26 14 11 25 1 22 29 17 10 16 3 16 3 26 17 26 6 3 13 12 14 28 11 27 11 29 10 6 17 1 23 23 8 1 27 19 21
0 0 0 0 0 0 0 0 0 0 0 0 0 0 0 0 0 0 0 0 0 0 0 0 0 0 0 0 0 0 0 0 0 0 0 0 0 0 0 0 0 0 0 0 0 0 0 0 0 0 0 0 0 0 0 0 0 0 0 0 0 0 0 0 0 0 0 0 0 0 0 0 0 0 0 0 0 0 0 0 0 0 0 0 0 0 0 0 0 0 0 0 0 0 0 0 0 0 0 0
13 20 11 8 23 0 23 24 26 7 13 2 5 24 28 22 7 29 23 6 15 4 26 14 1 9 8 17 6 10 21 3 25 25 16 8 16 8 2 14 6 5 3 3 29 14 18 19 22 20 11 25 15 19 24 7 15 20 19 20 21 24 21 13 22 9 28 6 3 19 9 15 21 11 0 7 16 9 2 22 4 16 9 23 22 23 14 1 8 0 21 16 18 29 15 17 26 23 8 22
0 0 0 0 0 0 0 0 0 0 0 0 0 0 0 0 0 0 0 0 0 0 0 0 0 0 0 0 0 0 0 0 0 0 0 0 0 0 0 0 0 0 0 0 0 0 0 0 0 0 0 0 0 0 0 0 0 0 0 0 0 0 0 0 0 0 0 0 0 0 0 0 0 0 0 0 0 0 0 0 0 0 0 0 0 0 0 0 0 0 0 0 0 0 0 0 0 0 0 0
1 4 15 24 20 9 1 1 8 5 25 5 24 13 10 29 27 17 29 1 11 29 8 24 27 9 2 5 9 9 24 17 16 8 27 24 19 26 22 13 6 17 21 28 18 1 13 14 28 14 18 28 25 24 14 21 20 21 12 1 0 22 0 5 20 11 20 28 27 10 15 22 5 14 22 24 12 19 28 15 16 16 11 20 4 1 26 26 15 13 1 14 6 22 29 21 26 17 7 27
0 0 0 0 0 0 0 0 0 0 0 0 0 0 0 0 0 0 0 0 0 0 0 0 0 0 0 0 0 0 0 0 0 0 0 0 0 0 0 0 0 0 0 0 0 0 0 0 0 0 0 0 0 0 0 0 0 0 0 0 0 0 0 0 0 0 0 0 0 0 0 0 0 0 0 0 0 0 0 0 0 0 0 0 0 0 0 0 0 0 0 0 0 0 0 0 0 0 0 0
27 0 5 27 27 10 23 23 17 23 11 25 1 27 18 20 24 1 29 3 0 8 0 8 2 1 0 26 3 18 5 4 19 4 1 15 28 0 8 15 18 11 11 15 11 16 2 19 1 17 0 15 14 22 7 6 8 12 17 19 15 8 1 18 23 27 9 23 15 8 3 20 9 25 26 9 3 18 9 8 21 17 13 26 28 6 23 2 6 10 8 7 0 14 18 1 8 11 23 8
0 0 0 0 0 0 0 0 0 0 0 0 0 0 0 0 0 0 0 0 0 0 0 0 0 0 0 0 0 0 0 0 0 0 0 0 0 0 0 0 0 0 0 0 0 0 0 0 0 0 0 0 0 0 0 0 0 0 0 0 0 0 0 0 0 0 0 0 0 0 0 0 0 0 0 0 0 0 0 0 0 0 0 0 0 0 0 0 0 0 0 0 0 0 0 0 0 0 0 0
17 28 9 5 21 9 16 6 19 25 25 2 8 21 16 12 27 8 28 0 15 20 19 19 7 23 3 26 15 13 28 23 9 12 26 6 15 9 11 24 19 8 7 14 4 2 7 2 17 22 10 29 8 21 26 2 2 17 4 18 3 29 8 4 26 18 26 8 27 25 18 27 15 7 21 7 3 27 10 19 6 19 2 12 10 1 16 1 15 25 29 6 4 16 17 2 26 18 26 9
0 0 0 0 0 0 0 0 0 0 0 0 0 0 0 0 0 0 0 0 0 0 0 0 0 0 0 0 0 0 0 0 0 0 0 0 0 0 0 0 0 0 0 0 0 0 0 0 0 0 0 0 0 0 0 0 0 0 0 0 0 0 0 0 0 0 0 0 0 0 0 0 0 0 0 0 0 0 0 0 0 0 0 0 0 0 0 0 0 0 0 0 0 0 0 0 0 0 0 0
12 18 18 24 4 20 17 19 9 8 24 11 21 25 26 17 13 2 20 18 28 9 23 21 23 6 11 0 21 15 2 22 2 20 14 2 27 1 18 3 23 24 9 6 23 23 12 2 6 25 22 12 24 25 6 2 13 28 15 27 28 21 1 10 20 20 23 17 19 6 7 28 18 27 11 15 22 23 21 16 16 24 2 1 29 17 22 18 22 18 12 6 20 27 19 24 21 18 16 1
0 0 0 0 0 0 0 0 0 0 0 0 0 0 0 0 0 0 0 0 0 0 0 0 0 0 0 0 0 0 0 0 0 0 0 0 0 0 0 0 0 0 0 0 0 0 0 0 0 0 0 0 0 0 0 0 0 0 0 0 0 0 0 0 0 0 0 0 0 0 0 0 0 0 0 0 0 0 0 0 0 0 0 0 0 0 0 0 0 0 0 0 0 0 0 0 0 0 0 0
10 7 18 19 15 11 8 14 1 26 24 17 15 27 19 23 10 24 24 9 5 10 7 4 19 16 14 27 25 15 28 5 10 12 21 7 0 22 1 28 21 22 26 16 0 8 21 11 28 22 8 20 28 28 5 12 28 10 13 27 3 5 14 23 12 5 14 15 1 28 18 4 10 11 18 2 29 7 16 12 12 24 11 7 24 12 1 24 22 19 24 7 10 3 21 6 1 7 7 22
0 0 0 0 0 0 0 0 0 0 0 0 0 0 0 0 0 0 0 0 0 0 0 0 0 0 0 0 0 0 0 0 0 0 0 0 0 0 0 0 0 0 0 0 0 0 0 0 0 0 0 0 0 0 0 0 0 0 0 0 0 0 0 0 0 0 0 0 0 0 0 0 0 0 0 0 0 0 0 0 0 0 0 0 0 0 0 0 0 0 0 0 0 0 0 0 0 0 0 0
25 13 17 27 29 1 3 8 2 24 27 12 12 12 17 4 11 28 18 21 17 3 22 21 0 29 21 25 27 18 29 21 17 23 27 8 27 4 6 25 22 21 29 19 19 27 12 16 20 12 5 21 10 20 11 10 19 18 4 1 15 20 19 15 12 24 23 10 10 11 6 18 17 11 27 0 12 7 27 26 14 5 19 16 0 5 5 28 15 4 3 13 6 3 17 6 12 7 9 26
0 0 0 0 0 0 0 0 0 0 0 0 0 0 0 0 0 0 0 0 0 0 0 0 0 0 0 0 0 0 0 0 0 0 0 0 0 0 0 0 0 0 0 0 0 0 0 0 0 0 0 0 0 0 0 0 0 0 0 0 0 0 0 0 0 0 0 0 0 0 0 0 0 0 0 0 0 0 0 0 0 0 0 0 0 0 0 0 0 0 0 0 0 0 0 0 0 0 0 0
17 5 10 8 25 10 17 23 16 6 22 25 21 7 20 13 27 12 25 14 15 24 26 20 6 27 15 17 8 8 21 16 29 22 22 23 28 22 21 1 6 4 7 18 6 18 22 13 7 11 21 9 17 10 27 19 10 4 10 7 7 9 26 9 8 11 28 22 11 7 3 3 26 29 3 21 16 4 8 18 25 21 1 20 3 26 29 16 29 6 28 29 5 4 28 4 2 26 28 26
0 0 0 0 0 0 0 0 0 0 0 0 0 0 0 0 0 0 0 0 0 0 0 0 0 0 0 0 0 0 0 0 0 0 0 0 0 0 0 0 0 0 0 0 0 0 0 0 0 0 0 0 0 0 0 0 0 0 0 0 0 0 0 0 0 0 0 0 0 0 0 0 0 0 0 0 0 0 0 0 0 0 0 0 0 0 0 0 0 0 0 0 0 0 0 0 0 0 0 0
13 3 1 26 10 6 9 22 0 23 3 26 16 26 14 28 16 0 20 6 19 18 7 28 24 9 17 8 10 21 1 10 3 4 19 27 10 3 12 17 10 15 2 12 19 20 11 5 5 16 17 3 29 16 28 5 29 16 6 20 3 16 2 11 3 8 7 25 19 9 17 15 2 12 7 20 13 25 15 12 26 15 12 27 20 19 25 25 17 7 27 3 16 15 15 26 11 13 15 23
0 0 0 0 0 0 0 0 0 0 0 0 0 0 0 0 0 0 0 0 0 0 0 0 0 0 0 0 0 0 0 0 0 0 0 0 0 0 0 0 0 0 0 0 0 0 0 0 0 0 0 0 0 0 0 0 0 0 0 0 0 0 0 0 0 0 0 0 0 0 0 0 0 0 0 0 0 0 0 0 0 0 0 0 0 0 0 0 0 0 0 0 0 0 0 0 0 0 0 0
20 16 1 7 13 18 14 23 4 26 14 8 5 22 15 1 16 3 20 24 4 17 12 24 26 21 6 26 26 13 13 11 26 25 25 16 18 18 9 21 24 27 10 24 5 15 5 14 7 5 2 19 18 0 2 16 5 2 5 8 29 19 8 6 3 0 20 11 23 18 26 28 18 2 5 19 17 1 4 12 10 19 18 1 17 26 15 16 5 3 3 25 16 13 15 15 17 0 21 10
0 0 0 0 0 0 0 0 0 0 0 0 0 0 0 0 0 0 0 0 0 0 0 0 0 0 0 0 0 0 0 0 0 0 0 0 0 0 0 0 0 0 0 0 0 0 0 0 0 0 0 0 0 0 0 0 0 0 0 0 0 0 0 0 0 0 0 0 0 0 0 0 0 0 0 0 0 0 0 0 0 0 0 0 0 0 0 0 0 0 0 0 0 0 0 0 0 0 0 0
3 7 23 11 23 14 9 26 20 12 21 29 28 28 8 17 15 0 19 20 13 7 12 25 22 3 15 17 17 29 0 1 21 14 14 15 19 15 26 4 27 16 8 0 0 20 28 6 7 28 3 3 18 22 16 13 18 5 26 27 0 16 1 21 13 29 25 10 21 13 8 8 6 27 19 27 10 6 20 1 4 6 14 22 28 22 22 6 28 17 29 2 19 23 28 6 20 26 16 8
0 0 0 0 0 0 0 0 0 0 0 0 0 0 0 0 0 0 0 0 0 0 0 0 0 0 0 0 0 0 0 0 0 0 0 0 0 0 0 0 0 0 0 0 0 0 0 0 0 0 0 0 0 0 0 0 0 0 0 0 0 0 0 0 0 0 0 0 0 0 0 0 0 0 0 0 0 0 0 0 0 0 0 0 0 0 0 0 0 0 0 0 0 0 0 0 0 0 0 0
8 26 27 13 23 1 1 5 20 24 20 23 14 24 14 22 24 19 1 3 17 21 2 3 8 21 14 21 5 0 22 26 6 20 27 23 7 2 20 0 8 15 9 9 11 29 5 16 19 13 9 13 14 27 25 26 5 22 26 27 22 24 18 18 2 18 20 27 7 21 16 16 6 27 4 10 17 5 21 3 23 29 26 22 19 0 17 10 26 23 17 13 20 10 5 29 21 11 12 22
0 0 0 0 0 0 0 0 0 0 0 0 0 0 0 0 0 0 0 0 0 0 0 0 0 0 0 0 0 0 0 0 0 0 0 0 0 0 0 0 0 0 0 0 0 0 0 0 0 0 0 0 0 0 0 0 0 0 0 0 0 0 0 0 0 0 0 0 0 0 0 0 0 0 0 0 0 0 0 0 0 0 0 0 0 0 0 0 0 0 0 0 0 0 0 0 0 0 0 0
12 20 5 11 8 28 11 2 17 15 5 10 11 2 20 28 17 12 10 19 7 13 0 16 12 13 29 22 9 13 3 13 14 16 26 25 24 10 12 12 25 23 9 15 27 8 19 14 26 3 14 2 10 15 6 19 28 15 2 28 29 19 22 13 17 0 16 13 20 21 6 17 25 6 23 29 10 16 13 16 25 27 11 1 1 20 16 13 28 8 17 24 18 9 20 19 15 6 25 22
0 0 0 0 0 0 0 0 0 0 0 0 0 0 0 0 0 0 0 0 0 0 0 0 0 0 0 0 0 0 0 0 0 0 0 0 0 0 0 0 0 0 0 0 0 0 0 0 0 0 0 0 0 0 0 0 0 0 0 0 0 0 0 0 0 0 0 0 0 0 0 0 0 0 0 0 0 0 0 0 0 0 0 0 0 0 0 0 0 0 0 0 0 0 0 0 0 0 0 0
14 28 17 0 8 3 18 17 1 8 22 7 15 6 20 2 14 12 7 6 3 16 28 6 14 5 23 0 28 16 29 8 18 12 1 6 23 22 26 20 26 2 28 18 16 12 26 1 23 24 8 17 2 5 1 25 27 21 27 14 28 0 4 16 14 1 5 26 14 25 26 25 0 14 9 22 1 17 7 17 17 6 23 25 22 11 27 9 6 1 15 6 29 26 11 18 0 24 27 15
0 0 0 0 0 0 0 0 0 0 0 0 0 0 0 0 0 0 0 0 0 0 0 0 0 0 0 0 0 0 0 0 0 0 0 0 0 0 0 0 0 0 0 0 0 0 0 0 0 0 0 0 0 0 0 0 0 0 0 0 0 0 0 0 0 0 0 0 0 0 0 0 0 0 0 0 0 0 0 0 0 0 0 0 0 0 0 0 0 0 0 0 0 0 0 0 0 0 0 0
7 3 15 7 14 0 25 28 24 23 1 16 13 18 0 21 20 13 23 19 12 23 17 28 19 3 7 10 3 7 11 3 13 10 14 29 18 3 8 17 20 28 4 22 28 6 4 28 6 27 15 7 27 21 25 20 20 15 18 29 18 22 8 27 26 3 5 28 20 11 10 7 12 9 3 28 16 20 17 23 26 20 28 16 16 10 19 9 13 22 18 20 17 5 25 12 16 20 19 15
0 0 0 0 0 0 0 0 0 0 0 0 0 0 0 0 0 0 0 0 0 0 0 0 0 0 0 0 0 0 0 0 0 0 0 0 0 0 0 0 0 0 0 0 0 0 0 0 0 0 0 0 0 0 0 0 0 0 0 0 0 0 0 0 0 0 0 0 0 0 0 0 0 0 0 0 0 0 0 0 0 0 0 0 0 0 0 0 0 0 0 0 0 0 0 0 0 0 0 0
0 27 24 15 15 26 20 28 9 10 23 7 7 23 5 23 4 16 14 12 25 21 5 21 25 4 28 11 23 0 25 26 15 0 19 7 5 17 29 13 14 8 13 18 16 20 27 19 6 15 25 27 13 16 0 13 13 19 9 3 0 21 21 18 13 18 8 2 20 8 23 16 0 28 5 11 15 9 26 3 16 29 24 24 9 9 27 28 11 5 12 3 0 27 15 14 14 5 23 12
0 0 0 0 0 0 0 0 0 0 0 0 0 0 0 0 0 0 0 0 0 0 0 0 0 0 0 0 0 0 0 0 0 0 0 0 0 0 0 0 0 0 0 0 0 0 0 0 0 0 0 0 0 0 0 0 0 0 0 0 0 0 0 0 0 0 0 0 0 0 0 0 0 0 0 0 0 0 0 0 0 0 0 0 0 0 0 0 0 0 0 0 0 0 0 0 0 0 0 0
20 17 17 15 2 16 6 10 11 24 1 21 18 16 5 26 29 4 26 12 12 2 1 20 5 10 28 9 17 7 18 2 1 14 23 18 10 7 8 17 9 29 0 10 6 10 18 11 0 16 0 24 28 7 13 25 29 17 28 26 24 28 26 15 13 13 11 28 6 23 19 17 13 11 17 25 12 25 20 2 11 25 20 13 8 7 25 13 2 4 29 0 28 15 13 3 7 5 10 25
0 0 0 0 0 0 0 0 0 0 0 0 0 0 0 0 0 0 0 0 0 0 0 0 0 0 0 0 0 0 0 0 0 0 0 0 0 0 0 0 0 0 0 0 0 0 0 0 0 0 0 0 0 0 0 0 0 0 0 0 0 0 0 0 0 0 0 0 0 0 0 0 0 0 0 0 0 0 0 0 0 0 0 0 0 0 0 0 0 0 0 0 0 0 0 0 0 0 0 0
10 22 18 21 13 26 3 11 8 26 20 29 17 27 2 8 29 22 23 8 9 8 16 0 12 25 7 7 24 14 2 2 6 24 25 14 28 13 24 1 25 20 17 28 8 7 4 2 7 8 1 19 8 0 22 0 12 4 27 25 27 20 17 0 0 5 4 23 24 4 10 8 2 25 10 13 28 1 4 27 13 20 14 27 17 10 19 15 27 7 15 10 18 29 3 28 14 19 0 26
0 0 0 0 0 0 0 0 0 0 0 0 0 0 0 0 0 0 0 0 0 0 0 0 0 0 0 0 0 0 0 0 0 0 0 0 0 0 0 0 0 0 0 0 0 0 0 0 0 0 0 0 0 0 0 0 0 0 0 0 0 0 0 0 0 0 0 0 0 0 0 0 0 0 0 0 0 0 0 0 0 0 0 0 0 0 0 0 0 0 0 0 0 0 0 0 0 0 0 0
15 10 28 13 0 22 2 16 7 21 24 21 20 15 22 3 23 14 27 28 24 12 6 28 27 11 27 23 12 2 10 11 5 5 6 7 1 23 28 2 7 3 6 3 14 17 15 26 19 2 28 2 14 11 6 8 25 14 4 24 8 21 1 20 23 5 18 9 19 0 29 2 18 23 0 11 14 25 14 1 5 14 6 18 7 24 29 3 25 26 12 28 3 6 6 16 25 5 17 3
0 0 0 0 0 0 0 0 0 0 0 0 0 0 0 0 0 0 0 0 0 0 0 0 0 0 0 0 0 0 0 0 0 0 0 0 0 0 0 0 0 0 0 0 0 0 0 0 0 0 0 0 0 0 0 0 0 0 0 0 0 0 0 0 0 0 0 0 0 0 0 0 0 0 0 0 0 0 0 0 0 0 0 0 0 0 0 0 0 0 0 0 0 0 0 0 0 0 0 0
21 29 28 19 27 22 2 16 2 21 5 29 4 7 28 9 29 25 22 2 12 17 11 8 24 21 10 19 18 15 7 8 4 5 15 19 7 25 26 13 21 9 4 24 6 16 21 12 29 8 11 20 4 25 23 22 18 2 0 11 7 12 7 9 1 28 0 25 25 10 10 11 28 5 28 11 4 27 25 21 2 20 11 27 15 9 1 3 25 9 3 2 21 5 19 17 14 5 4 12
0 0 0 0 0 0 0 0 0 0 0 0 0 0 0 0 0 0 0 0 0 0 0 0 0 0 0 0 0 0 0 0 0 0 0 0 0 0 0 0 0 0 0 0 0 0 0 0 0 0 0 0 0 0 0 0 0 0 0 0 0 0 0 0 0 0 0 0 0 0 0 0 0 0 0 0 0 0 0 0 0 0 0 0 0 0 0 0 0 0 0 0 0 0 0 0 0 0 0 0
7 14 15 5 25 9 28 25 15 11 6 19 29 27 22 28 19 3 1 11 21 26 18 19 18 26 11 11 23 21 11 19 6 17 12 21 15 5 18 9 1 10 14 24 28 13 16 23 3 1 1 12 23 29 23 20 26 20 16 2 16 14 13 21 12 9 13 22 12 19 2 14 9 0 16 5 5 2 2 6 15 25 20 26 28 6 18 4 3 26 6 15 5 21 19 6 18 26 28 28
0 0 0 0 0 0 0 0 0 0 0 0 0 0 0 0 0 0 0 0 0 0 0 0 0 0 0 0 0 0 0 0 0 0 0 0 0 0 0 0 0 0 0 0 0 0 0 0 0 0 0 0 0 0 0 0 0 0 0 0 0 0 0 0 0 0 0 0 0 0 0 0 0 0 0 0 0 0 0 0 0 0 0 0 0 0 0 0 0 0 0 0 0 0 0 0 0 0 0 0
5 9 12 13 28 19 13 26 28 11 0 4 11 7 17 19 21 12 29 5 3 29 0 1 8 25 17 15 27 10 18 26 5 22 2 5 28 25 6 10 1 3 6 28 7 3 14 6 26 15 27 28 6 18 4 24 23 19 25 22 23 17 27 6 7 10 27 9 6 8 10 22 14 5 28 24 28 9 17 12 21 0 19 26 13 23 16 11 18 4 18 2 23 16 17 7 5 3 22 16
0 0 0 0 0 0 0 0 0 0 0 0 0 0 0 0 0 0 0 0 0 0 0 0 0 0 0 0 0 0 0 0 0 0 0 0 0 0 0 0 0 0 0 0 0 0 0 0 0 0 0 0 0 0 0 0 0 0 0 0 0 0 0 0 0 0 0 0 0 0 0 0 0 0 0 0 0 0 0 0 0 0 0 0 0 0 0 0 0 0 0 0 0 0 0 0 0 0 0 0
5 21 16 24 24 12 3 0 20 26 19 24 8 10 2 26 25 13 13 4 21 18 1 5 23 13 3 6 23 25 23 2 27 4 19 27 6 14 24 11 25 22 0 0 27 15 5 13 11 22 5 9 8 28 6 20 26 3 13 27 3 20 4 24 25 14 24 1 5 10 17 12 29 27 8 23 28 19 29 6 15 24 16 27 17 22 1 0 11 15 25 23 17 16 18 7 13 28 24 27
0 0 0 0 0 0 0 0 0 0 0 0 0 0 0 0 0 0 0 0 0 0 0 0 0 0 0 0 0 0 0 0 0 0 0 0 0 0 0 0 0 0 0 0 0 0 0 0 0 0 0 0 0 0 0 0 0 0 0 0 0 0 0 0 0 0 0 0 0 0 0 0 0 0 0 0 0 0 0 0 0 0 0 0 0 0 0 0 0 0 0 0 0 0 0 0 0 0 0 0
9 14 10 21 13 5 17 0 21 27 17 20 14 11 19 21 10 10 6 3 8 23 0 12 15 21 5 16 28 14 11 23 3 8 26 7 28 12 8 22 4 14 6 9 18 7 20 1 16 22 6 4 4 15 12 9 8 24 11 6 5 8 9 0 3 18 15 5 22 24 12 4 25 0 3 24 12 24 1 18 10 4 1 1 12 23 6 10 11 5 9 28 24 27 13 29 16 8 25 14
0 0 0 0 0 0 0 0 0 0 0 0 0 0 0 0 0 0 0 0 0 0 0 0 0 0 0 0 0 0 0 0 0 0 0 0 0 0 0 0 0 0 0 0 0 0 0 0 0 0 0 0 0 0 0 0 0 0 0 0 0 0 0 0 0 0 0 0 0 0 0 0 0 0 0 0 0 0 0 0 0 0 0 0 0 0 0 0 0 0 0 0 0 0 0 0 0 0 0 0
24 27 29 8 21 2 12 12 27 22 7 8 12 28 23 23 8 1 0 6 19 9 19 7 14 26 21 9 25 8 29 9 11 9 7 9 23 4 25 10 23 9 24 2 18 14 7 2 7 16 2 2 0 8 29 11 13 7 13 25 14 8 5 14 1 4 2 23 4 6 3 11 1 3 15 26 26 8 11 11 20 10 23 27 1 21 2 9 26 19 4 23 10 21 17 9 17 5 1 5
0 0 0 0 0 0 0 0 0 0 0 0 0 0 0 0 0 0 0 0 0 0 0 0 0 0 0 0 0 0 0 0 0 0 0 0 0 0 0 0 0 0 0 0 0 0 0 0 0 0 0 0 0 0 0 0 0 0 0 0 0 0 0 0 0 0 0 0 0 0 0 0 0 0 0 0 0 0 0 0 0 0 0 0 0 0 0 0 0 0 0 0 0 0 0 0 0 0 0 0
8 12 10 14 15 9 0 5 21 11 0 27 29 17 15 26 2 22 19 16 14 14 24 20 9 3 6 13 21 12 25 17 7 18 8 6 0 17 19 4 29 19 14 19 22 29 28 7 13 22 8 3 17 0 28 14 24 7 3 14 6 23 21 12 22 24 10 9 15 15 3 1 12 21 27 10 18 24 23 27 6 11 29 23 26 25 20 24 10 12 13 15 15 26 16 17 16 16 20 16
