100 100
0 0 0 0 0 0 0 0 0 0 0 0 0 0 0 0 0 0 0 0 0 0 0 0 0 0 0 0 0 0 0 0 0 0 0 0 0 0 0 0 0 0 0 0 0 0 0 0 0 0 0 0 0 0 0 0 0 0 0 0 0 0 0 0 0 0 0 0 0 0 0 0 0 0 0 0 0 0 0 0 0 0 0 0 0 0 0 0 0 0 0 0 0 0 0 0 0 0 0 0
14 13 4 15 19 28 6 29 26 12 9 26 2 20 6 9 4 3 16 12 9 20 5 21 16 17 13 7 8 23 21 13 12 25 22 10 1 16 11 17 3 29 25 11 17 23 23 16 16 16 15 3 14 7 4 27 22 26 21 9 18 1 21 17 6 28 12 15 20 1 17 20 16 7 4 6 25 9 5 21 14 12 7 20 26 18 21 8 14 29 5 1 28 21 20 22 24 1 15 16
0 0 0 0 0 0 0 0 0 0 0 0 0 0 0 0 0 0 0 0 0 0 0 0 0 0 0 0 0 0 0 0 0 0 0 0 0 0 0 0 0 0 0 0 0 0 0 0 0 0 0 0 0 0 0 0 0 0 0 0 0 0 0 0 0 0 0 0 0 0 0 0 0 0 0 0 0 0 0 0 0 0 0 0 0 0 0 0 0 0 0 0 0 0 0 0 0 0 0 0
13 16 28 29 13 0 5 0 21 0 25 27 18 26 6 29 13 8 3 21 10 25 0 0 6 10 5 0 25 10 13 26 0 18 6 17 16 21 9 4 14 6 3 6 3 24 5 7 0 7 19 3 28 0 4 22 26 10 10 11 19 8 10 18 2 11 2 21 16 14 29 23 10 15 7 19 8 29 22 26 28 18 19 20 3 2 9 13 4 5 23 0 19 19 28 27 14 16 18 6
0 0 0 0 0 0 0 0 0 0 0 0 0 0 0 0 0 0 0 0 0 0 0 0 0 0 0 0 0 0 0 0 0 0 0 0 0 0 0 0 0 0 0 0 0 0 0 0 0 0 0 0 0 0 0 0 0 0 0 0 0 0 0 0 0 0 0 0 0 0 0 0 0 0 0 0 0 0 0 0 0 0 0 0 0 0 0 0 0 0 0 0 0 0 0 0 0 0 0 0
26 18 6 0 12 25 26 9 21 22 21 27 29 29 13 1 27 7 14 8 14 12 5 27 16 9 13 12 2 1 2 17 28 14 8 25 9 1 18 1 7 5 29 8 13 26 7 27 8 15 15 0 20 10 7 6 14 12 26 16 29 0 3 13 19 28 15 9 1 10 27 20 11 2 13 14 17 1 26 13 16 28 28 2 14 15 2 23 20 22 2 28 6 23 11 10 24 24 15 21
0 0 0 0 0 0 0 0 0 0 0 0 0 0 0 0 0 0 0 0 0 0 0 0 0 0 0 0 0 0 0 0 0 0 0 0 0 0 0 0 0 0 0 0 0 0 0 0 0 0 0 0 0 0 0 0 0 0 0 0 0 0 0 0 0 0 0 0 0 0 0 0 0 0 0 0 0 0 0 0 0 0 0 0 0 0 0 0 0 0 0 0 0 0 0 0 0 0 0 0
22 22 28 9 11 19 19 28 4 4 27 18 26 28 28 23 19 24 10 19 5 25 27 18 10 18 8 17 23 25 19 10 19 20 23 17 22 16 7 29 9 1 2 3 22 29 27 9 10 5 13 14 3 3 15 11 17 21 15 15 27 26 4 15 24 6 12 10 5 20 11 16 16 24 21 27 17 17 9 12 16 4 23 12 8 23 1 16 21 1 11 21 13 5 6 9 3 20 20 13
0 0 0 0 0 0 0 0 0 0 0 0 0 0 0 0 0 0 0 0 0 0 0 0 0 0 0 0 0 0 0 0 0 0 0 0 0 0 0 0 0 0 0 0 0 0 0 0 0 0 0 0 0 0 0 0 0 0 0 0 0 0 0 0 0 0 0 0 0 0 0 0 0 0 0 0 0 0 0 0 0 0 0 0 0 0 0 0 0 0 0 0 0 0 0 0 0 0 0 0
18 1 1 13 22 0 18 13 8 19 3 20 17 15 14 1 10 17 1 28 27 12 28 15 19 29 19 23 26 24 6 9 13 13 11 3 24 15 28 22 0 15 4 22 5 0 29 0 19 27 21 4 12 11 0 3 15 26 29 16 28 24 28 23 11 0 17 26 10 22 3 16 23 15 28 22 11 1 10 13 11 19 4 7 2 29 7 23 16 0 2 19 23 10 8 16 7 6 2 16
0 0 0 0 0 0 0 0 0 0 0 0 0 0 0 0 0 0 0 0 0 0 0 0 0 0 0 0 0 0 0 0 0 0 0 0 0 0 0 0 0 0 0 0 0 0 0 0 0 0 0 0 0 0 0 0 0 0 0 0 0 0 0 0 0 0 0 0 0 0 0 0 0 0 0 0 0 0 0 0 0 0 0 0 0 0 0 0 0 0 0 0 0 0 0 0 0 0 0 0
21 10 17 16 15 11 27 12 24 23 23 23 12 9 12 10 26 18 23 27 19 25 15 0 22 7 8 21 12 17 17 10 27 1 17 23 21 17 13 18 22 28 28 12 22 27 27 25 3 6 8 4 1 21 7 12 22 29 12 7 27 5 11 11 3 11 20 22 14 8 14 23 24 9 2 7 15 27 8 15 27 1 18 4 17 6 0 16 2 25 15 1 2 28 24 4 14 23 28 28
0 0 0 0 0 0 0 0 0 0 0 0 0 0 0 0 0 0 0 0 0 0 0 0 0 0 0 0 0 0 0 0 0 0 0 0 0 0 0 0 0 0 0 0 0 0 0 0 0 0 0 0 0 0 0 0 0 0 0 0 0 0 0 0 0 0 0 0 0 0 0 0 0 0 0 0 0 0 0 0 0 0 0 0 0 0 0 0 0 0 0 0 0 0 0 0 0 0 0 0
15 29 21 23 27 19 29 7 15 6 0 8 17 21 5 0 19 9 16 13 2 0 4 8 19 18 13 0 24 24 7 20 16 2 5 27 4 0 13 23 20 9 18 8 6 5 13 5 25 6 10 2 0 16 9 20 27 0 14 23 1 26 7 21 18 22 14 1 25 24 0 10 24 18 9 26 22 17 4 8 8 0 24 22 14 17 10 4 25 14 23 29 6 28 4 3 10 5 20 28
0 0 0 0 0 0 0 0 0 0 0 0 0 0 0 0 0 0 0 0 0 0 0 0 0 0 0 0 0 0 0 0 0 0 0 0 0 0 0 0 0 0 0 0 0 0 0 0 0 0 0 0 0 0 0 0 0 0 0 0 0 0 0 0 0 0 0 0 0 0 0 0 0 0 0 0 0 0 0 0 0 0 0 0 0 0 0 0 0 0 0 0 0 0 0 0 0 0 0 0
18 23 14 25 18 14 0 29 23 9 15 0 21 4 0 28 18 2 0 19 3 22 25 1 4 0 10 19 12 21 4 15 22 13 4 1 9 5 16 15 14 27 19 0 28 0 11 0 14 6 17 18 6 16 28 29 10 6 7 4 14 28 18 23 0 21 23 26 8 29 8 16 10 27 12 23 22 22 16 19 21 21 25 24 15 22 4 28 3 4 9 19 27 18 14 27 5 12 18 1
0 0 0 0 0 0 0 0 0 0 0 0 0 0 0 0 0 0 0 0 0 0 0 0 0 0 0 0 0 0 0 0 0 0 0 0 0 0 0 0 0 0 0 0 0 0 0 0 0 0 0 0 0 0 0 0 0 0 0 0 0 0 0 0 0 0 0 0 0 0 0 0 0 0 0 0 0 0 0 0 0 0 0 0 0 0 0 0 0 0 0 0 0 0 0 0 0 0 0 0
27 0 21 11 8 29 20 29 10 11 3 6 2 26 11 20 26 6 15 15 3 26 22 29 24 29 1 28 27 28 7 1 10 22 9 10 21 1 4 23 20 2 23 28 4 15 3 29 14 22 4 17 10 12 24 29 8 3 3 17 7 0 6 3 28 28 10 12 7 5 16 19 20 27 25 0 17 2 27 13 10 25 22 29 7 4 8 14 23 21 13 4 24 18 20 0 8 26 4 21
0 0 0 0 0 0 0 0 0 0 0 0 0 0 0 0 0 0 0 0 0 0 0 0 0 0 0 0 0 0 0 0 0 0 0 0 0 0 0 0 0 0 0 0 0 0 0 0 0 0 0 0 0 0 0 0 0 0 0 0 0 0 0 0 0 0 0 0 0 0 0 0 0 0 0 0 0 0 0 0 0 0 0 0 0 0 0 0 0 0 0 0 0 0 0 0 0 0 0 0
8 5 18 10 17 5 28 25 5 15 0 9 24 11 15 5 7 1 1 10 27 21 15 24 8 18 1 21 26 15 22 17 11 23 28 24 29 22 6 4 19 6 11 17 12 15 13 6 21 3 29 12 28 12 19 20 7 18 15 7 9 2 25 9 11 28 1 1 6 2 16 4 20 21 18 9 13 9 2 8 7 11 22 0 16 7 2 5 12 20 9 4 24 9 3 8 8 14 26 7
0 0 0 0 0 0 0 0 0 0 0 0 0 0 0 0 0 0 0 0 0 0 0 0 0 0 0 0 0 0 0 0 0 0 0 0 0 0 0 0 0 0 0 0 0 0 0 0 0 0 0 0 0 0 0 0 0 0 0 0 0 0 0 0 0 0 0 0 0 0 0 0 0 0 0 0 0 0 0 0 0 0 0 0 0 0 0 0 0 0 0 0 0 0 0 0 0 0 0 0
20 29 22 8 27 24 29 6 26 10 21 9 13 26 23 1 21 2 16 28 8 9 15 19 25 4 8 24 5 15 9 21 4 15 14 10 15 21 4 11 6 15 29 20 13 6 4 27 19 29 17 12 13 27 18 16 27 21 2 29 7 7 10 27 29 26 3 21 8 25 21 24 18 22 8 2 5 1 9 13 28 15 14 22 6 25 18 12 27 16 8 14 14 28 5 3 25 24 13 14
0 0 0 0 0 0 0 0 0 0 0 0 0 0 0 0 0 0 0 0 0 0 0 0 0 0 0 0 0 0 0 0 0 0 0 0 0 0 0 0 0 0 0 0 0 0 0 0 0 0 0 0 0 0 0 0 0 0 0 0 0 0 0 0 0 0 0 0 0 0 0 0 0 0 0 0 0 0 0 0 0 0 0 0 0 0 0 0 0 0 0 0 0 0 0 0 0 0 0 0
18 0 19 1 22 18 16 20 23 3 27 2 16 1 19 19 10 0 7 1 15 14 16 11 17 15 3 19 10 11 18 16 24 24 27 5 0 21 23 5 4 0 8 6 17 25 12 0 24 2 2 14 26 11 12 9 7 29 22 20 28 14 16 0 13 5 17 22 17 7 29 23 3 11 2 6 1 28 22 3 2 3 15 8 25 7 25 27 24 14 12 3 24 23 4 9 29 3 27 1
0 0 0 0 0 0 0 0 0 0 0 0 0 0 0 0 0 0 0 0 0 0 0 0 0 0 0 0 0 0 0 0 0 0 0 0 0 0 0 0 0 0 0 0 0 0 0 0 0 0 0 0 0 0 0 0 0 0 0 0 0 0 0 0 0 0 0 0 0 0 0 0 0 0 0 0 0 0 0 0 0 0 0 0 0 0 0 0 0 0 0 0 0 0 0 0 0 0 0 0
8 29 5 26 15 26 22 22 18 28 11 9 18 13 26 9 0 1 0 10 7 21 21 11 18 9 13 8 29 20 8 21 27 5 0 24 26 17 24 15 15 1 8 5 25 14 4 10 5 29 21 29 8 26 21 11 8 13 29 27 18 16 24 15 25 9 10 26 9 8 13 29 1 29 17 24 4 15 22 7 13 12 12 16 12 25 9 11 21 1 24 23 10 12 13 10 9 7 11 28
0 0 0 0 0 0 0 0 0 0 0 0 0 0 0 0 0 0 0 0 0 0 0 0 0 0 0 0 0 0 0 0 0 0 0 0 0 0 0 0 0 0 0 0 0 0 0 0 0 0 0 0 0 0 0 0 0 0 0 0 0 0 0 0 0 0 0 0 0 0 0 0 0 0 0 0 0 0 0 0 0 0 0 0 0 0 0 0 0 0 0 0 0 0 0 0 0 0 0 0
20 13 25 7 12 2 8 1 28 8 23 3 1 27 6 18 8 28 16 27 13 27 23 2 25 16 18 15 9 3 8 20 4 0 14 10 27 22 24 24 7 28 5 24 22 6 21 27 16 13 13 18 13 2 10 8 24 1 19 5 4 6 25 26 22 3 25 27 27 5 25 4 0 13 10 13 6 14 17 18 19 24 12 24 4 26 11 0 24 25 22 20 29 6 10 20 24 8 16 21
0 0 0 0 0 0 0 0 0 0 0 0 0 0 0 0 0 0 0 0 0 0 0 0 0 0 0 0 0 0 0 0 0 0 0 0 0 0 0 0 0 0 0 0 0 0 0 0 0 0 0 0 0 0 0 0 0 0 0 0 0 0 0 0 0 0 0 0 0 0 0 0 0 0 0 0 0 0 0 0 0 0 0 0 0 0 0 0 0 0 0 0 0 0 0 0 0 0 0 0
12 6 16 13 19 10 4 11 22 5 14 21 25 22 23 24 12 0 11 7 8 21 24 11 0 10 18 7 19 1 10 6 15 11 21 18 25 5 7 8 5 26 3 9 25 1 15 7 14 16 26 21 21 27 12 12 11 22 15 21 21 27 7 25 10 11 10 17 21 4 2 21 7 25 23 21 18 8 16 28 11 1 20 8 29 12 8 29 23 29 28 21 17 20 23 10 16 7 16 19
0 0 0 0 0 0 0 0 0 0 0 0 0 0 0 0 0 0 0 0 0 0 0 0 0 0 0 0 0 0 0 0 0 0 0 0 0 0 0 0 0 0 0 0 0 0 0 0 0 0 0 0 0 0 0 0 0 0 0 0 0 0 0 0 0 0 0 0 0 0 0 0 0 0 0 0 0 0 0 0 0 0 0 0 0 0 0 0 0 0 0 0 0 0 0 0 0 0 0 0
3 14 5 10 15 2 16 16 1 0 20 8 8 19 10 23 24 16 24 3 1 23 19 4 4 8 23 1 20 7 27 25 12 21 16 18 25 15 14 3 8 17 26 27 11 2 24 10 1 20 8 17 24 12 24 4 4 13 19 17 16 9 25 6 10 12 9 27 26 22 21 10 13 21 24 4 18 4 28 8 3 2 28 7 3 14 22 15 14 21 15 9 13 26 23 23 24 12 21 26
0 0 0 0 0 0 0 0 0 0 0 0 0 0 0 0 0 0 0 0 0 0 0 0 0 0 0 0 0 0 0 0 0 0 0 0 0 0 0 0 0 0 0 0 0 0 0 0 0 0 0 0 0 0 0 0 0 0 0 0 0 0 0 0 0 0 0 0 0 0 0 0 0 0 0 0 0 0 0 0 0 0 0 0 0 0 0 0 0 0 0 0 0 0 0 0 0 0 0 0
10 25 4 0 20 20 8 27 12 0 7 0 22 23 3 7 22 20 15 1 9 6 11 4 4 5 7 20 7 9 24 22 26 18 1 24 5 2 21 3 10 8 12 17 19 11 26 24 29 20 13 14 29 26 4 29 25 26 5 18 5 24 4 26 19 22 18 1 4 2 24 12 17 29 17 6 29 24 21 4 3 9 5 7 27 0 5 0 16 26 6 21 9 8 15 15 21 3 4 28
0 0 0 0 0 0 0 0 0 0 0 0 0 0 0 0 0 0 0 0 0 0 0 0 0 0 0 0 0 0 0 0 0 0 0 0 0 0 0 0 0 0 0 0 0 0 0 0 0 0 0 0 0 0 0 0 0 0 0 0 0 0 0 0 0 0 0 0 0 0 0 0 0 0 0 0 0 0 0 0 0 0 0 0 0 0 0 0 0 0 0 0 0 0 0 0 0 0 0 0
0 26 25 5 3 22 14 28 18 2 14 26 17 22 21 10 10 18 22 1 20 27 12 25 18 28 5 2 7 3 28 24 10 9 16 11 24 19 8 8 7 7 12 15 25 3 5 12 4 12 23 20 20 15 4 23 6 1 7 16 22 22 28 4 1 29 23 20 28 13 11 24 3 14 9 14 18 14 4 21 23 24 9 4 5 10 4 12 2 1 28 11 9 8 22 29 19 3 9 28
0 0 0 0 0 0 0 0 0 0 0 0 0 0 0 0 0 0 0 0 0 0 0 0 0 0 0 0 0 0 0 0 0 0 0 0 0 0 0 0 0 0 0 0 0 0 0 0 0 0 0 0 0 0 0 0 0 0 0 0 0 0 0 0 0 0 0 0 0 0 0 0 0 0 0 0 0 0 0 0 0 0 0 0 0 0 0 0 0 0 0 0 0 0 0 0 0 0 0 0
7 21 29 21 4 12 13 0 15 19 3 7 10 20 12 1 16 2 2 1 23 1 15 8 26 3 2 26 14 13 12 14 21 0 24 11 17 13 19 2 28 24 22 13 14 16 20 21 3 7 29 25 5 25 2 0 1 13 4 27 25 18 4 4 10 7 11 23 7 2 25 5 8 28 25 2 22 12 14 6 6 13 3 20 11 7 11 8 21 0 20 9 15 12 24 29 0 14 16 25
0 0 0 0 0 0 0 0 0 0 0 0 0 0 0 0 0 0 0 0 0 0 0 0 0 0 0 0 0 0 0 0 0 0 0 0 0 0 0 0 0 0 0 0 0 0 0 0 0 0 0 0 0 0 0 0 0 0 0 0 0 0 0 0 0 0 0 0 0 0 0 0 0 0 0 0 0 0 0 0 0 0 0 0 0 0 0 0 0 0 0 0 0 0 0 0 0 0 0 0
24 9 27 1 10 8 3 20 7 6 24 10 12 25 9 10 19 27 25 25 27 21 10 7 5 20 26 18 27 0 25 23 10 2 2 5 20 8 0 27 5 10 24 16 22 19 7 3 16 15 4 28 13 18 4 28 17 26 5 2 28 21 28 13 0 29 9 1 11 25 8 26 4 27 1 2 12 4 23 14 17 27 14 18 26 14 24 9 11 21 23 2 14 9 9 28 23 18 28 7
0 0 0 0 0 0 0 0 0 0 0 0 0 0 0 0 0 0 0 0 0 0 0 0 0 0 0 0 0 0 0 0 0 0 0 0 0 0 0 0 0 0 0 0 0 0 0 0 0 0 0 0 0 0 0 0 0 0 0 0 0 0 0 0 0 0 0 0 0 0 0 0 0 0 0 0 0 0 0 0 0 0 0 0 0 0 0 0 0 0 0 0 0 0 0 0 0 0 0 0
11 29 21 17 17 11 22 3 29 15 18 13 14 19 16 2 13 26 28 3 17 15 24 11 2 2 19 26 8 29 23 6 23 0 2 1 15 16 10 14 2 18 0 26 6 5 6 6 18 26 0 1 13 4 5 28 10 18 27 16 19 17 6 9 6 10 17 9 24 14 11 2 27 1 7 15 5 29 13 5 18 6 2 11 21 2 4 24 8 25 6 25 1 22 25 0 20 13 8 20
0 0 0 0 0 0 0 0 0 0 0 0 0 0 0 0 0 0 0 0 0 0 0 0 0 0 0 0 0 0 0 0 0 0 0 0 0 0 0 0 0 0 0 0 0 0 0 0 0 0 0 0 0 0 0 0 0 0 0 0 0 0 0 0 0 0 0 0 0 0 0 0 0 0 0 0 0 0 0 0 0 0 0 0 0 0 0 0 0 0 0 0 0 0 0 0 0 0 0 0
29 19 23 0 5 25 18 19 26 28 29 17 26 3 27 16 27 9 18 7 29 15 18 25 7 11 11 11 24 3 12 5 17 23 8 21 21 11 7 16 18 2 10 22 16 18 2 24 19 21 7 14 26 20 29 8 25 1 9 29 8 29 12 19 24 20 18 16 27 13 0 11 9 29 17 27 1 13 6 20 5 20 29 2 29 15 14 4 20 20 5 26 7 5 4 19 28 15 8 28
0 0 0 0 0 0 0 0 0 0 0 0 0 0 0 0 0 0 0 0 0 0 0 0 0 0 0 0 0 0 0 0 0 0 0 0 0 0 0 0 0 0 0 0 0 0 0 0 0 0 0 0 0 0 0 0 0 0 0 0 0 0 0 0 0 0 0 0 0 0 0 0 0 0 0 0 0 0 0 0 0 0 0 0 0 0 0 0 0 0 0 0 0 0 0 0 0 0 0 0
18 16 18 4 16 1 10 21 14 23 29 6 2 29 15 24 15 4 3 27 12 16 15 11 0 14 24 9 12 28 4 17 3 16 22 28 4 22 21 28 19 4 25 17 17 10 21 29 25 26 16 20 20 6 20 17 27 7 17 26 28 1 8 2 28 11 22 18 3 18 19 27 12 12 15 12 13 29 9 18 6 10 18 4 16 15 24 23 1 16 1 22 2 10 26 19 27 1 24 7
0 0 0 0 0 0 0 0 0 0 0 0 0 0 0 0 0 0 0 0 0 0 0 0 0 0 0 0 0 0 0 0 0 0 0 0 0 0 0 0 0 0 0 0 0 0 0 0 0 0 0 0 0 0 0 0 0 0 0 0 0 0 0 0 0 0 0 0 0 0 0 0 0 0 0 0 0 0 0 0 0 0 0 0 0 0 0 0 0 0 0 0 0 0 0 0 0 0 0 0
2 1 17 14 24 7 16 13 16 0 6 16 12 5 3 28 19 15 3 10 27 27 12 23 24 25 1 8 15 26 4 20 20 14 4 22 18 27 23 29 27 15 16 3 25 2 4 16 14 19 14 11 15 25 26 16 5 28 10 24 5 22 8 24 13 3 22 9 25 6 8 0 10 22 7 10 18 5 27 1 25 3 7 7 18 27 20 6 9 1 29 24 20 27 4 6 2 2 15 16
0 0 0 0 0 0 0 0 0 0 0 0 0 0 0 0 0 0 0 0 0 0 0 0 0 0 0 0 0 0 0 0 0 0 0 0 0 0 0 0 0 0 0 0 0 0 0 0 0 0 0 0 0 0 0 0 0 0 0 0 0 0 0 0 0 0 0 0 0 0 0 0 0 0 0 0 0 0 0 0 0 0 0 0 0 0 0 0 0 0 0 0 0 0 0 0 0 0 0 0
20 17 5 14 3 5 0 17 0 1 16 6 15 29 12 24 27 3 11 11 7 20 24 20 10 4 0 10 7 29 3 24 25 12 22 16 14 22 26 14 2 25 16 12 5 17 24 5 2 4 1 19 16 11 11 18 19 15 25 7 11 24 20 15 22 22 3 12 10 2 27 8 2 5 5 20 10 19 24 6 2 2 2 21 21 3 25 19 21 21 12 4 25 17 19 21 2 22 26 2
0 0 0 0 0 0 0 0 0 0 0 0 0 0 0 0 0 0 0 0 0 0 0 0 0 0 0 0 0 0 0 0 0 0 0 0 0 0 0 0 0 0 0 0 0 0 0 0 0 0 0 0 0 0 0 0 0 0 0 0 0 0 0 0 0 0 0 0 0 0 0 0 0 0 0 0 0 0 0 0 0 0 0 0 0 0 0 0 0 0 0 0 0 0 0 0 0 0 0 0
13 27 5 28 23 2 7 4 4 11 26 19 29 9 10 13 6 14 4 7 18 23 16 10 7 28 24 11 28 14 15 14 19 0 24 8 17 6 17 17 15 13 4 15 0 23 24 8 23 3 28 11 28 21 3 18 28 15 5 19 28 8 27 17 13 4 22 4 23 1 2 19 10 19 12 9 4 22 13 17 12 25 0 10 9 13 23 7 6 10 10 12 13 4 5 17 2 26 25 21
0 0 0 0 0 0 0 0 0 0 0 0 0 0 0 0 0 0 0 0 0 0 0 0 0 0 0 0 0 0 0 0 0 0 0 0 0 0 0 0 0 0 0 0 0 0 0 0 0 0 0 0 0 0 0 0 0 0 0 0 0 0 0 0 0 0 0 0 0 0 0 0 0 0 0 0 0 0 0 0 0 0 0 0 0 0 0 0 0 0 0 0 0 0 0 0 0 0 0 0
28 19 12 28 0 24 12 19 1 10 9 1 19 25 20 25 27 28 21 16 12 14 2 25 14 22 23 1 22 23 15 3 24 19 9 9 9 18 29 5 6 21 6 3 8 16 27 13 24 27 4 24 21 9 5 11 17 23 3 5 14 13 5 21 28 27 15 19 26 15 20 4 5 3 0 6 11 26 28 11 8 8 19 18 13 23 13 27 8 7 6 22 24 17 28 5 28 22 16 1
0 0 0 0 0 0 0 0 0 0 0 0 0 0 0 0 0 0 0 0 0 0 0 0 0 0 0 0 0 0 0 0 0 0 0 0 0 0 0 0 0 0 0 0 0 0 0 0 0 0 0 0 0 0 0 0 0 0 0 0 0 0 0 0 0 0 0 0 0 0 0 0 0 0 0 0 0 0 0 0 0 0 0 0 0 0 0 0 0 0 0 0 0 0 0 0 0 0 0 0
28 25 7 6 29 25 16 23 22 4 12 6 13 20 14 2 23 20 20 28 24 13 18 7 17 16 11 21 21 15 29 6 17 6 16 16 9 7 2 24 15 10 29 0 9 3 21 5 28 10 26 3 5 19 27 13 14 16 14 5 14 16 13 22 14 24 2 11 11 17 22 6 29 27 9 22 23 3 24 10 24 22 4 5 15 0 12 11 7 10 24 15 23 25 10 15 20 5 25 4
0 0 0 0 0 0 0 0 0 0 0 0 0 0 0 0 0 0 0 0 0 0 0 0 0 0 0 0 0 0 0 0 0 0 0 0 0 0 0 0 0 0 0 0 0 0 0 0 0 0 0 0 0 0 0 0 0 0 0 0 0 0 0 0 0 0 0 0 0 0 0 0 0 0 0 0 0 0 0 0 0 0 0 0 0 0 0 0 0 0 0 0 0 0 0 0 0 0 0 0
26 1 11 21 5 17 10 1 0 2 11 10 18 15 21 10 0 10 25 10 11 28 7 12 5 20 12 8 9 20 5 2 21 23 7 25 10 27 22 12 2 28 5 26 19 17 10 1 9 1 10 3 15 2 27 9 3 21 17 11 26 19 3 4 0 19 5 15 6 22 7 6 12 7 29 14 1 29 3 1 16 2 20 8 18 18 29 6 23 8 26 23 28 17 25 3 4 5 17 0
0 0 0 0 0 0 0 0 0 0 0 0 0 0 0 0 0 0 0 0 0 0 0 0 0 0 0 0 0 0 0 0 0 0 0 0 0 0 0 0 0 0 0 0 0 0 0 0 0 0 0 0 0 0 0 0 0 0 0 0 0 0 0 0 0 0 0 0 0 0 0 0 0 0 0 0 0 0 0 0 0 0 0 0 0 0 0 0 0 0 0 0 0 0 0 0 0 0 0 0
7 8 25 22 7 9 22 1 10 7 2 9 2 3 25 10 6 5 29 14 20 29 4 19 29 8 29 13 28 12 25 10 4 28 25 11 13 17 19 27 21 9 18 26 6 9 12 20 23 7 3 11 5 25 29 28 7 5 8 19 14 20 20 21 2 12 2 12 15 29 22 1 9 25 27 5 23 17 15 23 10 3 29 27 12 22 15 25 5 18 5 5 1 13 10 6 11 15 6 0
0 0 0 0 0 0 0 0 0 0 0 0 0 0 0 0 0 0 0 0 0 0 0 0 0 0 0 0 0 0 0 0 0 0 0 0 0 0 0 0 0 0 0 0 0 0 0 0 0 0 0 0 0 0 0 0 0 0 0 0 0 0 0 0 0 0 0 0 0 0 0 0 0 0 0 0 0 0 0 0 0 0 0 0 0 0 0 0 0 0 0 0 0 0 0 0 0 0 0 0
5 2 7 23 7 13 27 1 29 17 14 2 0 27 2 15 7 12 28 26 22 28 16 27 4 21 10 9 8 7 27 15 14 1 24 8 20 19 17 13 12 4 8 2 15 24 19 6 9 3 13 12 17 19 19 0 15 24 16 9 14 25 18 22 17 22 6 13 18 5 15 21 24 5 11 28 6 10 0 14 27 21 10 29 24 28 12 17 26 4 8 29 27 0 25 4 12 15 12 21
0 0 0 0 0 0 0 0 0 0 0 0 0 0 0 0 0 0 0 0 0 0 0 0 0 0 0 0 0 0 0 0 0 0 0 0 0 0 0 0 0 0 0 0 0 0 0 0 0 0 0 0 0 0 0 0 0 0 0 0 0 0 0 0 0 0 0 0 0 0 0 0 0 0 0 0 0 0 0 0 0 0 0 0 0 0 0 0 0 0 0 0 0 0 0 0 0 0 0 0
5 16 20 24 1 17 22 22 22 9 29 2 18 18 3 8 9 7 27 26 14 13 13 4 24 8 18 16 20 19 2 7 4 0 2 2 3 9 15 3 27 4 28 22 19 2 19 11 22 13 11 5 28 21 7 25 22 1 8 11 6 15 14 7 16 14 7 9 5 23 12 3 26 14 0 2 8 27 16 27 23 0 15 17 20 18 12 19 11 0 13 23 12 19 9 10 9 29 20 24
0 0 0 0 0 0 0 0 0 0 0 0 0 0 0 0 0 0 0 0 0 0 0 0 0 0 0 0 0 0 0 0 0 0 0 0 0 0 0 0 0 0 0 0 0 0 0 0 0 0 0 0 0 0 0 0 0 0 0 0 0 0 0 0 0 0 0 0 0 0 0 0 0 0 0 0 0 0 0 0 0 0 0 0 0 0 0 0 0 0 0 0 0 0 0 0 0 0 0 0
26 2 18 22 18 21 29 7 21 8 13 7 10 0 27 26 17 9 13 3 24 19 15 19 2 16 7 16 8 27 17 4 9 28 1 29 5 26 21 25 21 9 25 17 19 9 9 11 14 8 19 3 4 23 27 11 25 18 22 9 8 0 0 19 24 27 19 19 15 13 17 28 27 18 15 6 28 11 10 5 22 10 5 4 25 10 5 20 28 7 10 16 1 3 20 26 22 17 3 22
0 0 0 0 0 0 0 0 0 0 0 0 0 0 0 0 0 0 0 0 0 0 0 0 0 0 0 0 0 0 0 0 0 0 0 0 0 0 0 0 0 0 0 0 0 0 0 0 0 0 0 0 0 0 0 0 0 0 0 0 0 0 0 0 0 0 0 0 0 0 0 0 0 0 0 0 0 0 0 0 0 0 0 0 0 0 0 0 0 0 0 0 0 0 0 0 0 0 0 0
21 18 24 2 29 5 5 18 13 29 4 17 11 28 2 27 23 17 22 14 28 13 24 0 6 13 8 27 17 26 17 0 4 15 4 8 16 8 11 12 20 26 19 6 13 15 25 27 5 28 24 6 16 24 7 21 20 18 5 11 20 24 15 2 9 6 17 18 29 9 17 10 5 18 8 27 13 24 27 25 8 27 17 9 22 14 1 1 29 7 23 4 6 5 24 28 23 7 4 13
0 0 0 0 0 0 0 0 0 0 0 0 0 0 0 0 0 0 0 0 0 0 0 0 0 0 0 0 0 0 0 0 0 0 0 0 0 0 0 0 0 0 0 0 0 0 0 0 0 0 0 0 0 0 0 0 0 0 0 0 0 0 0 0 0 0 0 0 0 0 0 0 0 0 0 0 0 0 0 0 0 0 0 0 0 0 0 0 0 0 0 0 0 0 0 0 0 0 0 0
10 4 17 29 22 16 3 1 26 29 23 22 23 25 16 22 6 27 26 3 7 22 14 23 21 19 26 13 0 2 15 25 22 26 19 26 26 24 4 14 21 5 14 17 19 0 9 14 5 20 6 25 1 13 20 13 2 4 18 9 24 3 0 19 19 21 13 18 2 28 6 17 10 4 26 3 14 5 27 29 0 1 14 16 4 18 15 29 15 15 16 8 10 14 2 28 12 18 8 14
0 0 0 0 0 0 0 0 0 0 0 0 0 0 0 0 0 0 0 0 0 0 0 0 0 0 0 0 0 0 0 0 0 0 0 0 0 0 0 0 0 0 0 0 0 0 0 0 0 0 0 0 0 0 0 0 0 0 0 0 0 0 0 0 0 0 0 0 0 0 0 0 0 0 0 0 0 0 0 0 0 0 0 0 0 0 0 0 0 0 0 0 0 0 0 0 0 0 0 0
0 28 12 28 22 27 17 3 22 10 2 6 17 15 24 4 1 7 28 24 5 0 12 7 25 22 13 17 28 7 27 3 27 8 14 1 8 20 7 19 22 12 18 27 15 17 28 17 15 14 7 24 21 19 15 7 27 25 3 21 23 29 0 25 4 24 16 13 16 18 23 12 11 5 24 17 19 15 1 28 28 14 4 26 5 2 13 28 23 1 17 6 24 8 11 29 11 13 20 19
0 0 0 0 0 0 0 0 0 0 0 0 0 0 0 0 0 0 0 0 0 0 0 0 0 0 0 0 0 0 0 0 0 0 0 0 0 0 0 0 0 0 0 0 0 0 0 0 0 0 0 0 0 0 0 0 0 0 0 0 0 0 0 0 0 0 0 0 0 0 0 0 0 0 0 0 0 0 0 0 0 0 0 0 0 0 0 0 0 0 0 0 0 0 0 0 0 0 0 0
12 15 15 1 11 29 26 22 7 7 6 28 2 7 23 5 14 5 9 24 14 12 7 19 0 29 29 27 29 3 2 21 29 14 11 29 5 0 4 12 12 14 29 23 2 24 5 26 3 9 3 12 12 10 27 28 21 4 8 23 14 25 25 3 22 3 14 11 12 0 4 15 25 5 14 23 17 4 10 4 26 19 21 12 4 18 16 0 26 22 8 26 1 10 24 0 16 21 11 6
0 0 0 0 0 0 0 0 0 0 0 0 0 0 0 0 0 0 0 0 0 0 0 0 0 0 0 0 0 0 0 0 0 0 0 0 0 0 0 0 0 0 0 0 0 0 0 0 0 0 0 0 0 0 0 0 0 0 0 0 0 0 0 0 0 0 0 0 0 0 0 0 0 0 0 0 0 0 0 0 0 0 0 0 0 0 0 0 0 0 0 0 0 0 0 0 0 0 0 0
12 24 15 20 24 8 24 15 5 25 18 12 2 7 12 11 29 11 23 7 8 23 14 13 19 12 5 26 1 16 24 19 26 0 26 19 16 4 29 25 23 9 7 11 19 20 0 0 19 19 28 16 23 10 8 7 2 27 24 18 23 1 11 28 22 17 7 20 6 23 11 0 18 0 1 14 18 26 9 26 7 7 7 10 20 1 14 9 25 10 22 21 22 10 17 6 7 1 16 18
0 0 0 0 0 0 0 0 0 0 0 0 0 0 0 0 0 0 0 0 0 0 0 0 0 0 0 0 0 0 0 0 0 0 0 0 0 0 0 0 0 0 0 0 0 0 0 0 0 0 0 0 0 0 0 0 0 0 0 0 0 0 0 0 0 0 0 0 0 0 0 0 0 0 0 0 0 0 0 0 0 0 0 0 0 0 0 0 0 0 0 0 0 0 0 0 0 0 0 0
6 7 26 21 24 14 17 28 18 1 13 14 3 29 16 16 7 12 15 13 27 18 21 10 0 15 28 8 14 1 3 23 6 12 3 5 10 4 10 7 25 15 15 12 18 3 26 11 23 27 17 18 6 13 23 0 25 10 22 15 17 5 19 20 25 14 17 3 23 9 17 24 6 18 8 3 1 3 7 15 29 6 11 13 29 4 15 4 25 23 24 0 21 29 3 20 28 21 24 16
0 0 0 0 0 0 0 0 0 0 0 0 0 0 0 0 0 0 0 0 0 0 0 0 0 0 0 0 0 0 0 0 0 0 0 0 0 0 0 0 0 0 0 0 0 0 0 0 0 0 0 0 0 0 0 0 0 0 0 0 0 0 0 0 0 0 0 0 0 0 0 0 0 0 0 0 0 0 0 0 0 0 0 0 0 0 0 0 0 0 0 0 0 0 0 0 0 0 0 0
29 11 4 12 2 2 20 21 20 25 21 11 1 13 15 27 22 15 17 23 24 1 24 12 27 0 17 2 18 21 24 5 0 17 9 22 15 27 23 29 16 5 3 14 5 20 29 19 24 0 11 19 20 11 18 16 7 18 1 29 17 27 13 2 29 25 29 25 19 14 2 23 25 12 3 21 24 20 4 4 26 25 10 21 28 7 21 25 29 6 19 15 13 29 16 12 3 11 2 28
0 0 0 0 0 0 0 0 0 0 0 0 0 0 0 0 0 0 0 0 0 0 0 0 0 0 0 0 0 0 0 0 0 0 0 0 0 0 0 0 0 0 0 0 0 0 0 0 0 0 0 0 0 0 0 0 0 0 0 0 0 0 0 0 0 0 0 0 0 0 0 0 0 0 0 0 0 0 0 0 0 0 0 0 0 0 0 0 0 0 0 0 0 0 0 0 0 0 0 0
0 3 15 18 18 14 16 3 10 25 12 9 26 26 7 7 13 8 17 20 29 4 28 21 28 23 8 16 7 29 24 24 18 10 26 27 28 10 8 11 25 19 13 27 9 5 12 9 20 22 7 29 17 29 22 22 0 11 12 19 0 21 4 28 29 5 20 19 26 19 5 8 13 10 6 25 15 0 25 10 3 29 17 17 19 3 25 5 5 15 17 18 6 10 4 19 11 8 17 23
0 0 0 0 0 0 0 0 0 0 0 0 0 0 0 0 0 0 0 0 0 0 0 0 0 0 0 0 0 0 0 0 0 0 0 0 0 0 0 0 0 0 0 0 0 0 0 0 0 0 0 0 0 0 0 0 0 0 0 0 0 0 0 0 0 0 0 0 0 0 0 0 0 0 0 0 0 0 0 0 0 0 0 0 0 0 0 0 0 0 0 0 0 0 0 0 0 0 0 0
12 27 26 23 5 24 14 13 21 25 14 21 22 11 3 7 1 0 26 4 25 19 4 26 13 0 17 21 20 15 11 25 8 28 19 19 11 21 10 16 20 11 5 12 8 12 24 8 21 22 22 3 4 27 4 2 14 10 27 19 26 6 17 22 16 12 11 20 24 23 24 23 25 26 11 21 26 27 18 29 23 5 13 26 22 27 4 13 18 29 20 8 5 12 8 9 0 15 22 25
0 0 0 0 0 0 0 0 0 0 0 0 0 0 0 0 0 0 0 0 0 0 0 0 0 0 0 0 0 0 0 0 0 0 0 0 0 0 0 0 0 0 0 0 0 0 0 0 0 0 0 0 0 0 0 0 0 0 0 0 0 0 0 0 0 0 0 0 0 0 0 0 0 0 0 0 0 0 0 0 0 0 0 0 0 0 0 0 0 0 0 0 0 0 0 0 0 0 0 0
29 11 0 23 12 13 1 21 21 4 21 28 5 16 13 3 0 5 25 5 15 3 19 19 3 14 26 13 14 10 28 13 3 1 20 11 23 25 23 14 25 18 26 19 27 14 7 7 23 6 5 19 8 8 14 25 18 28 15 23 15 27 20 15 26 16 28 8 28 29 9 23 6 2 29 1 19 21 29 28 18 26 10 25 14 24 1 20 15 9 27 14 2 21 8 10 14 5 17 17
0 0 0 0 0 0 0 0 0 0 0 0 0 0 0 0 0 0 0 0 0 0 0 0 0 0 0 0 0 0 0 0 0 0 0 0 0 0 0 0 0 0 0 0 0 0 0 0 0 0 0 0 0 0 0 0 0 0 0 0 0 0 0 0 0 0 0 0 0 0 0 0 0 0 0 0 0 0 0 0 0 0 0 0 0 0 0 0 0 0 0 0 0 0 0 0 0 0 0 0
3 28 0 7 18 24 8 26 26 16 13 3 23 11 18 1 3 11 15 21 19 13 16 27 28 14 0 29 3 6 19 0 8 12 16 5 9 22 6 17 21 15 3 12 3 13 8 18 16 8 18 16 23 0 5 15 7 9 23 15 17 11 20 26 12 2 17 28 27 16 5 11 9 2 16 25 0 12 5 11 28 29 18 8 13 8 19 5 29 16 5 22 24 18 24 28 20 5 8 3
0 0 0 0 0 0 0 0 0 0 0 0 0 0 0 0 0 0 0 0 0 0 0 0 0 0 0 0 0 0 0 0 0 0 0 0 0 0 0 0 0 0 0 0 0 0 0 0 0 0 0 0 0 0 0 0 0 0 0 0 0 0 0 0 0 0 0 0 0 0 0 0 0 0 0 0 0 0 0 0 0 0 0 0 0 0 0 0 0 0 0 0 0 0 0 0 0 0 0 0
4 2 4 15 14 21 3 23 8 20 21 0 17 19 8 1 3 24 24 19 23 6 28 29 26 15 4 1 7 27 7 17 6 10 26 22 10 14 6 15 3 14 8 16 3 14 29 12 24 6 2 0 24 7 29 16 1 5 27 13 5 3 20 28 3 10 6 23 6 0 7 5 12 16 18 27 1 1 25 8 21 29 3 1 19 2 25 3 19 16 18 24 13 25 14 17 8 9 26 6
0 0 0 0 0 0 0 0 0 0 0 0 0 0 0 0 0 0 0 0 0 0 0 0 0 0 0 0 0 0 0 0 0 0 0 0 0 0 0 0 0 0 0 0 0 0 0 0 0 0 0 0 0 0 0 0 0 0 0 0 0 0 0 0 0 0 0 0 0 0 0 0 0 0 0 0 0 0 0 0 0 0 0 0 0 0 0 0 0 0 0 0 0 0 0 0 0 0 0 0
19 7 22 15 17 15 20 6 6 18 8 22 22 3 26 3 26 9 10 27 13 3 12 18 7 25 28 2 12 23 16 20 17 12 10 0 14 24 15 27 25 19 21 29 2 7 20 15 17 23 16 27 20 8 14 7 8 18 10 13 10 12 4 9 3 6 15 20 0 5 21 1 5 3 28 11 24 15 1 18 18 20 3 19 9 12 3 0 13 28 8 5 6 4 11 2 26 19 27 28
0 0 0 0 0 0 0 0 0 0 0 0 0 0 0 0 0 0 0 0 0 0 0 0 0 0 0 0 0 0 0 0 0 0 0 0 0 0 0 0 0 0 0 0 0 0 0 0 0 0 0 0 0 0 0 0 0 0 0 0 0 0 0 0 0 0 0 0 0 0 0 0 0 0 0 0 0 0 0 0 0 0 0 0 0 0 0 0 0 0 0 0 0 0 0 0 0 0 0 0
6 28 4 27 4 24 21 9 2 13 17 7 25 8 5 15 16 7 20 17 4 22 2 17 18 7 12 25 19 3 23 11 12 21 6 8 14 9 4 6 21 9 4 24 12 3 4 4 15 18 18 21 14 0 28 21 19 17 10 1 14 0 29 20 27 14 17 13 2 5 22 29 0 23 27 10 29 11 4 28 13 23 11 11 15 23 21 15 10 24 21 3 11 2 14 12 6 0 14 16
0 0 0 0 0 0 0 0 0 0 0 0 0 0 0 0 0 0 0 0 0 0 0 0 0 0 0 0 0 0 0 0 0 0 0 0 0 0 0 0 0 0 0 0 0 0 0 0 0 0 0 0 0 0 0 0 0 0 0 0 0 0 0 0 0 0 0 0 0 0 0 0 0 0 0 0 0 0 0 0 0 0 0 0 0 0 0 0 0 0 0 0 0 0 0 0 0 0 0 0
25 8 1 8 15 8 4 15 14 22 18 16 19 15 7 2 4 19 22 20 14 13 10 23 19 20 7 2 15 18 6 0 25 1 3 25 15 2 15 20 25 16 19 24 0 16 13 17 2 16 29 12 23 14 13 26 29 25 19 21 24 0 9 8 23 3 15 2 21 23 3 23 7 26 10 22 16 7 19 19 19 6 8 18 15 2 4 28 2 27 4 11 2 5 19 17 18 21 20 5
0 0 0 0 0 0 0 0 0 0 0 0 0 0 0 0 0 0 0 0 0 0 0 0 0 0 0 0 0 0 0 0 0 0 0 0 0 0 0 0 0 0 0 0 0 0 0 0 0 0 0 0 0 0 0 0 0 0 0 0 0 0 0 0 0 0 0 0 0 0 0 0 0 0 0 0 0 0 0 0 0 0 0 0 0 0 0 0 0 0 0 0 0 0 0 0 0 0 0 0
17 22 13 3 9 4 27 5 19 20 11 23 24 7 12 23 26 14 20 12 2 9 26 17 20 19 9 17 28 16 16 3 1 23 29 21 12 4 5 10 17 27 18 9 2 24 19 10 8 10 17 24 22 13 23 12 9 2 1 18 16 26 9 18 10 28 1 11 16 26 16 27 8 26 22 6 25 0 23 8 19 26 11 23 24 5 23 27 24 12 15 8 5 8 14 25 9 1 26 2
0 0 0 0 0 0 0 0 0 0 0 0 0 0 0 0 0 0 0 0 0 0 0 0 0 0 0 0 0 0 0 0 0 0 0 0 0 0 0 0 0 0 0 0 0 0 0 0 0 0 0 0 0 0 0 0 0 0 0 0 0 0 0 0 0 0 0 0 0 0 0 0 0 0 0 0 0 0 0 0 0 0 0 0 0 0 0 0 0 0 0 0 0 0 0 0 0 0 0 0
4 16 18 8 16 1 8 16 17 15 3 16 19 5 20 18 8 9 10 5 23 19 22 11 15 24 11 24 11 9 20 28 10 16 16 6 24 23 8 27 5 2 25 5 16 28 1 22 12 17 14 7 0 20 16 26 16 0 2 9 16 14 7 15 16 14 26 19 9 9 14 24 17 5 17 11 8 23 21 0 1 6 14 22 26 17 21 25 21 23 28 8 15 12 19 24 12 26 24 16
