100 100
0 0 0 0 0 0 0 0 0 0 0 0 0 0 0 0 0 0 0 0 0 0 0 0 0 0 0 0 0 0 0 0 0 0 0 0 0 0 0 0 0 0 0 0 0 0 0 0 0 0 0 0 0 0 0 0 0 0 0 0 0 0 0 0 0 0 0 0 0 0 0 0 0 0 0 0 0 0 0 0 0 0 0 0 0 0 0 0 0 0 0 0 0 0 0 0 0 0 0 0
28 2 27 10 25 24 26 15 1 13 18 11 20 19 19 28 25 16 22 8 7 12 8 24 12 18 26 21 16 28 7 26 9 24 4 11 5 6 12 15 14 26 17 17 8 29 22 11 28 20 6 26 20 28 6 22 27 18 17 9 16 21 13 3 17 14 7 11 27 2 26 19 21 16 13 26 28 25 7 13 24 23 2 7 28 10 22 18 21 1 16 3 21 0 19 20 25 25 28 5
0 0 0 0 0 0 0 0 0 0 0 0 0 0 0 0 0 0 0 0 0 0 0 0 0 0 0 0 0 0 0 0 0 0 0 0 0 0 0 0 0 0 0 0 0 0 0 0 0 0 0 0 0 0 0 0 0 0 0 0 0 0 0 0 0 0 0 0 0 0 0 0 0 0 0 0 0 0 0 0 0 0 0 0 0 0 0 0 0 0 0 0 0 0 0 0 0 0 0 0
26 25 22 24 17 25 15 10 21 13 23 4 14 27 28 4 6 5 16 28 8 29 23 18 3 9 2 10 27 1 3 7 24 11 20 24 9 8 13 6 25 13 24 14 23 15 10 27 23 11 21 3 29 7 29 29 19 6 29 11 10 0 0 10 23 15 29 0 6 3 3 16 4 5 22 28 5 15 22 28 21 11 25 28 21 19 15 14 24 23 21 0 19 22 7 6 22 2 5 14
0 0 0 0 0 0 0 0 0 0 0 0 0 0 0 0 0 0 0 0 0 0 0 0 0 0 0 0 0 0 0 0 0 0 0 0 0 0 0 0 0 0 0 0 0 0 0 0 0 0 0 0 0 0 0 0 0 0 0 0 0 0 0 0 0 0 0 0 0 0 0 0 0 0 0 0 0 0 0 0 0 0 0 0 0 0 0 0 0 0 0 0 0 0 0 0 0 0 0 0
20 29 14 9 9 13 24 16 22 6 0 23 16 18 16 19 23 12 13 6 29 8 13 16 16 17 3 6 6 6 18 19 7 3 16 10 25 0 26 17 14 23 11 23 3 2 21 20 7 12 21 15 9 13 6 6 15 5 27 24 9 19 19 11 25 14 25 26 18 0 19 3 7 25 2 14 9 25 26 2 5 10 26 16 18 13 17 3 23 22 10 3 24 13 5 23 2 11 12 16
0 0 0 0 0 0 0 0 0 0 0 0 0 0 0 0 0 0 0 0 0 0 0 0 0 0 0 0 0 0 0 0 0 0 0 0 0 0 0 0 0 0 0 0 0 0 0 0 0 0 0 0 0 0 0 0 0 0 0 0 0 0 0 0 0 0 0 0 0 0 0 0 0 0 0 0 0 0 0 0 0 0 0 0 0 0 0 0 0 0 0 0 0 0 0 0 0 0 0 0
19 10 3 11 17 27 21 3 28 17 20 19 26 26 24 11 8 2 7 23 29 2 10 26 22 6 6 0 26 16 19 2 21 3 16 6 9 25 24 6 26 14 15 2 1 3 25 19 10 27 5 29 23 1 18 29 17 5 6 22 10 12 4 17 9 23 29 19 12 0 8 6 12 3 3 5 21 13 4 29 27 7 13 23 10 10 22 27 18 15 20 2 17 15 26 9 11 4 2 23
0 0 0 0 0 0 0 0 0 0 0 0 0 0 0 0 0 0 0 0 0 0 0 0 0 0 0 0 0 0 0 0 0 0 0 0 0 0 0 0 0 0 0 0 0 0 0 0 0 0 0 0 0 0 0 0 0 0 0 0 0 0 0 0 0 0 0 0 0 0 0 0 0 0 0 0 0 0 0 0 0 0 0 0 0 0 0 0 0 0 0 0 0 0 0 0 0 0 0 0
13 4 23 28 10 8 27 16 0 17 29 17 27 21 17 1 29 5 6 8 5 12 0 6 4 21 1 14 3 0 5 19 22 15 15 3 2 28 15 18 12 7 22 5 13 20 13 16 1 12 19 27 3 5 14 9 9 27 12 15 22 25 7 18 20 7 5 24 6 3 19 16 3 25 8 26 26 0 26 13 16 19 13 14 27 26 24 25 10 14 9 27 3 26 14 8 21 22 11 22
0 0 0 0 0 0 0 0 0 0 0 0 0 0 0 0 0 0 0 0 0 0 0 0 0 0 0 0 0 0 0 0 0 0 0 0 0 0 0 0 0 0 0 0 0 0 0 0 0 0 0 0 0 0 0 0 0 0 0 0 0 0 0 0 0 0 0 0 0 0 0 0 0 0 0 0 0 0 0 0 0 0 0 0 0 0 0 0 0 0 0 0 0 0 0 0 0 0 0 0
3 18 14 2 19 7 27 28 22 22 11 29 24 12 8 6 17 21 25 13 16 3 16 11 19 11 20 28 6 8 11 16 24 1 26 8 6 21 28 12 19 23 10 25 10 19 10 24 4 10 13 18 10 15 0 20 18 15 24 15 10 19 16 6 17 13 1 15 26 15 3 17 10 25 3 3 19 16 4 17 15 5 14 29 29 26 11 24 21 6 23 16 11 7 16 17 13 22 12 3
0 0 0 0 0 0 0 0 0 0 0 0 0 0 0 0 0 0 0 0 0 0 0 0 0 0 0 0 0 0 0 0 0 0 0 0 0 0 0 0 0 0 0 0 0 0 0 0 0 0 0 0 0 0 0 0 0 0 0 0 0 0 0 0 0 0 0 0 0 0 0 0 0 0 0 0 0 0 0 0 0 0 0 0 0 0 0 0 0 0 0 0 0 0 0 0 0 0 0 0
19 17 8 0 18 9 12 3 4 14 29 14 4 1 2 17 1 0 2 21 19 1 13 28 0 17 8 20 27 25 1 11 11 24 6 16 4 5 10 8 1 21 5 9 13 26 25 26 1 8 27 15 22 0 14 2 19 25 8 26 19 4 27 28 1 22 27 6 13 7 0 14 1 8 18 15 18 13 12 1 8 24 18 17 14 11 10 25 29 20 22 6 4 6 13 19 20 13 13 27
0 0 0 0 0 0 0 0 0 0 0 0 0 0 0 0 0 0 0 0 0 0 0 0 0 0 0 0 0 0 0 0 0 0 0 0 0 0 0 0 0 0 0 0 0 0 0 0 0 0 0 0 0 0 0 0 0 0 0 0 0 0 0 0 0 0 0 0 0 0 0 0 0 0 0 0 0 0 0 0 0 0 0 0 0 0 0 0 0 0 0 0 0 0 0 0 0 0 0 0
11 6 27 2 29 3 6 12 12 19 26 10 4 11 8 9 4 9 23 19 25 1 15 9 22 29 0 11 21 25 11 12 12 12 10 15 7 11 18 16 15 16 24 9 28 2 15 13 19 26 7 25 11 10 5 14 6 21 14 22 18 4 26 27 27 6 28 4 5 27 25 12 5 6 18 11 22 0 7 1 21 19 28 3 20 29 25 27 1 6 2 25 15 4 11 19 23 4 20 12
0 0 0 0 0 0 0 0 0 0 0 0 0 0 0 0 0 0 0 0 0 0 0 0 0 0 0 0 0 0 0 0 0 0 0 0 0 0 0 0 0 0 0 0 0 0 0 0 0 0 0 0 0 0 0 0 0 0 0 0 0 0 0 0 0 0 0 0 0 0 0 0 0 0 0 0 0 0 0 0 0 0 0 0 0 0 0 0 0 0 0 0 0 0 0 0 0 0 0 0
26 21 13 3 22 3 12 11 10 10 11 18 7 12 18 4 23 15 7 3 27 20 1 10 11 29 16 3 8 21 3 15 3 0 6 4 21 21 5 15 15 28 13 14 4 18 23 18 6 27 23 0 3 23 5 4 23 18 3 16 17 1 2 24 13 0 0 26 4 3 5 9 15 3 19 6 14 3 7 13 8 21 6 14 6 9 16 27 9 21 6 13 11 24 1 23 24 1 29 3
0 0 0 0 0 0 0 0 0 0 0 0 0 0 0 0 0 0 0 0 0 0 0 0 0 0 0 0 0 0 0 0 0 0 0 0 0 0 0 0 0 0 0 0 0 0 0 0 0 0 0 0 0 0 0 0 0 0 0 0 0 0 0 0 0 0 0 0 0 0 0 0 0 0 0 0 0 0 0 0 0 0 0 0 0 0 0 0 0 0 0 0 0 0 0 0 0 0 0 0
19 18 12 10 6 23 10 12 20 9 25 23 19 0 10 4 28 13 7 8 26 5 17 25 0 0 26 4 0 0 0 3 16 8 5 11 4 4 25 25 7 13 22 19 26 6 7 5 3 15 14 20 21 27 11 15 13 21 3 8 29 23 26 17 12 24 3 22 20 24 10 20 15 6 4 21 10 23 22 29 12 25 11 9 10 17 8 15 5 10 5 14 3 6 17 23 0 18 26 20
0 0 0 0 0 0 0 0 0 0 0 0 0 0 0 0 0 0 0 0 0 0 0 0 0 0 0 0 0 0 0 0 0 0 0 0 0 0 0 0 0 0 0 0 0 0 0 0 0 0 0 0 0 0 0 0 0 0 0 0 0 0 0 0 0 0 0 0 0 0 0 0 0 0 0 0 0 0 0 0 0 0 0 0 0 0 0 0 0 0 0 0 0 0 0 0 0 0 0 0
7 11 21 12 29 26 7 27 7 1 17 26 2 5 21 24 2 23 28 16 10 8 21 11 10 9 5 10 11 8 5 9 28 9 14 22 20 8 0 1 14 10 18 27 16 7 21 11 26 9 11 7 7 27 15 16 18 16 13 3 5 26 27 13 11 26 25 21 16 6 25 0 20 4 18 28 21 27 0 7 20 27 2 17 19 0 29 19 27 26 3 21 20 26 27 20 10 12 24 0
0 0 0 0 0 0 0 0 0 0 0 0 0 0 0 0 0 0 0 0 0 0 0 0 0 0 0 0 0 0 0 0 0 0 0 0 0 0 0 0 0 0 0 0 0 0 0 0 0 0 0 0 0 0 0 0 0 0 0 0 0 0 0 0 0 0 0 0 0 0 0 0 0 0 0 0 0 0 0 0 0 0 0 0 0 0 0 0 0 0 0 0 0 0 0 0 0 0 0 0
10 27 14 2 11 21 3 20 27 1 18 18 29 24 26 21 0 9 15 20 27 25 7 15 1 23 13 1 28 17 17 13 4 27 18 15 29 12 26 29 2 27 13 5 26 24 19 10 4 14 2 12 27 8 18 21 29 19 26 12 12 26 13 13 23 17 3 17 8 17 17 21 23 16 13 13 23 8 7 27 6 19 19 11 14 21 28 2 17 9 10 4 8 9 17 19 28 16 29 29
0 0 0 0 0 0 0 0 0 0 0 0 0 0 0 0 0 0 0 0 0 0 0 0 0 0 0 0 0 0 0 0 0 0 0 0 0 0 0 0 0 0 0 0 0 0 0 0 0 0 0 0 0 0 0 0 0 0 0 0 0 0 0 0 0 0 0 0 0 0 0 0 0 0 0 0 0 0 0 0 0 0 0 0 0 0 0 0 0 0 0 0 0 0 0 0 0 0 0 0
14 22 8 11 17 16 24 3 25 22 4 27 5 4 3 8 17 17 22 10 13 26 7 11 15 24 12 20 27 16 19 7 5 19 6 4 22 3 1 28 10 21 8 15 12 29 11 20 14 22 12 27 21 14 16 20 2 7 14 21 11 2 29 28 25 6 17 10 3 7 14 19 13 23 26 7 17 27 6 10 19 2 14 12 21 3 23 28 19 28 23 27 0 10 20 10 26 9 18 7
0 0 0 0 0 0 0 0 0 0 0 0 0 0 0 0 0 0 0 0 0 0 0 0 0 0 0 0 0 0 0 0 0 0 0 0 0 0 0 0 0 0 0 0 0 0 0 0 0 0 0 0 0 0 0 0 0 0 0 0 0 0 0 0 0 0 0 0 0 0 0 0 0 0 0 0 0 0 0 0 0 0 0 0 0 0 0 0 0 0 0 0 0 0 0 0 0 0 0 0
25 8 11 1 25 11 23 8 9 0 13 17 23 25 11 16 27 1 28 24 19 5 18 13 1 15 0 6 0 0 27 10 6 10 20 18 26 21 17 5 27 5 23 5 9 2 1 7 5 20 26 5 21 20 18 8 1 17 29 19 5 26 0 5 19 5 6 3 23 18 4 3 13 29 5 27 12 17 14 19 20 20 21 12 27 10 6 1 12 26 26 4 13 22 16 19 3 2 1 25
0 0 0 0 0 0 0 0 0 0 0 0 0 0 0 0 0 0 0 0 0 0 0 0 0 0 0 0 0 0 0 0 0 0 0 0 0 0 0 0 0 0 0 0 0 0 0 0 0 0 0 0 0 0 0 0 0 0 0 0 0 0 0 0 0 0 0 0 0 0 0 0 0 0 0 0 0 0 0 0 0 0 0 0 0 0 0 0 0 0 0 0 0 0 0 0 0 0 0 0
22 6 3 27 0 18 29 3 4 17 19 15 21 17 25 14 12 15 0 8 7 2 3 24 22 12 13 11 20 2 23 9 16 0 22 22 8 24 5 19 27 25 28 14 5 14 13 15 28 23 0 2 11 19 8 28 11 11 27 16 9 29 1 10 24 28 21 7 26 20 27 22 9 19 11 26 8 21 9 12 12 24 0 0 24 3 2 5 13 15 20 15 0 20 2 21 28 28 25 26
0 0 0 0 0 0 0 0 0 0 0 0 0 0 0 0 0 0 0 0 0 0 0 0 0 0 0 0 0 0 0 0 0 0 0 0 0 0 0 0 0 0 0 0 0 0 0 0 0 0 0 0 0 0 0 0 0 0 0 0 0 0 0 0 0 0 0 0 0 0 0 0 0 0 0 0 0 0 0 0 0 0 0 0 0 0 0 0 0 0 0 0 0 0 0 0 0 0 0 0
4 23 0 25 2 5 3 8 27 2 18 3 21 26 0 13 19 18 29 9 21 6 29 0 0 9 2 15 11 10 28 28 5 5 29 13 24 3 9 22 28 1 16 26 5 9 19 28 1 25 7 5 21 0 13 10 6 28 17 16 12 28 3 13 22 17 6 29 15 23 7 22 16 8 9 17 7 7 24 21 16 22 19 20 27 14 20 23 8 11 18 11 27 23 16 9 11 19 1 7
0 0 0 0 0 0 0 0 0 0 0 0 0 0 0 0 0 0 0 0 0 0 0 0 0 0 0 0 0 0 0 0 0 0 0 0 0 0 0 0 0 0 0 0 0 0 0 0 0 0 0 0 0 0 0 0 0 0 0 0 0 0 0 0 0 0 0 0 0 0 0 0 0 0 0 0 0 0 0 0 0 0 0 0 0 0 0 0 0 0 0 0 0 0 0 0 0 0 0 0
11 14 25 24 14 5 28 12 25 4 2 7 9 29 16 11 18 6 24 28 25 17 17 3 13 20 11 5 11 29 28 11 12 19 29 2 24 8 15 4 6 16 0 22 24 18 24 5 13 13 22 3 7 12 24 1 1 19 3 8 5 19 8 8 15 24 27 13 19 4 2 28 21 2 8 9 28 27 11 5 18 21 16 11 27 15 1 1 21 13 0 24 8 19 12 24 27 0 7 9
0 0 0 0 0 0 0 0 0 0 0 0 0 0 0 0 0 0 0 0 0 0 0 0 0 0 0 0 0 0 0 0 0 0 0 0 0 0 0 0 0 0 0 0 0 0 0 0 0 0 0 0 0 0 0 0 0 0 0 0 0 0 0 0 0 0 0 0 0 0 0 0 0 0 0 0 0 0 0 0 0 0 0 0 0 0 0 0 0 0 0 0 0 0 0 0 0 0 0 0
27 19 8 9 7 18 22 4 2 26 13 16 16 3 4 1 16 28 19 1 5 26 25 13 8 27 9 10 13 19 21 1 5 14 8 15 10 6 12 2 24 27 22 12 2 1 3 14 9 22 21 9 6 18 16 6 13 25 16 1 7 19 13 10 18 8 10 7 20 26 5 10 1 26 0 20 2 1 9 15 24 15 7 29 21 11 27 23 10 23 0 24 19 16 15 16 20 15 4 16
0 0 0 0 0 0 0 0 0 0 0 0 0 0 0 0 0 0 0 0 0 0 0 0 0 0 0 0 0 0 0 0 0 0 0 0 0 0 0 0 0 0 0 0 0 0 0 0 0 0 0 0 0 0 0 0 0 0 0 0 0 0 0 0 0 0 0 0 0 0 0 0 0 0 0 0 0 0 0 0 0 0 0 0 0 0 0 0 0 0 0 0 0 0 0 0 0 0 0 0
9 24 12 15 7 25 5 14 27 4 26 16 21 29 25 14 27 21 19 5 26 16 4 10 0 28 3 13 8 7 24 11 5 4 11 10 9 17 7 23 18 5 13 18 25 5 3 20 19 22 14 3 25 8 23 23 25 7 2 3 3 3 2 1 26 6 22 29 12 22 14 29 21 20 7 20 1 18 6 28 1 13 26 10 4 28 22 8 29 22 7 16 21 28 11 9 3 3 16 19
0 0 0 0 0 0 0 0 0 0 0 0 0 0 0 0 0 0 0 0 0 0 0 0 0 0 0 0 0 0 0 0 0 0 0 0 0 0 0 0 0 0 0 0 0 0 0 0 0 0 0 0 0 0 0 0 0 0 0 0 0 0 0 0 0 0 0 0 0 0 0 0 0 0 0 0 0 0 0 0 0 0 0 0 0 0 0 0 0 0 0 0 0 0 0 0 0 0 0 0
10 8 28 7 15 26 8 15 18 10 9 21 29 22 5 3 14 13 15 1 2 27 2 11 1 12 16 6 19 29 25 28 24 29 6 24 21 11 10 18 8 14 14 18 8 0 26 21 27 24 28 23 28 27 13 20 2 22 11 16 3 2 7 14 1 27 21 18 23 17 15 8 4 12 5 18 7 20 12 19 28 8 25 6 23 21 17 8 20 4 0 10 13 28 4 16 19 9 11 2
0 0 0 0 0 0 0 0 0 0 0 0 0 0 0 0 0 0 0 0 0 0 0 0 0 0 0 0 0 0 0 0 0 0 0 0 0 0 0 0 0 0 0 0 0 0 0 0 0 0 0 0 0 0 0 0 0 0 0 0 0 0 0 0 0 0 0 0 0 0 0 0 0 0 0 0 0 0 0 0 0 0 0 0 0 0 0 0 0 0 0 0 0 0 0 0 0 0 0 0
19 28 19 22 17 20 8 2 4 4 5 29 24 25 25 7 13 23 0 21 17 8 9 5 23 21 5 23 3 16 12 12 16 24 3 17 25 16 9 7 8 0 3 12 19 12 11 19 20 23 8 21 26 14 21 10 0 25 25 23 6 2 1 11 17 1 4 24 10 14 21 9 2 2 6 2 14 22 21 26 18 24 29 29 28 2 13 20 7 10 4 10 26 12 12 21 19 17 22 23
0 0 0 0 0 0 0 0 0 0 0 0 0 0 0 0 0 0 0 0 0 0 0 0 0 0 0 0 0 0 0 0 0 0 0 0 0 0 0 0 0 0 0 0 0 0 0 0 0 0 0 0 0 0 0 0 0 0 0 0 0 0 0 0 0 0 0 0 0 0 0 0 0 0 0 0 0 0 0 0 0 0 0 0 0 0 0 0 0 0 0 0 0 0 0 0 0 0 0 0
1 10 19 5 8 2 13 7 18 29 23 27 1 17 28 16 18 24 9 14 1 24 26 13 4 10 15 3 8 20 19 21 15 0 11 1 17 7 13 6 7 24 13 6 3 28 26 12 12 10 17 11 12 27 3 3 2 24 24 10 18 20 13 23 13 8 3 28 25 19 16 2 5 5 6 10 25 0 15 15 5 19 11 29 21 26 6 18 28 6 10 20 29 8 5 28 9 11 28 10
0 0 0 0 0 0 0 0 0 0 0 0 0 0 0 0 0 0 0 0 0 0 0 0 0 0 0 0 0 0 0 0 0 0 0 0 0 0 0 0 0 0 0 0 0 0 0 0 0 0 0 0 0 0 0 0 0 0 0 0 0 0 0 0 0 0 0 0 0 0 0 0 0 0 0 0 0 0 0 0 0 0 0 0 0 0 0 0 0 0 0 0 0 0 0 0 0 0 0 0
9 12 26 5 9 28 15 23 10 13 1 6 12 5 22 17 11 29 11 27 10 4 28 10 10 18 16 19 1 5 28 13 22 29 11 15 4 6 15 0 17 23 16 21 17 23 22 1 20 4 0 17 19 20 0 10 7 16 6 11 11 3 15 13 16 28 22 15 23 13 3 18 16 2 1 25 5 28 21 16 1 29 26 11 11 8 20 7 26 4 19 17 17 0 22 13 0 27 1 7
0 0 0 0 0 0 0 0 0 0 0 0 0 0 0 0 0 0 0 0 0 0 0 0 0 0 0 0 0 0 0 0 0 0 0 0 0 0 0 0 0 0 0 0 0 0 0 0 0 0 0 0 0 0 0 0 0 0 0 0 0 0 0 0 0 0 0 0 0 0 0 0 0 0 0 0 0 0 0 0 0 0 0 0 0 0 0 0 0 0 0 0 0 0 0 0 0 0 0 0
26 26 10 2 13 14 5 3 10 8 22 20 12 2 6 18 12 27 12 25 0 12 3 1 19 2 21 3 29 6 22 10 23 5 15 21 1 29 18 2 3 21 0 24 21 21 12 2 23 27 19 11 7 0 25 12 3 17 23 7 11 12 14 10 12 29 17 9 21 3 0 23 15 0 29 11 17 2 8 1 7 3 6 28 18 18 23 22 1 12 26 11 24 1 10 7 13 22 15 27
0 0 0 0 0 0 0 0 0 0 0 0 0 0 0 0 0 0 0 0 0 0 0 0 0 0 0 0 0 0 0 0 0 0 0 0 0 0 0 0 0 0 0 0 0 0 0 0 0 0 0 0 0 0 0 0 0 0 0 0 0 0 0 0 0 0 0 0 0 0 0 0 0 0 0 0 0 0 0 0 0 0 0 0 0 0 0 0 0 0 0 0 0 0 0 0 0 0 0 0
26 6 11 9 22 4 19 15 4 4 21 12 0 2 11 17 26 9 13 8 7 18 20 22 14 7 2 17 24 16 19 9 26 1 6 21 2 11 15 17 12 5 19 27 19 14 2 3 7 17 24 24 8 9 20 13 2 7 8 0 21 7 21 26 25 22 25 11 6 10 13 23 9 9 2 13 29 7 3 17 8 6 1 2 3 14 20 13 22 23 16 13 12 17 11 20 11 7 2 8
0 0 0 0 0 0 0 0 0 0 0 0 0 0 0 0 0 0 0 0 0 0 0 0 0 0 0 0 0 0 0 0 0 0 0 0 0 0 0 0 0 0 0 0 0 0 0 0 0 0 0 0 0 0 0 0 0 0 0 0 0 0 0 0 0 0 0 0 0 0 0 0 0 0 0 0 0 0 0 0 0 0 0 0 0 0 0 0 0 0 0 0 0 0 0 0 0 0 0 0
17 25 7 16 16 6 0 1 8 22 21 18 16 16 20 10 15 15 28 11 20 29 1 23 3 1 6 0 14 2 2 10 2 28 19 16 6 4 6 18 11 6 2 16 2 23 13 27 18 2 11 7 23 13 28 27 2 12 13 15 14 9 23 27 18 3 6 6 29 27 9 5 13 29 22 20 12 19 21 25 12 7 3 3 18 7 10 17 11 6 0 23 19 26 10 24 29 0 24 15
0 0 0 0 0 0 0 0 0 0 0 0 0 0 0 0 0 0 0 0 0 0 0 0 0 0 0 0 0 0 0 0 0 0 0 0 0 0 0 0 0 0 0 0 0 0 0 0 0 0 0 0 0 0 0 0 0 0 0 0 0 0 0 0 0 0 0 0 0 0 0 0 0 0 0 0 0 0 0 0 0 0 0 0 0 0 0 0 0 0 0 0 0 0 0 0 0 0 0 0
4 13 27 5 16 6 6 5 8 6 16 4 8 8 2 10 23 26 2 26 8 2 21 11 27 29 3 6 9 23 17 26 2 20 6 5 8 23 25 10 5 4 26 6 27 27 29 8 2 21 12 1 24 18 16 13 8 29 8 29 19 14 11 8 23 12 12 3 6 8 23 10 16 4 11 6 18 9 18 6 10 22 0 29 28 26 10 18 27 4 22 27 24 26 16 21 18 8 6 16
0 0 0 0 0 0 0 0 0 0 0 0 0 0 0 0 0 0 0 0 0 0 0 0 0 0 0 0 0 0 0 0 0 0 0 0 0 0 0 0 0 0 0 0 0 0 0 0 0 0 0 0 0 0 0 0 0 0 0 0 0 0 0 0 0 0 0 0 0 0 0 0 0 0 0 0 0 0 0 0 0 0 0 0 0 0 0 0 0 0 0 0 0 0 0 0 0 0 0 0
3 29 28 8 1 6 22 18 21 16 28 23 24 28 27 13 27 18 23 16 23 0 25 15 1 27 15 18 13 4 14 13 0 18 0 9 11 13 0 20 25 5 21 16 7 27 12 25 9 8 29 2 29 7 14 3 2 6 3 21 5 24 6 11 26 17 15 16 19 2 15 24 7 23 19 20 10 9 19 28 4 0 3 11 3 1 19 12 11 6 3 2 25 8 8 25 19 0 11 21
0 0 0 0 0 0 0 0 0 0 0 0 0 0 0 0 0 0 0 0 0 0 0 0 0 0 0 0 0 0 0 0 0 0 0 0 0 0 0 0 0 0 0 0 0 0 0 0 0 0 0 0 0 0 0 0 0 0 0 0 0 0 0 0 0 0 0 0 0 0 0 0 0 0 0 0 0 0 0 0 0 0 0 0 0 0 0 0 0 0 0 0 0 0 0 0 0 0 0 0
5 15 9 7 5 20 15 1 23 10 28 26 7 5 6 18 9 12 16 23 6 25 29 18 23 0 4 12 23 0 10 3 18 4 24 5 28 26 21 14 22 2 0 23 23 15 16 20 4 6 28 5 3 5 9 12 0 4 29 25 13 7 18 14 29 16 11 5 12 3 0 11 12 11 9 6 8 7 13 23 19 3 5 15 10 3 10 19 9 0 14 7 24 29 29 22 24 13 16 5
0 0 0 0 0 0 0 0 0 0 0 0 0 0 0 0 0 0 0 0 0 0 0 0 0 0 0 0 0 0 0 0 0 0 0 0 0 0 0 0 0 0 0 0 0 0 0 0 0 0 0 0 0 0 0 0 0 0 0 0 0 0 0 0 0 0 0 0 0 0 0 0 0 0 0 0 0 0 0 0 0 0 0 0 0 0 0 0 0 0 0 0 0 0 0 0 0 0 0 0
19 29 6 27 4 6 17 2 11 10 22 16 11 17 3 14 6 0 24 28 12 13 20 12 20 16 15 16 4 24 7 14 22 13 3 22 1 15 25 0 1 18 3 27 9 29 17 7 12 14 7 23 7 25 27 19 14 18 15 3 28 9 1 1 13 27 24 15 11 27 7 19 26 13 6 11 19 25 24 10 19 0 28 28 9 6 15 16 13 19 12 27 20 9 15 5 14 15 15 19
0 0 0 0 0 0 0 0 0 0 0 0 0 0 0 0 0 0 0 0 0 0 0 0 0 0 0 0 0 0 0 0 0 0 0 0 0 0 0 0 0 0 0 0 0 0 0 0 0 0 0 0 0 0 0 0 0 0 0 0 0 0 0 0 0 0 0 0 0 0 0 0 0 0 0 0 0 0 0 0 0 0 0 0 0 0 0 0 0 0 0 0 0 0 0 0 0 0 0 0
16 9 9 19 9 8 9 26 11 20 17 4 1 10 9 22 8 18 18 29 5 13 4 25 16 24 1 11 3 22 18 10 16 19 0 10 3 2 17 25 28 23 16 28 11 18 27 15 6 19 3 21 13 11 5 11 7 18 15 28 1 6 18 6 25 29 0 15 20 23 27 23 29 13 23 11 11 20 24 0 9 23 23 5 0 2 22 0 4 17 18 5 13 25 22 16 29 19 16 22
0 0 0 0 0 0 0 0 0 0 0 0 0 0 0 0 0 0 0 0 0 0 0 0 0 0 0 0 0 0 0 0 0 0 0 0 0 0 0 0 0 0 0 0 0 0 0 0 0 0 0 0 0 0 0 0 0 0 0 0 0 0 0 0 0 0 0 0 0 0 0 0 0 0 0 0 0 0 0 0 0 0 0 0 0 0 0 0 0 0 0 0 0 0 0 0 0 0 0 0
15 6 3 4 26 1 20 16 2 10 10 18 4 8 2 21 16 26 21 22 26 19 10 12 29 7 5 14 12 11 28 22 12 19 17 27 29 19 1 24 11 10 4 11 23 22 10 20 1 24 10 8 16 11 29 26 24 15 3 7 0 26 28 28 12 10 21 16 27 14 25 16 22 4 28 25 23 17 11 20 28 16 17 11 28 23 17 14 15 21 22 8 15 22 13 23 20 21 6 18
0 0 0 0 0 0 0 0 0 0 0 0 0 0 0 0 0 0 0 0 0 0 0 0 0 0 0 0 0 0 0 0 0 0 0 0 0 0 0 0 0 0 0 0 0 0 0 0 0 0 0 0 0 0 0 0 0 0 0 0 0 0 0 0 0 0 0 0 0 0 0 0 0 0 0 0 0 0 0 0 0 0 0 0 0 0 0 0 0 0 0 0 0 0 0 0 0 0 0 0
22 27 8 19 18 10 3 13 5 16 8 4 12 22 29 1 4 16 21 5 12 9 8 18 8 17 9 6 14 26 18 25 6 20 10 14 1 17 23 21 14 3 22 28 24 0 11 22 21 5 16 20 26 8 27 12 6 11 22 29 29 5 5 22 11 8 17 15 8 9 18 24 26 22 29 7 23 26 27 17 10 12 0 14 19 12 18 21 10 4 13 29 24 18 6 10 14 15 22 1
0 0 0 0 0 0 0 0 0 0 0 0 0 0 0 0 0 0 0 0 0 0 0 0 0 0 0 0 0 0 0 0 0 0 0 0 0 0 0 0 0 0 0 0 0 0 0 0 0 0 0 0 0 0 0 0 0 0 0 0 0 0 0 0 0 0 0 0 0 0 0 0 0 0 0 0 0 0 0 0 0 0 0 0 0 0 0 0 0 0 0 0 0 0 0 0 0 0 0 0
16 2 9 9 3 9 21 20 17 19 21 22 1 5 9 22 24 25 8 14 8 0 27 14 19 19 18 12 14 1 9 3 29 6 20 3 18 18 6 20 10 19 23 10 9 10 29 16 0 1 24 0 16 11 14 13 2 29 15 15 1 11 2 0 10 27 5 25 16 13 24 12 17 9 22 26 23 29 15 7 9 8 23 1 21 29 14 12 15 4 11 5 27 7 8 23 28 27 13 12
0 0 0 0 0 0 0 0 0 0 0 0 0 0 0 0 0 0 0 0 0 0 0 0 0 0 0 0 0 0 0 0 0 0 0 0 0 0 0 0 0 0 0 0 0 0 0 0 0 0 0 0 0 0 0 0 0 0 0 0 0 0 0 0 0 0 0 0 0 0 0 0 0 0 0 0 0 0 0 0 0 0 0 0 0 0 0 0 0 0 0 0 0 0 0 0 0 0 0 0
16 8 10 10 25 0 29 19 3 3 9 5 26 27 5 10 22 12 23 24 4 29 27 13 6 8 18 15 21 16 24 5 6 8 21 3 24 12 22 6 21 20 5 10 4 15 10 6 25 1 23 14 11 29 5 3 9 20 20 7 14 13 6 25 19 7 3 5 9 25 13 12 14 9 2 29 13 28 4 4 1 24 5 18 28 17 13 16 16 6 28 3 10 0 16 2 12 9 0 8
0 0 0 0 0 0 0 0 0 0 0 0 0 0 0 0 0 0 0 0 0 0 0 0 0 0 0 0 0 0 0 0 0 0 0 0 0 0 0 0 0 0 0 0 0 0 0 0 0 0 0 0 0 0 0 0 0 0 0 0 0 0 0 0 0 0 0 0 0 0 0 0 0 0 0 0 0 0 0 0 0 0 0 0 0 0 0 0 0 0 0 0 0 0 0 0 0 0 0 0
27 3 12 8 13 12 28 11 15 5 28 21 13 14 14 15 17 26 3 2 15 26 1 26 1 3 26 7 1 4 19 25 26 4 18 13 7 8 22 24 11 26 29 6 0 28 14 27 22 0 14 22 23 4 3 21 13 0 3 24 24 22 26 3 9 7 23 29 3 25 23 22 12 13 21 14 16 16 7 5 28 14 1 5 11 20 10 11 7 5 13 15 22 5 7 2 11 18 19 13
0 0 0 0 0 0 0 0 0 0 0 0 0 0 0 0 0 0 0 0 0 0 0 0 0 0 0 0 0 0 0 0 0 0 0 0 0 0 0 0 0 0 0 0 0 0 0 0 0 0 0 0 0 0 0 0 0 0 0 0 0 0 0 0 0 0 0 0 0 0 0 0 0 0 0 0 0 0 0 0 0 0 0 0 0 0 0 0 0 0 0 0 0 0 0 0 0 0 0 0
17 26 12 10 27 28 20 9 7 18 11 1 2 13 22 7 23 16 19 17 14 24 10 13 8 3 19 4 26 20 7 22 27 19 5 2 5 27 11 0 4 3 7 10 1 27 19 7 7 17 10 2 1 15 17 5 19 0 22 20 20 27 20 21 10 17 14 1 4 16 0 27 10 28 10 11 13 21 6 1 0 20 27 3 21 10 6 17 13 5 8 10 24 2 10 29 1 18 17 7
0 0 0 0 0 0 0 0 0 0 0 0 0 0 0 0 0 0 0 0 0 0 0 0 0 0 0 0 0 0 0 0 0 0 0 0 0 0 0 0 0 0 0 0 0 0 0 0 0 0 0 0 0 0 0 0 0 0 0 0 0 0 0 0 0 0 0 0 0 0 0 0 0 0 0 0 0 0 0 0 0 0 0 0 0 0 0 0 0 0 0 0 0 0 0 0 0 0 0 0
4 15 3 20 18 17 18 21 21 11 16 2 8 19 21 21 8 25 17 19 12 4 12 13 25 7 27 27 29 17 18 26 10 21 28 16 20 15 25 5 1 13 9 6 19 15 26 3 14 21 1 26 20 4 15 5 0 10 9 12 0 14 27 4 13 26 18 22 3 2 25 19 28 9 19 16 9 12 16 19 4 2 1 0 24 28 11 6 2 18 24 25 16 25 22 21 17 2 6 16
0 0 0 0 0 0 0 0 0 0 0 0 0 0 0 0 0 0 0 0 0 0 0 0 0 0 0 0 0 0 0 0 0 0 0 0 0 0 0 0 0 0 0 0 0 0 0 0 0 0 0 0 0 0 0 0 0 0 0 0 0 0 0 0 0 0 0 0 0 0 0 0 0 0 0 0 0 0 0 0 0 0 0 0 0 0 0 0 0 0 0 0 0 0 0 0 0 0 0 0
1 28 19 18 15 28 21 15 3 16 4 0 11 24 10 0 3 8 26 27 13 17 18 28 21 24 27 26 29 13 22 10 15 17 29 0 4 10 8 22 20 13 13 17 21 27 9 19 6 26 12 21 25 10 27 22 23 23 4 16 12 5 10 23 10 23 13 4 14 2 12 20 8 21 29 9 23 5 11 12 10 27 4 24 5 19 21 7 18 24 24 16 16 8 24 15 8 4 8 6
0 0 0 0 0 0 0 0 0 0 0 0 0 0 0 0 0 0 0 0 0 0 0 0 0 0 0 0 0 0 0 0 0 0 0 0 0 0 0 0 0 0 0 0 0 0 0 0 0 0 0 0 0 0 0 0 0 0 0 0 0 0 0 0 0 0 0 0 0 0 0 0 0 0 0 0 0 0 0 0 0 0 0 0 0 0 0 0 0 0 0 0 0 0 0 0 0 0 0 0
9 27 11 15 16 1 16 3 22 6 1 10 1 10 18 24 18 7 0 11 29 27 10 24 20 26 25 19 18 5 14 7 16 13 16 10 19 25 22 20 28 22 20 20 17 11 16 0 6 28 12 23 5 17 23 3 11 4 18 17 22 16 16 28 18 18 25 19 5 6 6 13 15 8 13 15 2 11 7 8 4 20 6 20 19 4 19 28 25 21 20 1 7 18 11 18 11 12 12 19
0 0 0 0 0 0 0 0 0 0 0 0 0 0 0 0 0 0 0 0 0 0 0 0 0 0 0 0 0 0 0 0 0 0 0 0 0 0 0 0 0 0 0 0 0 0 0 0 0 0 0 0 0 0 0 0 0 0 0 0 0 0 0 0 0 0 0 0 0 0 0 0 0 0 0 0 0 0 0 0 0 0 0 0 0 0 0 0 0 0 0 0 0 0 0 0 0 0 0 0
17 9 20 12 8 10 24 3 24 2 25 3 27 12 17 8 11 8 8 18 21 23 28 11 12 2 2 22 8 5 1 8 1 8 16 14 17 12 29 7 12 16 13 28 3 11 13 14 2 21 15 18 9 11 3 1 23 2 23 28 10 24 11 29 8 5 11 12 2 26 0 22 1 27 15 0 29 9 16 8 10 7 16 8 22 7 28 22 3 6 4 19 13 28 25 7 5 16 13 11
0 0 0 0 0 0 0 0 0 0 0 0 0 0 0 0 0 0 0 0 0 0 0 0 0 0 0 0 0 0 0 0 0 0 0 0 0 0 0 0 0 0 0 0 0 0 0 0 0 0 0 0 0 0 0 0 0 0 0 0 0 0 0 0 0 0 0 0 0 0 0 0 0 0 0 0 0 0 0 0 0 0 0 0 0 0 0 0 0 0 0 0 0 0 0 0 0 0 0 0
27 18 4 27 23 11 29 8 2 1 3 27 6 22 23 17 9 25 18 11 19 17 7 14 17 7 13 24 26 25 17 28 29 12 24 17 9 28 18 15 8 19 14 3 27 12 29 3 16 9 8 6 1 16 8 12 3 28 19 11 22 22 12 8 8 0 10 1 18 6 6 20 19 10 13 17 11 23 3 19 14 16 14 18 2 13 11 18 29 9 23 20 25 11 5 20 7 18 22 28
0 0 0 0 0 0 0 0 0 0 0 0 0 0 0 0 0 0 0 0 0 0 0 0 0 0 0 0 0 0 0 0 0 0 0 0 0 0 0 0 0 0 0 0 0 0 0 0 0 0 0 0 0 0 0 0 0 0 0 0 0 0 0 0 0 0 0 0 0 0 0 0 0 0 0 0 0 0 0 0 0 0 0 0 0 0 0 0 0 0 0 0 0 0 0 0 0 0 0 0
16 26 24 17 8 12 28 10 19 20 25 25 23 22 12 3 3 17 2 23 13 22 18 22 16 1 22 3 1 2 4 25 18 18 26 11 12 14 8 19 23 21 27 12 0 20 19 5 0 24 24 10 5 11 26 25 2 6 26 5 1 9 25 25 2 29 22 13 18 27 8 7 10 19 9 23 16 17 23 23 5 18 6 24 12 16 25 28 7 26 18 15 3 29 27 10 5 4 11 6
0 0 0 0 0 0 0 0 0 0 0 0 0 0 0 0 0 0 0 0 0 0 0 0 0 0 0 0 0 0 0 0 0 0 0 0 0 0 0 0 0 0 0 0 0 0 0 0 0 0 0 0 0 0 0 0 0 0 0 0 0 0 0 0 0 0 0 0 0 0 0 0 0 0 0 0 0 0 0 0 0 0 0 0 0 0 0 0 0 0 0 0 0 0 0 0 0 0 0 0
1 13 18 28 1 1 11 5 9 29 20 12 29 15 24 10 22 7 10 26 8 3 24 23 3 3 12 27 10 29 23 9 29 3 18 21 26 21 26 25 6 7 15 2 5 3 2 14 12 29 22 18 12 25 16 13 19 12 5 21 23 24 14 13 8 17 24 11 2 27 23 23 4 20 0 0 4 10 9 11 5 18 29 29 1 8 21 2 19 13 27 25 27 28 15 29 29 0 17 13
0 0 0 0 0 0 0 0 0 0 0 0 0 0 0 0 0 0 0 0 0 0 0 0 0 0 0 0 0 0 0 0 0 0 0 0 0 0 0 0 0 0 0 0 0 0 0 0 0 0 0 0 0 0 0 0 0 0 0 0 0 0 0 0 0 0 0 0 0 0 0 0 0 0 0 0 0 0 0 0 0 0 0 0 0 0 0 0 0 0 0 0 0 0 0 0 0 0 0 0
24 10 28 4 11 5 10 14 25 28 11 18 14 7 13 15 6 28 23 29 7 29 2 14 25 22 24 13 25 20 8 22 6 17 19 15 2 27 13 16 8 21 26 10 15 21 11 15 20 22 5 0 27 18 12 0 13 0 5 12 2 27 13 9 29 16 23 17 14 22 21 27 27 2 13 4 28 6 3 23 27 16 15 26 25 29 13 2 1 29 25 26 7 3 14 29 27 28 0 5
0 0 0 0 0 0 0 0 0 0 0 0 0 0 0 0 0 0 0 0 0 0 0 0 0 0 0 0 0 0 0 0 0 0 0 0 0 0 0 0 0 0 0 0 0 0 0 0 0 0 0 0 0 0 0 0 0 0 0 0 0 0 0 0 0 0 0 0 0 0 0 0 0 0 0 0 0 0 0 0 0 0 0 0 0 0 0 0 0 0 0 0 0 0 0 0 0 0 0 0
11 7 19 5 15 5 26 29 29 14 11 4 14 19 7 15 15 22 7 2 0 23 8 24 5 0 13 9 5 17 16 14 8 10 9 26 21 9 9 20 18 25 25 6 13 26 8 20 18 6 18 7 25 10 21 28 26 26 9 12 8 23 10 3 20 23 21 24 27 25 25 29 17 13 24 8 5 17 14 9 23 21 24 7 17 20 0 13 21 3 2 10 8 22 22 15 29 4 0 0
0 0 0 0 0 0 0 0 0 0 0 0 0 0 0 0 0 0 0 0 0 0 0 0 0 0 0 0 0 0 0 0 0 0 0 0 0 0 0 0 0 0 0 0 0 0 0 0 0 0 0 0 0 0 0 0 0 0 0 0 0 0 0 0 0 0 0 0 0 0 0 0 0 0 0 0 0 0 0 0 0 0 0 0 0 0 0 0 0 0 0 0 0 0 0 0 0 0 0 0
8 27 8 5 25 23 1 21 27 8 1 27 27 6 27 21 21 25 21 10 16 4 6 14 6 28 0 17 5 1 24 24 19 23 13 9 9 9 28 11 19 6 5 5 24 12 15 12 13 15 21 25 8 13 22 19 25 29 15 1 11 22 17 1 10 14 24 6 12 21 17 17 20 14 25 4 4 3 22 7 29 18 28 21 28 4 9 6 17 22 5 22 8 13 22 1 6 4 7 19
0 0 0 0 0 0 0 0 0 0 0 0 0 0 0 0 0 0 0 0 0 0 0 0 0 0 0 0 0 0 0 0 0 0 0 0 0 0 0 0 0 0 0 0 0 0 0 0 0 0 0 0 0 0 0 0 0 0 0 0 0 0 0 0 0 0 0 0 0 0 0 0 0 0 0 0 0 0 0 0 0 0 0 0 0 0 0 0 0 0 0 0 0 0 0 0 0 0 0 0
14 17 28 13 27 16 18 15 12 12 22 29 8 29 17 26 26 9 23 24 28 27 11 29 13 2 11 19 8 12 15 21 27 29 26 4 16 11 2 26 21 17 25 16 21 12 12 29 25 14 16 16 10 15 5 25 6 8 13 6 8 4 26 29 8 19 1 8 7 1 25 26 29 25 6 5 4 18 5 20 18 11 10 17 19 13 15 11 19 1 4 9 14 11 4 8 12 1 9 14
0 0 0 0 0 0 0 0 0 0 0 0 0 0 0 0 0 0 0 0 0 0 0 0 0 0 0 0 0 0 0 0 0 0 0 0 0 0 0 0 0 0 0 0 0 0 0 0 0 0 0 0 0 0 0 0 0 0 0 0 0 0 0 0 0 0 0 0 0 0 0 0 0 0 0 0 0 0 0 0 0 0 0 0 0 0 0 0 0 0 0 0 0 0 0 0 0 0 0 0
13 20 25 11 1 16 12 2 22 10 29 16 19 20 19 8 23 9 14 14 18 26 22 25 11 23 26 13 24 9 11 5 21 14 29 26 16 9 0 16 8 26 20 10 13 29 5 10 18 27 12 5 15 16 0 28 26 24 0 4 23 1 22 22 28 29 0 21 14 21 28 17 2 12 28 19 5 18 4 19 4 15 12 20 20 25 24 21 20 8 20 26 29 8 6 18 5 15 7 17
0 0 0 0 0 0 0 0 0 0 0 0 0 0 0 0 0 0 0 0 0 0 0 0 0 0 0 0 0 0 0 0 0 0 0 0 0 0 0 0 0 0 0 0 0 0 0 0 0 0 0 0 0 0 0 0 0 0 0 0 0 0 0 0 0 0 0 0 0 0 0 0 0 0 0 0 0 0 0 0 0 0 0 0 0 0 0 0 0 0 0 0 0 0 0 0 0 0 0 0
14 29 24 4 13 25 20 6 29 10 8 18 23 23 6 22 9 5 13 0 11 2 3 18 6 6 17 21 28 0 27 27 7 6 25 24 26 6 12 5 24 17 25 12 23 4 28 1 10 1 13 16 28 2 0 3 11 0 20 28 1 6 29 5 17 12 1 17 25 27 18 29 28 15 27 14 18 25 5 20 13 5 26 13 4 17 15 26 5 3 21 7 7 20 8 22 27 24 20 6
