100 100
0 0 0 0 0 0 0 0 0 0 0 0 0 0 0 0 0 0 0 0 0 0 0 0 0 0 0 0 0 0 0 0 0 0 0 0 0 0 0 0 0 0 0 0 0 0 0 0 0 0 0 0 0 0 0 0 0 0 0 0 0 0 0 0 0 0 0 0 0 0 0 0 0 0 0 0 0 0 0 0 0 0 0 0 0 0 0 0 0 0 0 0 0 0 0 0 0 0 0 0
12 15 1 10 7 0 24 19 18 1 26 18 5 0 21 7 10 11 26 13 13 26 5 21 29 16 5 13 13 15 6 26 7 0 25 3 19 13 15 29 3 12 8 17 18 26 9 11 28 27 28 0 17 16 13 19 16 0 0 8 23 7 9 26 29 22 1 25 22 24 8 13 8 4 13 11 9 17 20 22 27 29 19 24 0 26 7 9 27 28 18 3 26 0 18 23 27 15 27 23
0 0 0 0 0 0 0 0 0 0 0 0 0 0 0 0 0 0 0 0 0 0 0 0 0 0 0 0 0 0 0 0 0 0 0 0 0 0 0 0 0 0 0 0 0 0 0 0 0 0 0 0 0 0 0 0 0 0 0 0 0 0 0 0 0 0 0 0 0 0 0 0 0 0 0 0 0 0 0 0 0 0 0 0 0 0 0 0 0 0 0 0 0 0 0 0 0 0 0 0
12 3 3 14 25 17 12 11 23 9 23 13 28 17 13 10 0 18 19 16 10 4 19 9 3 24 5 3 11 27 19 27 10 17 28 21 8 25 10 17 12 0 26 3 21 5 4 13 29 20 4 26 24 10 19 20 19 29 24 25 27 18 10 4 17 2 11 18 2 28 20 16 13 8 15 11 27 27 15 27 4 29 6 16 5 0 11 27 14 27 13 29 24 10 24 9 24 7 11 29
0 0 0 0 0 0 0 0 0 0 0 0 0 0 0 0 0 0 0 0 0 0 0 0 0 0 0 0 0 0 0 0 0 0 0 0 0 0 0 0 0 0 0 0 0 0 0 0 0 0 0 0 0 0 0 0 0 0 0 0 0 0 0 0 0 0 0 0 0 0 0 0 0 0 0 0 0 0 0 0 0 0 0 0 0 0 0 0 0 0 0 0 0 0 0 0 0 0 0 0
26 4 29 9 21 13 29 12 19 26 14 14 24 23 19 19 14 0 29 2 9 2 3 2 17 14 13 17 21 19 19 19 25 9 2 14 26 22 28 9 23 9 3 9 5 12 28 28 14 21 23 10 24 1 20 12 12 2 19 23 6 6 15 20 9 12 22 16 23 10 8 23 20 8 19 12 16 16 9 16 11 25 28 16 12 17 6 14 16 25 25 2 23 6 7 3 20 11 6 19
0 0 0 0 0 0 0 0 0 0 0 0 0 0 0 0 0 0 0 0 0 0 0 0 0 0 0 0 0 0 0 0 0 0 0 0 0 0 0 0 0 0 0 0 0 0 0 0 0 0 0 0 0 0 0 0 0 0 0 0 0 0 0 0 0 0 0 0 0 0 0 0 0 0 0 0 0 0 0 0 0 0 0 0 0 0 0 0 0 0 0 0 0 0 0 0 0 0 0 0
15 13 12 22 19 26 8 4 0 11 16 23 14 20 27 3 28 14 26 11 26 26 24 11 26 14 28 9 16 10 11 2 2 18 4 9 28 9 15 2 17 29 18 28 26 10 22 20 16 27 3 19 2 5 2 17 23 9 0 17 11 19 11 7 16 11 19 29 11 1 28 25 10 28 15 11 10 7 19 28 23 14 5 9 9 14 29 10 27 1 11 8 9 2 4 5 20 6 3 19
0 0 0 0 0 0 0 0 0 0 0 0 0 0 0 0 0 0 0 0 0 0 0 0 0 0 0 0 0 0 0 0 0 0 0 0 0 0 0 0 0 0 0 0 0 0 0 0 0 0 0 0 0 0 0 0 0 0 0 0 0 0 0 0 0 0 0 0 0 0 0 0 0 0 0 0 0 0 0 0 0 0 0 0 0 0 0 0 0 0 0 0 0 0 0 0 0 0 0 0
13 20 11 22 13 7 21 13 4 11 13 0 6 1 24 5 4 21 3 17 29 11 14 29 24 9 17 17 21 9 22 8 3 10 13 12 15 2 15 0 16 10 16 4 4 18 9 26 27 14 17 6 18 29 11 17 10 24 16 28 2 0 9 9 10 16 2 14 25 17 0 27 15 22 24 5 23 28 10 22 29 4 26 29 12 13 16 28 19 28 21 15 21 27 20 29 22 0 21 10
0 0 0 0 0 0 0 0 0 0 0 0 0 0 0 0 0 0 0 0 0 0 0 0 0 0 0 0 0 0 0 0 0 0 0 0 0 0 0 0 0 0 0 0 0 0 0 0 0 0 0 0 0 0 0 0 0 0 0 0 0 0 0 0 0 0 0 0 0 0 0 0 0 0 0 0 0 0 0 0 0 0 0 0 0 0 0 0 0 0 0 0 0 0 0 0 0 0 0 0
15 24 18 9 0 10 13 12 27 11 21 2 17 11 14 0 23 17 26 5 12 21 7 10 16 1 25 22 1 3 4 17 16 25 13 15 5 10 26 20 29 16 12 7 29 21 19 23 8 19 20 4 24 5 22 26 23 8 7 17 11 24 25 4 21 18 6 14 29 11 20 8 28 16 16 10 6 13 5 7 22 17 6 9 6 14 17 5 27 17 15 6 8 1 5 10 6 1 13 2
0 0 0 0 0 0 0 0 0 0 0 0 0 0 0 0 0 0 0 0 0 0 0 0 0 0 0 0 0 0 0 0 0 0 0 0 0 0 0 0 0 0 0 0 0 0 0 0 0 0 0 0 0 0 0 0 0 0 0 0 0 0 0 0 0 0 0 0 0 0 0 0 0 0 0 0 0 0 0 0 0 0 0 0 0 0 0 0 0 0 0 0 0 0 0 0 0 0 0 0
15 4 4 3 20 9 22 0 20 9 11 4 20 23 2 21 22 16 0 1 18 9 5 4 4 28 22 6 24 0 26 28 3 25 9 6 12 24 14 2 27 15 29 4 19 17 10 3 23 13 21 29 4 6 5 27 23 9 14 9 4 17 27 15 12 24 26 15 27 14 26 29 1 1 1 25 1 16 22 3 17 7 15 24 26 24 3 6 27 28 0 26 12 23 23 12 13 20 21 1
0 0 0 0 0 0 0 0 0 0 0 0 0 0 0 0 0 0 0 0 0 0 0 0 0 0 0 0 0 0 0 0 0 0 0 0 0 0 0 0 0 0 0 0 0 0 0 0 0 0 0 0 0 0 0 0 0 0 0 0 0 0 0 0 0 0 0 0 0 0 0 0 0 0 0 0 0 0 0 0 0 0 0 0 0 0 0 0 0 0 0 0 0 0 0 0 0 0 0 0
17 18 0 17 21 16 18 24 12 10 25 11 14 18 6 1 14 8 7 10 10 2 4 17 7 14 8 9 22 18 10 6 7 13 17 15 1 6 3 14 27 20 22 26 16 16 12 9 3 13 6 3 17 8 2 25 7 12 6 22 10 20 13 20 28 1 14 28 11 9 20 28 7 5 27 16 14 26 6 12 24 21 27 22 9 8 27 2 9 25 12 1 6 13 17 8 20 23 15 15
0 0 0 0 0 0 0 0 0 0 0 0 0 0 0 0 0 0 0 0 0 0 0 0 0 0 0 0 0 0 0 0 0 0 0 0 0 0 0 0 0 0 0 0 0 0 0 0 0 0 0 0 0 0 0 0 0 0 0 0 0 0 0 0 0 0 0 0 0 0 0 0 0 0 0 0 0 0 0 0 0 0 0 0 0 0 0 0 0 0 0 0 0 0 0 0 0 0 0 0
2 28 1 3 0 12 20 8 0 12 4 18 13 1 2 1 7 23 7 25 20 11 1 28 24 9 18 13 29 23 12 5 13 13 20 11 19 2 10 16 10 19 2 10 9 13 27 9 15 25 5 0 14 21 1 12 2 16 17 17 2 17 23 17 6 10 19 10 27 13 19 26 5 18 17 26 5 23 6 4 24 10 21 10 28 22 26 27 29 12 13 0 28 21 28 20 6 3 4 15
0 0 0 0 0 0 0 0 0 0 0 0 0 0 0 0 0 0 0 0 0 0 0 0 0 0 0 0 0 0 0 0 0 0 0 0 0 0 0 0 0 0 0 0 0 0 0 0 0 0 0 0 0 0 0 0 0 0 0 0 0 0 0 0 0 0 0 0 0 0 0 0 0 0 0 0 0 0 0 0 0 0 0 0 0 0 0 0 0 0 0 0 0 0 0 0 0 0 0 0
6 4 19 12 20 26 4 3 10 5 6 1 28 22 29 24 24 4 23 4 26 9 5 23 14 11 16 20 26 20 29 0 8 14 19 26 5 24 21 26 28 13 26 11 17 1 16 20 3 14 18 17 20 27 13 22 11 21 0 14 12 28 18 0 14 9 25 1 2 6 24 24 1 1 0 13 23 26 12 3 22 14 11 8 28 23 15 18 29 9 10 17 1 26 5 28 29 2 25 27
0 0 0 0 0 0 0 0 0 0 0 0 0 0 0 0 0 0 0 0 0 0 0 0 0 0 0 0 0 0 0 0 0 0 0 0 0 0 0 0 0 0 0 0 0 0 0 0 0 0 0 0 0 0 0 0 0 0 0 0 0 0 0 0 0 0 0 0 0 0 0 0 0 0 0 0 0 0 0 0 0 0 0 0 0 0 0 0 0 0 0 0 0 0 0 0 0 0 0 0
22 17 5 22 8 13 10 18 9 25 12 5 27 18 15 26 0 5 23 15 12 29 16 20 12 10 28 23 10 29 4 5 29 8 6 12 2 24 2 6 21 13 14 3 23 16 20 22 12 16 15 23 23 28 19 29 19 29 18 20 6 26 21 3 15 23 27 17 2 4 21 2 29 15 28 29 29 10 24 16 21 11 5 21 27 18 15 16 18 29 16 5 1 4 4 0 20 25 18 21
0 0 0 0 0 0 0 0 0 0 0 0 0 0 0 0 0 0 0 0 0 0 0 0 0 0 0 0 0 0 0 0 0 0 0 0 0 0 0 0 0 0 0 0 0 0 0 0 0 0 0 0 0 0 0 0 0 0 0 0 0 0 0 0 0 0 0 0 0 0 0 0 0 0 0 0 0 0 0 0 0 0 0 0 0 0 0 0 0 0 0 0 0 0 0 0 0 0 0 0
26 0 1 24 4 3 9 6 3 10 26 10 12 12 3 12 8 18 22 1 6 18 24 11 29 21 13 4 5 8 25 14 2 5 20 18 25 7 1 21 7 0 22 27 21 17 9 22 15 1 23 6 28 0 2 10 21 24 16 9 1 22 22 15 24 29 21 7 16 3 20 19 23 9 3 1 3 0 17 15 7 11 2 10 27 17 5 15 8 19 23 14 26 14 13 7 14 10 9 28
0 0 0 0 0 0 0 0 0 0 0 0 0 0 0 0 0 0 0 0 0 0 0 0 0 0 0 0 0 0 0 0 0 0 0 0 0 0 0 0 0 0 0 0 0 0 0 0 0 0 0 0 0 0 0 0 0 0 0 0 0 0 0 0 0 0 0 0 0 0 0 0 0 0 0 0 0 0 0 0 0 0 0 0 0 0 0 0 0 0 0 0 0 0 0 0 0 0 0 0
20 3 15 27 26 17 7 15 23 7 28 4 0 26 10 29 18 1 21 28 10 9 19 29 20 14 19 26 0 9 28 22 18 10 6 23 12 19 4 26 3 3 21 29 15 27 21 24 23 23 24 8 28 16 9 11 25 11 23 8 23 25 18 12 20 23 25 24 1 24 25 5 15 22 15 27 27 9 3 20 4 25 17 4 11 12 19 22 14 3 21 22 26 28 16 16 22 0 11 17
0 0 0 0 0 0 0 0 0 0 0 0 0 0 0 0 0 0 0 0 0 0 0 0 0 0 0 0 0 0 0 0 0 0 0 0 0 0 0 0 0 0 0 0 0 0 0 0 0 0 0 0 0 0 0 0 0 0 0 0 0 0 0 0 0 0 0 0 0 0 0 0 0 0 0 0 0 0 0 0 0 0 0 0 0 0 0 0 0 0 0 0 0 0 0 0 0 0 0 0
2 0 8 23 18 9 0 1 24 20 1 2 28 6 16 6 11 1 3 3 5 21 19 3 12 29 4 8 19 18 23 5 26 13 15 6 0 20 28 24 21 21 9 25 24 13 27 1 23 11 26 2 8 5 22 7 3 16 28 18 12 15 17 26 5 20 15 9 21 20 14 17 16 18 5 14 28 2 21 3 28 21 16 15 10 29 26 13 18 5 20 19 24 29 9 12 9 22 22 12
0 0 0 0 0 0 0 0 0 0 0 0 0 0 0 0 0 0 0 0 0 0 0 0 0 0 0 0 0 0 0 0 0 0 0 0 0 0 0 0 0 0 0 0 0 0 0 0 0 0 0 0 0 0 0 0 0 0 0 0 0 0 0 0 0 0 0 0 0 0 0 0 0 0 0 0 0 0 0 0 0 0 0 0 0 0 0 0 0 0 0 0 0 0 0 0 0 0 0 0
9 29 22 2 2 7 16 10 21 17 8 1 12 16 9 6 20 15 29 9 23 2 19 11 10 10 3 15 7 29 14 26 17 17 6 18 28 6 16 7 6 26 5 9 24 4 18 15 14 3 15 23 23 21 28 22 28 14 23 17 23 22 14 9 7 9 1 21 2 15 25 14 23 25 4 8 25 12 15 17 8 18 5 11 19 12 1 28 10 12 16 29 29 13 25 24 24 1 18 14
0 0 0 0 0 0 0 0 0 0 0 0 0 0 0 0 0 0 0 0 0 0 0 0 0 0 0 0 0 0 0 0 0 0 0 0 0 0 0 0 0 0 0 0 0 0 0 0 0 0 0 0 0 0 0 0 0 0 0 0 0 0 0 0 0 0 0 0 0 0 0 0 0 0 0 0 0 0 0 0 0 0 0 0 0 0 0 0 0 0 0 0 0 0 0 0 0 0 0 0
11 26 12 11 15 9 1 21 9 28 14 29 9 19 24 7 13 23 8 20 7 2 9 11 5 28 29 8 13 14 19 21 27 22 8 9 26 6 19 13 26 24 12 19 7 16 22 24 22 17 5 4 0 11 4 10 4 29 8 24 11 5 25 29 17 5 7 4 7 10 20 23 3 22 18 26 6 16 3 28 22 6 14 11 23 8 15 24 27 16 5 1 20 6 13 3 26 14 19 6
0 0 0 0 0 0 0 0 0 0 0 0 0 0 0 0 0 0 0 0 0 0 0 0 0 0 0 0 0 0 0 0 0 0 0 0 0 0 0 0 0 0 0 0 0 0 0 0 0 0 0 0 0 0 0 0 0 0 0 0 0 0 0 0 0 0 0 0 0 0 0 0 0 0 0 0 0 0 0 0 0 0 0 0 0 0 0 0 0 0 0 0 0 0 0 0 0 0 0 0
15 23 22 11 25 6 3 26 4 17 1 8 16 3 6 17 27 13 1 5 12 1 14 27 16 22 8 6 13 28 18 25 28 27 18 14 17 10 28 1 4 17 21 7 7 27 6 7 7 8 2 10 19 19 27 23 25 24 28 3 12 21 24 14 21 14 7 22 25 7 0 15 25 24 12 13 11 2 4 4 9 17 8 22 2 2 10 23 25 13 8 6 19 29 19 5 1 8 16 22
0 0 0 0 0 0 0 0 0 0 0 0 0 0 0 0 0 0 0 0 0 0 0 0 0 0 0 0 0 0 0 0 0 0 0 0 0 0 0 0 0 0 0 0 0 0 0 0 0 0 0 0 0 0 0 0 0 0 0 0 0 0 0 0 0 0 0 0 0 0 0 0 0 0 0 0 0 0 0 0 0 0 0 0 0 0 0 0 0 0 0 0 0 0 0 0 0 0 0 0
4 27 22 12 29 26 4 12 9 12 18 15 20 4 16 1 2 11 16 27 12 22 8 16 1 0 29 18 22 5 20 20 27 17 7 7 29 22 29 14 22 2 11 11 25 28 27 3 1 1 1 22 1 21 2 2 11 20 7 29 0 3 28 1 18 6 2 26 14 2 15 11 14 27 18 7 16 24 12 7 17 26 5 17 9 25 29 17 22 26 2 9 13 11 19 10 12 18 29 8
0 0 0 0 0 0 0 0 0 0 0 0 0 0 0 0 0 0 0 0 0 0 0 0 0 0 0 0 0 0 0 0 0 0 0 0 0 0 0 0 0 0 0 0 0 0 0 0 0 0 0 0 0 0 0 0 0 0 0 0 0 0 0 0 0 0 0 0 0 0 0 0 0 0 0 0 0 0 0 0 0 0 0 0 0 0 0 0 0 0 0 0 0 0 0 0 0 0 0 0
2 13 12 8 28 9 14 20 0 6 1 17 3 24 29 8 27 22 7 16 10 2 15 27 10 21 16 11 27 5 16 18 6 0 9 13 19 7 19 14 12 3 12 10 10 9 4 23 9 24 6 8 16 10 24 24 23 2 16 3 2 10 9 2 10 5 21 7 13 5 1 4 12 9 21 29 12 27 10 25 14 23 21 0 13 15 9 9 22 21 17 10 19 24 21 6 5 0 18 6
0 0 0 0 0 0 0 0 0 0 0 0 0 0 0 0 0 0 0 0 0 0 0 0 0 0 0 0 0 0 0 0 0 0 0 0 0 0 0 0 0 0 0 0 0 0 0 0 0 0 0 0 0 0 0 0 0 0 0 0 0 0 0 0 0 0 0 0 0 0 0 0 0 0 0 0 0 0 0 0 0 0 0 0 0 0 0 0 0 0 0 0 0 0 0 0 0 0 0 0
24 1 24 22 12 6 24 29 15 23 1 12 8 21 14 17 25 3 1 0 24 2 9 11 17 1 19 4 10 1 10 2 17 5 4 12 9 22 29 23 22 6 22 13 6 6 3 14 18 18 15 3 19 11 22 8 23 2 11 26 29 22 28 8 27 11 23 25 20 27 20 12 1 4 1 12 23 14 27 17 7 10 10 3 16 7 11 8 19 7 3 27 21 15 18 25 25 11 21 22
0 0 0 0 0 0 0 0 0 0 0 0 0 0 0 0 0 0 0 0 0 0 0 0 0 0 0 0 0 0 0 0 0 0 0 0 0 0 0 0 0 0 0 0 0 0 0 0 0 0 0 0 0 0 0 0 0 0 0 0 0 0 0 0 0 0 0 0 0 0 0 0 0 0 0 0 0 0 0 0 0 0 0 0 0 0 0 0 0 0 0 0 0 0 0 0 0 0 0 0
18 26 27 25 2 0 14 3 27 1 18 25 23 12 29 28 10 11 23 0 2 22 13 28 2 14 20 1 5 19 21 3 25 13 26 4 1 16 20 21 19 21 23 5 5 4 29 9 1 5 2 29 13 23 26 17 15 14 27 16 8 9 20 24 7 27 26 6 19 4 17 23 1 13 24 2 19 22 27 21 22 0 4 10 9 6 3 5 27 13 23 29 17 14 14 14 8 17 16 12
0 0 0 0 0 0 0 0 0 0 0 0 0 0 0 0 0 0 0 0 0 0 0 0 0 0 0 0 0 0 0 0 0 0 0 0 0 0 0 0 0 0 0 0 0 0 0 0 0 0 0 0 0 0 0 0 0 0 0 0 0 0 0 0 0 0 0 0 0 0 0 0 0 0 0 0 0 0 0 0 0 0 0 0 0 0 0 0 0 0 0 0 0 0 0 0 0 0 0 0
29 12 19 1 12 11 23 21 11 5 8 25 10 2 5 10 6 3 1 18 4 19 9 24 18 18 23 21 4 23 11 13 11 26 9 7 29 27 19 17 11 15 1 14 4 27 10 12 6 22 25 26 19 4 3 2 10 7 8 18 3 15 3 12 21 17 13 6 14 1 18 3 11 26 24 18 6 3 7 2 24 25 0 15 13 18 15 16 27 29 15 2 17 21 21 8 25 11 0 14
0 0 0 0 0 0 0 0 0 0 0 0 0 0 0 0 0 0 0 0 0 0 0 0 0 0 0 0 0 0 0 0 0 0 0 0 0 0 0 0 0 0 0 0 0 0 0 0 0 0 0 0 0 0 0 0 0 0 0 0 0 0 0 0 0 0 0 0 0 0 0 0 0 0 0 0 0 0 0 0 0 0 0 0 0 0 0 0 0 0 0 0 0 0 0 0 0 0 0 0
4 9 13 3 11 6 11 14 26 10 10 7 1 17 11 29 13 15 12 9 18 22 14 6 28 1 3 20 5 5 22 16 26 20 6 6 5 9 4 2 27 26 22 22 1 22 27 21 9 11 8 26 6 8 8 5 18 18 9 26 12 18 5 15 10 5 21 14 3 8 20 29 16 8 3 14 25 27 1 19 21 3 17 18 19 27 23 18 28 26 0 5 3 10 18 26 29 8 25 4
0 0 0 0 0 0 0 0 0 0 0 0 0 0 0 0 0 0 0 0 0 0 0 0 0 0 0 0 0 0 0 0 0 0 0 0 0 0 0 0 0 0 0 0 0 0 0 0 0 0 0 0 0 0 0 0 0 0 0 0 0 0 0 0 0 0 0 0 0 0 0 0 0 0 0 0 0 0 0 0 0 0 0 0 0 0 0 0 0 0 0 0 0 0 0 0 0 0 0 0
13 28 17 13 16 18 16 16 8 3 19 12 16 9 24 8 29 16 11 28 1 4 26 11 26 13 5 0 1 20 0 8 0 27 13 29 23 19 16 3 24 15 13 23 11 16 16 8 11 17 15 25 6 16 19 19 1 7 14 20 23 19 12 1 23 4 19 12 15 4 26 16 0 28 25 10 24 11 12 3 9 10 13 28 21 15 9 7 5 12 6 23 26 1 0 2 7 17 4 24
0 0 0 0 0 0 0 0 0 0 0 0 0 0 0 0 0 0 0 0 0 0 0 0 0 0 0 0 0 0 0 0 0 0 0 0 0 0 0 0 0 0 0 0 0 0 0 0 0 0 0 0 0 0 0 0 0 0 0 0 0 0 0 0 0 0 0 0 0 0 0 0 0 0 0 0 0 0 0 0 0 0 0 0 0 0 0 0 0 0 0 0 0 0 0 0 0 0 0 0
4 27 0 17 1 24 4 7 12 20 22 27 17 19 26 14 18 23 5 16 15 29 25 19 28 16 12 25 24 10 20 27 22 20 8 15 19 18 11 22 20 5 6 24 5 28 22 2 4 12 2 27 9 20 27 9 14 12 18 5 14 15 23 18 29 4 18 11 21 15 28 21 4 5 10 11 4 5 23 29 0 11 20 6 10 12 27 28 7 13 7 24 18 18 6 13 13 24 25 14
0 0 0 0 0 0 0 0 0 0 0 0 0 0 0 0 0 0 0 0 0 0 0 0 0 0 0 0 0 0 0 0 0 0 0 0 0 0 0 0 0 0 0 0 0 0 0 0 0 0 0 0 0 0 0 0 0 0 0 0 0 0 0 0 0 0 0 0 0 0 0 0 0 0 0 0 0 0 0 0 0 0 0 0 0 0 0 0 0 0 0 0 0 0 0 0 0 0 0 0
20 15 19 1 9 21 2 7 10 28 28 18 21 16 3 0 15 27 6 3 5 23 29 20 19 11 11 15 26 4 4 11 26 13 22 9 18 23 29 16 2 17 3 6 26 14 3 7 1 28 28 21 16 5 13 20 12 21 18 11 26 1 16 27 21 25 24 21 7 10 19 18 27 2 2 14 5 1 19 22 8 9 23 25 22 3 5 8 22 28 27 12 6 1 23 3 22 21 14 8
0 0 0 0 0 0 0 0 0 0 0 0 0 0 0 0 0 0 0 0 0 0 0 0 0 0 0 0 0 0 0 0 0 0 0 0 0 0 0 0 0 0 0 0 0 0 0 0 0 0 0 0 0 0 0 0 0 0 0 0 0 0 0 0 0 0 0 0 0 0 0 0 0 0 0 0 0 0 0 0 0 0 0 0 0 0 0 0 0 0 0 0 0 0 0 0 0 0 0 0
18 14 20 20 24 28 22 28 28 6 23 7 4 14 26 28 19 21 27 22 13 27 11 21 3 28 4 18 24 16 7 6 4 1 22 24 1 15 0 7 18 11 9 23 0 4 1 4 27 25 28 6 25 3 3 27 16 20 1 29 12 12 26 27 20 15 0 21 2 5 4 13 14 6 26 3 21 3 8 24 28 17 4 21 27 6 3 3 13 21 8 10 24 20 16 23 25 12 8 8
0 0 0 0 0 0 0 0 0 0 0 0 0 0 0 0 0 0 0 0 0 0 0 0 0 0 0 0 0 0 0 0 0 0 0 0 0 0 0 0 0 0 0 0 0 0 0 0 0 0 0 0 0 0 0 0 0 0 0 0 0 0 0 0 0 0 0 0 0 0 0 0 0 0 0 0 0 0 0 0 0 0 0 0 0 0 0 0 0 0 0 0 0 0 0 0 0 0 0 0
19 20 2 16 24 15 17 17 8 14 5 10 6 19 11 19 6 4 7 28 14 25 2 0 0 18 20 12 20 2 22 20 24 2 20 23 29 16 28 11 23 7 23 22 19 7 8 25 26 5 17 2 10 28 19 12 8 15 11 25 29 5 1 10 25 29 20 5 19 2 11 14 6 11 18 17 29 16 18 15 5 27 2 26 18 28 21 17 28 13 14 20 8 13 6 21 24 9 15 16
0 0 0 0 0 0 0 0 0 0 0 0 0 0 0 0 0 0 0 0 0 0 0 0 0 0 0 0 0 0 0 0 0 0 0 0 0 0 0 0 0 0 0 0 0 0 0 0 0 0 0 0 0 0 0 0 0 0 0 0 0 0 0 0 0 0 0 0 0 0 0 0 0 0 0 0 0 0 0 0 0 0 0 0 0 0 0 0 0 0 0 0 0 0 0 0 0 0 0 0
19 21 5 16 11 14 14 26 28 1 3 12 0 9 11 15 4 4 18 22 8 26 27 26 18 7 21 14 1 19 8 25 26 16 20 22 26 28 28 15 10 26 9 23 25 15 16 18 9 16 25 28 26 8 2 26 20 25 20 19 4 7 15 4 24 27 28 17 1 8 13 28 10 28 16 27 4 18 23 26 18 25 17 20 18 7 15 10 12 1 10 17 20 1 10 0 10 17 19 14
0 0 0 0 0 0 0 0 0 0 0 0 0 0 0 0 0 0 0 0 0 0 0 0 0 0 0 0 0 0 0 0 0 0 0 0 0 0 0 0 0 0 0 0 0 0 0 0 0 0 0 0 0 0 0 0 0 0 0 0 0 0 0 0 0 0 0 0 0 0 0 0 0 0 0 0 0 0 0 0 0 0 0 0 0 0 0 0 0 0 0 0 0 0 0 0 0 0 0 0
14 13 5 12 13 29 20 17 13 22 14 6 26 8 14 16 2 20 3 10 1 23 7 24 4 29 27 15 5 12 12 28 9 27 2 11 0 15 2 24 13 26 5 25 9 9 14 29 20 6 23 22 28 13 19 2 25 27 11 12 18 4 14 12 6 15 19 0 13 28 29 27 9 6 9 13 5 4 16 17 24 15 9 16 15 19 12 25 13 3 29 2 23 16 3 27 0 25 14 17
0 0 0 0 0 0 0 0 0 0 0 0 0 0 0 0 0 0 0 0 0 0 0 0 0 0 0 0 0 0 0 0 0 0 0 0 0 0 0 0 0 0 0 0 0 0 0 0 0 0 0 0 0 0 0 0 0 0 0 0 0 0 0 0 0 0 0 0 0 0 0 0 0 0 0 0 0 0 0 0 0 0 0 0 0 0 0 0 0 0 0 0 0 0 0 0 0 0 0 0
4 29 25 6 13 4 15 5 13 12 22 12 12 24 11 7 3 5 19 9 14 25 15 24 14 4 3 12 24 26 3 10 6 24 14 20 8 1 9 23 16 25 10 15 3 25 3 24 17 24 15 9 17 1 15 21 16 19 16 21 19 26 13 14 28 2 11 22 11 19 5 7 19 0 29 13 0 24 14 17 21 4 22 0 13 25 17 19 22 23 15 29 23 7 12 10 4 27 14 11
0 0 0 0 0 0 0 0 0 0 0 0 0 0 0 0 0 0 0 0 0 0 0 0 0 0 0 0 0 0 0 0 0 0 0 0 0 0 0 0 0 0 0 0 0 0 0 0 0 0 0 0 0 0 0 0 0 0 0 0 0 0 0 0 0 0 0 0 0 0 0 0 0 0 0 0 0 0 0 0 0 0 0 0 0 0 0 0 0 0 0 0 0 0 0 0 0 0 0 0
2 29 28 22 18 3 23 2 13 25 21 27 1 11 2 23 12 18 16 5 24 11 14 16 0 15 28 10 19 10 3 22 22 6 28 9 10 9 20 20 29 22 5 20 12 22 1 24 5 24 28 19 15 29 25 6 1 15 8 16 4 25 21 10 25 28 1 12 19 4 3 4 11 23 9 26 29 11 28 20 15 29 3 23 8 3 11 29 11 7 14 29 19 2 22 4 22 23 26 15
0 0 0 0 0 0 0 0 0 0 0 0 0 0 0 0 0 0 0 0 0 0 0 0 0 0 0 0 0 0 0 0 0 0 0 0 0 0 0 0 0 0 0 0 0 0 0 0 0 0 0 0 0 0 0 0 0 0 0 0 0 0 0 0 0 0 0 0 0 0 0 0 0 0 0 0 0 0 0 0 0 0 0 0 0 0 0 0 0 0 0 0 0 0 0 0 0 0 0 0
12 6 12 24 27 13 18 9 23 28 12 4 16 21 26 24 1 21 9 17 5 11 9 5 11 13 0 12 2 13 7 27 10 13 9 23 10 10 27 13 29 17 25 15 15 20 28 15 29 5 1 5 25 2 29 27 7 14 14 1 27 28 23 26 23 18 27 12 10 25 5 27 29 11 13 10 7 26 1 11 29 26 25 6 15 18 0 8 27 0 23 25 4 26 26 19 6 13 9 10
0 0 0 0 0 0 0 0 0 0 0 0 0 0 0 0 0 0 0 0 0 0 0 0 0 0 0 0 0 0 0 0 0 0 0 0 0 0 0 0 0 0 0 0 0 0 0 0 0 0 0 0 0 0 0 0 0 0 0 0 0 0 0 0 0 0 0 0 0 0 0 0 0 0 0 0 0 0 0 0 0 0 0 0 0 0 0 0 0 0 0 0 0 0 0 0 0 0 0 0
20 1 3 21 13 20 20 28 20 19 3 21 3 16 12 3 19 1 21 15 16 27 24 10 14 27 0 14 17 19 15 28 27 18 23 28 16 21 1 4 3 26 13 9 8 20 20 26 5 9 14 7 7 19 12 7 15 16 26 15 19 27 11 3 1 16 21 11 25 12 12 16 5 29 27 11 14 28 25 18 9 10 19 15 2 7 18 3 5 1 16 28 23 29 28 14 11 6 1 10
0 0 0 0 0 0 0 0 0 0 0 0 0 0 0 0 0 0 0 0 0 0 0 0 0 0 0 0 0 0 0 0 0 0 0 0 0 0 0 0 0 0 0 0 0 0 0 0 0 0 0 0 0 0 0 0 0 0 0 0 0 0 0 0 0 0 0 0 0 0 0 0 0 0 0 0 0 0 0 0 0 0 0 0 0 0 0 0 0 0 0 0 0 0 0 0 0 0 0 0
4 26 9 27 18 8 1 2 10 23 21 4 9 14 5 20 11 25 11 14 9 2 24 17 5 28 14 7 24 19 2 15 2 8 27 28 14 8 17 26 9 19 15 17 5 1 16 24 21 27 28 24 0 23 23 23 14 23 17 7 18 5 17 3 26 8 18 18 16 15 2 12 5 4 26 22 27 16 22 0 17 25 20 14 9 14 25 9 7 13 17 6 4 23 6 25 16 14 11 4
0 0 0 0 0 0 0 0 0 0 0 0 0 0 0 0 0 0 0 0 0 0 0 0 0 0 0 0 0 0 0 0 0 0 0 0 0 0 0 0 0 0 0 0 0 0 0 0 0 0 0 0 0 0 0 0 0 0 0 0 0 0 0 0 0 0 0 0 0 0 0 0 0 0 0 0 0 0 0 0 0 0 0 0 0 0 0 0 0 0 0 0 0 0 0 0 0 0 0 0
9 5 19 5 11 13 28 16 8 11 24 19 0 0 13 22 23 5 6 17 10 5 11 24 10 17 1 7 3 5 8 9 28 2 29 3 11 6 11 24 13 6 3 8 4 16 3 13 10 26 1 24 26 13 5 6 11 13 24 21 0 1 15 10 20 1 11 18 26 14 19 14 11 3 15 10 24 27 26 17 10 29 27 12 24 4 13 11 16 5 18 18 27 17 13 0 25 18 6 15
0 0 0 0 0 0 0 0 0 0 0 0 0 0 0 0 0 0 0 0 0 0 0 0 0 0 0 0 0 0 0 0 0 0 0 0 0 0 0 0 0 0 0 0 0 0 0 0 0 0 0 0 0 0 0 0 0 0 0 0 0 0 0 0 0 0 0 0 0 0 0 0 0 0 0 0 0 0 0 0 0 0 0 0 0 0 0 0 0 0 0 0 0 0 0 0 0 0 0 0
7 11 13 25 12 26 20 12 17 12 13 10 20 11 10 7 20 16 27 15 5 9 16 10 22 11 14 16 5 14 19 6 19 18 18 4 0 21 2 5 27 25 3 27 9 16 28 18 22 7 21 0 11 15 11 0 20 24 13 24 29 23 15 22 18 25 7 20 22 8 13 15 27 20 12 1 19 23 17 20 29 11 4 13 27 27 26 9 24 24 4 21 26 10 17 16 24 14 25 6
0 0 0 0 0 0 0 0 0 0 0 0 0 0 0 0 0 0 0 0 0 0 0 0 0 0 0 0 0 0 0 0 0 0 0 0 0 0 0 0 0 0 0 0 0 0 0 0 0 0 0 0 0 0 0 0 0 0 0 0 0 0 0 0 0 0 0 0 0 0 0 0 0 0 0 0 0 0 0 0 0 0 0 0 0 0 0 0 0 0 0 0 0 0 0 0 0 0 0 0
29 29 7 1 5 3 6 6 3 23 27 1 24 28 17 6 23 11 6 10 15 5 7 4 4 8 17 26 23 25 13 9 0 2 28 5 10 22 3 24 8 12 19 2 28 6 13 2 29 6 24 2 2 7 23 2 12 16 25 2 7 20 12 22 25 4 22 19 4 19 8 6 8 16 8 5 22 17 14 7 15 24 23 27 1 21 2 4 3 15 18 2 16 0 7 11 16 1 21 8
0 0 0 0 0 0 0 0 0 0 0 0 0 0 0 0 0 0 0 0 0 0 0 0 0 0 0 0 0 0 0 0 0 0 0 0 0 0 0 0 0 0 0 0 0 0 0 0 0 0 0 0 0 0 0 0 0 0 0 0 0 0 0 0 0 0 0 0 0 0 0 0 0 0 0 0 0 0 0 0 0 0 0 0 0 0 0 0 0 0 0 0 0 0 0 0 0 0 0 0
6 10 29 24 20 28 18 8 2 21 20 1 29 12 28 0 6 15 22 9 9 19 18 12 3 27 21 5 11 7 11 3 29 24 4 27 1 24 21 20 16 27 8 4 27 19 7 1 2 6 4 0 5 29 19 19 21 8 18 16 6 8 17 29 29 27 10 22 17 9 4 19 23 13 6 18 11 8 24 16 26 29 7 7 13 1 22 17 15 5 2 16 3 14 22 13 27 1 18 18
0 0 0 0 0 0 0 0 0 0 0 0 0 0 0 0 0 0 0 0 0 0 0 0 0 0 0 0 0 0 0 0 0 0 0 0 0 0 0 0 0 0 0 0 0 0 0 0 0 0 0 0 0 0 0 0 0 0 0 0 0 0 0 0 0 0 0 0 0 0 0 0 0 0 0 0 0 0 0 0 0 0 0 0 0 0 0 0 0 0 0 0 0 0 0 0 0 0 0 0
19 3 27 9 8 14 14 20 23 24 21 10 8 28 7 11 24 22 8 21 19 3 6 22 28 24 16 11 14 28 12 22 25 7 18 26 25 15 9 27 5 7 9 0 23 21 20 29 19 2 5 25 1 6 14 15 17 27 13 7 3 12 16 0 16 29 8 29 7 17 19 25 14 14 1 27 14 0 10 12 10 10 26 11 10 28 8 20 20 29 20 25 12 9 15 3 15 7 26 24
0 0 0 0 0 0 0 0 0 0 0 0 0 0 0 0 0 0 0 0 0 0 0 0 0 0 0 0 0 0 0 0 0 0 0 0 0 0 0 0 0 0 0 0 0 0 0 0 0 0 0 0 0 0 0 0 0 0 0 0 0 0 0 0 0 0 0 0 0 0 0 0 0 0 0 0 0 0 0 0 0 0 0 0 0 0 0 0 0 0 0 0 0 0 0 0 0 0 0 0
13 21 5 29 27 8 5 26 23 3 9 1 8 18 16 8 3 10 5 26 18 23 11 24 23 25 23 19 8 13 17 18 27 13 7 27 1 23 27 9 17 5 20 7 8 27 0 21 13 6 13 7 20 25 8 21 25 8 26 19 4 27 16 25 10 14 25 21 2 20 25 14 27 7 20 3 18 3 16 6 19 13 20 17 21 3 24 21 11 29 26 29 1 22 18 28 19 3 26 4
0 0 0 0 0 0 0 0 0 0 0 0 0 0 0 0 0 0 0 0 0 0 0 0 0 0 0 0 0 0 0 0 0 0 0 0 0 0 0 0 0 0 0 0 0 0 0 0 0 0 0 0 0 0 0 0 0 0 0 0 0 0 0 0 0 0 0 0 0 0 0 0 0 0 0 0 0 0 0 0 0 0 0 0 0 0 0 0 0 0 0 0 0 0 0 0 0 0 0 0
17 27 6 4 25 29 21 2 18 3 29 11 13 9 21 12 5 7 19 27 21 16 2 4 0 10 24 4 28 8 6 3 4 2 7 9 14 16 17 29 2 23 7 17 11 11 29 13 12 25 29 29 4 28 5 17 12 20 13 12 3 12 1 26 18 24 9 14 14 6 0 8 26 26 14 20 6 21 28 14 3 13 23 29 27 16 9 7 0 19 20 23 23 9 24 10 6 9 25 28
0 0 0 0 0 0 0 0 0 0 0 0 0 0 0 0 0 0 0 0 0 0 0 0 0 0 0 0 0 0 0 0 0 0 0 0 0 0 0 0 0 0 0 0 0 0 0 0 0 0 0 0 0 0 0 0 0 0 0 0 0 0 0 0 0 0 0 0 0 0 0 0 0 0 0 0 0 0 0 0 0 0 0 0 0 0 0 0 0 0 0 0 0 0 0 0 0 0 0 0
6 1 25 24 26 18 3 23 25 9 10 25 15 1 11 20 14 4 22 3 16 7 27 21 29 9 16 15 22 16 10 28 1 13 14 24 28 5 14 23 6 12 13 16 23 18 0 4 2 6 28 13 16 2 4 29 16 10 1 19 13 13 19 9 7 4 15 3 14 19 1 15 16 1 9 4 17 6 20 18 4 7 6 20 7 1 9 1 12 5 27 13 7 19 21 3 13 20 26 0
0 0 0 0 0 0 0 0 0 0 0 0 0 0 0 0 0 0 0 0 0 0 0 0 0 0 0 0 0 0 0 0 0 0 0 0 0 0 0 0 0 0 0 0 0 0 0 0 0 0 0 0 0 0 0 0 0 0 0 0 0 0 0 0 0 0 0 0 0 0 0 0 0 0 0 0 0 0 0 0 0 0 0 0 0 0 0 0 0 0 0 0 0 0 0 0 0 0 0 0
12 18 27 20 11 28 1 11 1 20 11 5 2 16 12 3 24 1 21 14 6 24 22 20 5 18 29 17 9 20 3 25 20 17 28 19 20 24 16 12 11 25 12 18 23 1 18 5 6 6 6 2 9 12 14 17 16 20 1 23 14 8 21 11 6 6 2 25 28 27 0 23 15 3 13 0 18 13 23 7 23 25 26 10 29 6 0 5 2 13 27 11 23 15 21 6 0 4 20 20
0 0 0 0 0 0 0 0 0 0 0 0 0 0 0 0 0 0 0 0 0 0 0 0 0 0 0 0 0 0 0 0 0 0 0 0 0 0 0 0 0 0 0 0 0 0 0 0 0 0 0 0 0 0 0 0 0 0 0 0 0 0 0 0 0 0 0 0 0 0 0 0 0 0 0 0 0 0 0 0 0 0 0 0 0 0 0 0 0 0 0 0 0 0 0 0 0 0 0 0
9 2 27 9 5 20 16 12 19 16 16 6 14 12 18 17 25 20 27 8 10 3 7 2 24 14 14 13 23 23 2 9 8 17 6 17 25 19 28 21 6 20 7 21 2 25 11 24 25 28 27 2 15 29 24 17 26 15 4 28 18 18 13 13 12 11 1 28 1 15 25 13 26 23 10 5 29 16 19 4 18 4 26 6 9 16 27 3 0 18 11 22 6 3 29 29 12 9 28 7
0 0 0 0 0 0 0 0 0 0 0 0 0 0 0 0 0 0 0 0 0 0 0 0 0 0 0 0 0 0 0 0 0 0 0 0 0 0 0 0 0 0 0 0 0 0 0 0 0 0 0 0 0 0 0 0 0 0 0 0 0 0 0 0 0 0 0 0 0 0 0 0 0 0 0 0 0 0 0 0 0 0 0 0 0 0 0 0 0 0 0 0 0 0 0 0 0 0 0 0
15 10 15 29 4 3 21 15 19 17 28 19 15 16 26 4 18 10 28 11 28 24 26 8 17 14 26 12 22 7 24 11 8 9 13 12 23 14 3 21 7 6 1 10 10 12 24 7 27 0 21 13 29 20 13 25 19 10 19 19 4 4 9 27 15 16 16 25 22 1 1 2 20 5 26 26 13 12 11 0 16 26 28 11 0 20 2 4 13 21 4 5 23 2 18 9 27 11 20 27
0 0 0 0 0 0 0 0 0 0 0 0 0 0 0 0 0 0 0 0 0 0 0 0 0 0 0 0 0 0 0 0 0 0 0 0 0 0 0 0 0 0 0 0 0 0 0 0 0 0 0 0 0 0 0 0 0 0 0 0 0 0 0 0 0 0 0 0 0 0 0 0 0 0 0 0 0 0 0 0 0 0 0 0 0 0 0 0 0 0 0 0 0 0 0 0 0 0 0 0
21 14 4 5 23 26 29 8 3 29 9 24 25 16 16 4 15 1 18 15 8 26 27 21 16 4 1 10 2 10 7 7 26 24 11 3 26 27 26 13 4 3 26 28 12 14 24 2 27 25 13 25 10 1 25 22 9 14 24 15 28 27 29 14 20 28 2 5 1 19 12 28 28 12 4 8 2 26 15 24 16 20 20 22 22 19 3 0 21 25 16 11 26 22 10 0 6 14 21 22
0 0 0 0 0 0 0 0 0 0 0 0 0 0 0 0 0 0 0 0 0 0 0 0 0 0 0 0 0 0 0 0 0 0 0 0 0 0 0 0 0 0 0 0 0 0 0 0 0 0 0 0 0 0 0 0 0 0 0 0 0 0 0 0 0 0 0 0 0 0 0 0 0 0 0 0 0 0 0 0 0 0 0 0 0 0 0 0 0 0 0 0 0 0 0 0 0 0 0 0
26 14 20 20 1 0 12 25 9 12 28 15 3 16 25 29 17 14 13 14 9 18 17 27 21 22 24 6 2 6 26 11 23 28 28 22 26 27 18 1 14 27 0 24 11 13 10 18 19 26 17 5 19 18 17 14 22 27 3 0 27 12 23 0 26 3 24 23 26 19 26 13 14 11 4 12 14 29 0 26 1 23 17 2 24 8 21 9 15 0 13 26 6 22 1 4 9 11 18 13
0 0 0 0 0 0 0 0 0 0 0 0 0 0 0 0 0 0 0 0 0 0 0 0 0 0 0 0 0 0 0 0 0 0 0 0 0 0 0 0 0 0 0 0 0 0 0 0 0 0 0 0 0 0 0 0 0 0 0 0 0 0 0 0 0 0 0 0 0 0 0 0 0 0 0 0 0 0 0 0 0 0 0 0 0 0 0 0 0 0 0 0 0 0 0 0 0 0 0 0
19 10 13 29 18 1 13 29 5 24 19 12 14 5 21 22 15 6 15 15 8 24 10 11 1 19 3 29 16 29 23 25 3 20 16 20 28 26 14 4 22 21 25 14 22 27 4 12 22 21 13 11 25 3 4 24 12 11 22 10 7 26 22 20 18 28 7 23 8 28 13 3 14 12 29 27 16 9 7 19 0 21 10 23 24 17 26 22 2 15 0 21 25 24 23 9 28 12 10 10
0 0 0 0 0 0 0 0 0 0 0 0 0 0 0 0 0 0 0 0 0 0 0 0 0 0 0 0 0 0 0 0 0 0 0 0 0 0 0 0 0 0 0 0 0 0 0 0 0 0 0 0 0 0 0 0 0 0 0 0 0 0 0 0 0 0 0 0 0 0 0 0 0 0 0 0 0 0 0 0 0 0 0 0 0 0 0 0 0 0 0 0 0 0 0 0 0 0 0 0
28 25 22 26 24 10 1 29 3 18 8 29 5 27 24 28 15 28 15 0 23 23 13 25 21 2 26 5 21 8 15 16 16 2 27 24 6 14 13 11 1 10 19 5 0 5 28 9 15 14 13 14 3 10 20 1 28 8 19 21 5 6 10 29 6 16 25 14 11 22 14 3 10 26 20 10 2 18 22 19 1 10 12 18 10 24 18 3 2 12 4 18 24 16 23 20 1 29 13 21
