100 100
0 0 0 0 0 0 0 0 0 0 0 0 0 0 0 0 0 0 0 0 0 0 0 0 0 0 0 0 0 0 0 0 0 0 0 0 0 0 0 0 0 0 0 0 0 0 0 0 0 0 0 0 0 0 0 0 0 0 0 0 0 0 0 0 0 0 0 0 0 0 0 0 0 0 0 0 0 0 0 0 0 0 0 0 0 0 0 0 0 0 0 0 0 0 0 0 0 0 0 0
5 24 1 20 7 10 23 0 29 9 19 10 16 14 17 1 10 15 16 20 12 16 25 29 8 9 10 16 16 11 9 8 24 23 18 6 2 27 0 29 9 27 18 11 7 29 17 23 22 22 0 29 21 28 22 9 0 11 18 9 11 6 24 10 4 11 27 23 12 24 8 3 25 4 21 19 9 28 29 17 25 27 29 3 29 2 12 10 0 15 16 7 16 1 22 6 12 6 6 14
0 0 0 0 0 0 0 0 0 0 0 0 0 0 0 0 0 0 0 0 0 0 0 0 0 0 0 0 0 0 0 0 0 0 0 0 0 0 0 0 0 0 0 0 0 0 0 0 0 0 0 0 0 0 0 0 0 0 0 0 0 0 0 0 0 0 0 0 0 0 0 0 0 0 0 0 0 0 0 0 0 0 0 0 0 0 0 0 0 0 0 0 0 0 0 0 0 0 0 0
22 0 20 29 17 0 9 15 27 5 16 1 22 15 17 11 3 19 13 12 2 9 28 23 14 16 25 11 2 5 12 21 18 7 6 14 15 17 0 29 13 6 25 8 15 23 27 10 24 25 27 10 20 2 14 6 6 25 10 22 2 6 5 7 2 26 8 5 12 7 6 26 2 24 22 18 6 5 28 9 18 1 18 8 9 0 22 7 24 0 3 24 11 18 29 16 28 7 27 7
0 0 0 0 0 0 0 0 0 0 0 0 0 0 0 0 0 0 0 0 0 0 0 0 0 0 0 0 0 0 0 0 0 0 0 0 0 0 0 0 0 0 0 0 0 0 0 0 0 0 0 0 0 0 0 0 0 0 0 0 0 0 0 0 0 0 0 0 0 0 0 0 0 0 0 0 0 0 0 0 0 0 0 0 0 0 0 0 0 0 0 0 0 0 0 0 0 0 0 0
13 28 25 7 18 9 3 10 12 18 12 25 21 23 19 25 5 24 8 6 17 2 19 9 10 29 23 13 23 26 19 15 9 23 10 5 14 10 11 3 19 10 17 15 4 1 9 5 10 18 20 8 7 5 28 20 3 8 4 4 1 15 24 12 10 22 8 7 19 0 0 22 9 29 7 20 0 1 25 19 24 15 28 23 3 0 24 19 17 5 12 14 9 8 7 1 8 3 13 24
0 0 0 0 0 0 0 0 0 0 0 0 0 0 0 0 0 0 0 0 0 0 0 0 0 0 0 0 0 0 0 0 0 0 0 0 0 0 0 0 0 0 0 0 0 0 0 0 0 0 0 0 0 0 0 0 0 0 0 0 0 0 0 0 0 0 0 0 0 0 0 0 0 0 0 0 0 0 0 0 0 0 0 0 0 0 0 0 0 0 0 0 0 0 0 0 0 0 0 0
29 7 0 4 14 19 0 27 24 28 19 20 4 21 29 6 10 6 24 16 23 2 5 28 28 18 12 26 5 0 5 13 13 0 4 27 23 2 29 10 24 8 23 19 21 14 22 13 12 29 18 22 15 1 25 18 21 29 20 6 17 3 10 24 10 22 24 12 5 2 25 8 0 18 4 7 1 29 8 27 14 19 2 18 26 10 10 28 20 20 19 9 18 28 3 20 2 14 24 23
0 0 0 0 0 0 0 0 0 0 0 0 0 0 0 0 0 0 0 0 0 0 0 0 0 0 0 0 0 0 0 0 0 0 0 0 0 0 0 0 0 0 0 0 0 0 0 0 0 0 0 0 0 0 0 0 0 0 0 0 0 0 0 0 0 0 0 0 0 0 0 0 0 0 0 0 0 0 0 0 0 0 0 0 0 0 0 0 0 0 0 0 0 0 0 0 0 0 0 0
0 15 2 4 12 13 13 4 22 0 27 15 21 17 6 25 17 14 27 11 4 6 29 17 23 9 21 29 20 7 25 5 6 9 20 29 11 19 21 7 2 4 6 15 27 12 5 8 18 23 17 11 16 11 9 27 3 27 5 24 7 1 24 16 19 23 4 8 19 4 26 6 8 19 11 0 1 22 10 19 14 5 4 25 18 25 13 16 25 18 29 19 29 1 23 29 9 27 4 16
0 0 0 0 0 0 0 0 0 0 0 0 0 0 0 0 0 0 0 0 0 0 0 0 0 0 0 0 0 0 0 0 0 0 0 0 0 0 0 0 0 0 0 0 0 0 0 0 0 0 0 0 0 0 0 0 0 0 0 0 0 0 0 0 0 0 0 0 0 0 0 0 0 0 0 0 0 0 0 0 0 0 0 0 0 0 0 0 0 0 0 0 0 0 0 0 0 0 0 0
16 20 24 24 2 28 16 0 10 10 21 14 1 19 14 0 16 2 25 12 27 24 5 8 29 25 28 13 10 13 28 24 0 17 25 29 12 27 6 28 12 12 28 26 2 23 12 9 9 4 2 6 2 15 29 11 26 15 21 17 0 7 15 4 10 29 11 26 15 4 19 18 29 18 26 19 4 20 6 7 22 12 29 26 12 7 21 27 28 1 9 18 7 21 23 15 6 10 2 0
0 0 0 0 0 0 0 0 0 0 0 0 0 0 0 0 0 0 0 0 0 0 0 0 0 0 0 0 0 0 0 0 0 0 0 0 0 0 0 0 0 0 0 0 0 0 0 0 0 0 0 0 0 0 0 0 0 0 0 0 0 0 0 0 0 0 0 0 0 0 0 0 0 0 0 0 0 0 0 0 0 0 0 0 0 0 0 0 0 0 0 0 0 0 0 0 0 0 0 0
22 19 3 3 26 8 1 8 27 17 22 23 15 8 15 13 27 4 10 22 1 27 16 14 11 3 21 7 0 15 20 11 7 12 22 24 0 14 9 20 20 28 17 12 21 15 14 11 27 4 26 16 28 7 28 10 10 13 19 4 12 14 25 12 27 18 3 2 28 6 1 19 9 26 15 3 27 5 12 3 7 23 17 17 28 27 10 13 8 12 9 23 17 15 23 3 0 8 27 8
0 0 0 0 0 0 0 0 0 0 0 0 0 0 0 0 0 0 0 0 0 0 0 0 0 0 0 0 0 0 0 0 0 0 0 0 0 0 0 0 0 0 0 0 0 0 0 0 0 0 0 0 0 0 0 0 0 0 0 0 0 0 0 0 0 0 0 0 0 0 0 0 0 0 0 0 0 0 0 0 0 0 0 0 0 0 0 0 0 0 0 0 0 0 0 0 0 0 0 0
6 12 21 21 3 9 9 6 28 29 1 6 7 4 7 12 14 27 20 14 27 25 18 13 10 8 21 7 29 18 18 10 19 7 29 9 25 14 5 10 8 1 13 12 21 17 13 26 0 16 1 28 10 4 20 0 16 27 8 10 29 29 28 25 22 29 26 7 8 19 29 25 7 7 11 27 6 25 26 16 22 4 15 16 14 8 12 14 13 14 11 3 10 5 13 13 21 27 14 4
0 0 0 0 0 0 0 0 0 0 0 0 0 0 0 0 0 0 0 0 0 0 0 0 0 0 0 0 0 0 0 0 0 0 0 0 0 0 0 0 0 0 0 0 0 0 0 0 0 0 0 0 0 0 0 0 0 0 0 0 0 0 0 0 0 0 0 0 0 0 0 0 0 0 0 0 0 0 0 0 0 0 0 0 0 0 0 0 0 0 0 0 0 0 0 0 0 0 0 0
2 21 12 23 8 4 9 2 13 23 28 23 4 4 6 1 26 15 10 16 11 7 0 11 9 0 20 18 25 24 25 3 23 11 22 26 4 12 9 3 20 27 3 27 0 11 9 12 10 21 20 22 3 21 3 3 3 4 0 5 22 8 2 22 9 4 29 12 14 8 19 25 26 15 27 0 16 9 16 20 6 8 29 21 26 6 7 20 4 1 25 3 5 29 18 15 8 9 12 22
0 0 0 0 0 0 0 0 0 0 0 0 0 0 0 0 0 0 0 0 0 0 0 0 0 0 0 0 0 0 0 0 0 0 0 0 0 0 0 0 0 0 0 0 0 0 0 0 0 0 0 0 0 0 0 0 0 0 0 0 0 0 0 0 0 0 0 0 0 0 0 0 0 0 0 0 0 0 0 0 0 0 0 0 0 0 0 0 0 0 0 0 0 0 0 0 0 0 0 0
28 19 6 23 28 16 17 23 24 28 24 11 15 7 25 8 10 11 13 2 27 8 11 17 13 6 5 22 18 2 29 3 6 15 12 22 24 10 23 0 26 5 1 14 6 10 12 10 24 9 12 18 29 19 10 8 22 20 29 25 4 4 22 4 28 21 5 23 11 0 9 26 16 9 13 16 2 8 24 8 25 12 4 2 16 3 0 12 18 11 1 29 23 9 20 11 18 14 5 29
0 0 0 0 0 0 0 0 0 0 0 0 0 0 0 0 0 0 0 0 0 0 0 0 0 0 0 0 0 0 0 0 0 0 0 0 0 0 0 0 0 0 0 0 0 0 0 0 0 0 0 0 0 0 0 0 0 0 0 0 0 0 0 0 0 0 0 0 0 0 0 0 0 0 0 0 0 0 0 0 0 0 0 0 0 0 0 0 0 0 0 0 0 0 0 0 0 0 0 0
21 2 26 22 3 6 13 10 29 22 22 7 11 28 5 25 27 29 4 3 14 6 7 2 0 4 7 5 12 5 16 3 7 9 19 15 16 25 27 13 13 14 29 10 1 29 21 21 20 21 11 6 23 29 11 1 27 19 20 9 2 19 7 2 6 9 12 2 26 26 9 10 18 26 23 17 20 27 8 15 12 8 25 25 12 14 27 8 14 1 3 6 26 22 5 20 28 22 27 18
0 0 0 0 0 0 0 0 0 0 0 0 0 0 0 0 0 0 0 0 0 0 0 0 0 0 0 0 0 0 0 0 0 0 0 0 0 0 0 0 0 0 0 0 0 0 0 0 0 0 0 0 0 0 0 0 0 0 0 0 0 0 0 0 0 0 0 0 0 0 0 0 0 0 0 0 0 0 0 0 0 0 0 0 0 0 0 0 0 0 0 0 0 0 0 0 0 0 0 0
7 21 24 20 16 8 22 21 10 29 12 10 26 19 6 15 0 13 20 9 0 13 16 27 2 13 27 0 28 26 29 1 11 4 24 29 27 0 6 8 4 19 21 2 10 9 5 13 27 24 7 29 20 5 12 9 5 20 21 13 6 23 22 0 5 7 21 24 17 8 24 20 23 25 29 16 9 11 16 26 29 27 2 25 29 14 11 7 18 25 13 24 15 10 24 21 8 28 22 29
0 0 0 0 0 0 0 0 0 0 0 0 0 0 0 0 0 0 0 0 0 0 0 0 0 0 0 0 0 0 0 0 0 0 0 0 0 0 0 0 0 0 0 0 0 0 0 0 0 0 0 0 0 0 0 0 0 0 0 0 0 0 0 0 0 0 0 0 0 0 0 0 0 0 0 0 0 0 0 0 0 0 0 0 0 0 0 0 0 0 0 0 0 0 0 0 0 0 0 0
0 16 7 24 9 4 16 2 13 9 9 17 15 10 1 1 16 4 10 5 24 29 20 0 0 7 27 4 1 28 12 20 2 21 23 5 20 5 7 11 15 2 9 2 24 12 12 1 1 24 19 26 27 29 28 12 4 23 6 12 16 1 23 26 0 9 26 21 27 19 3 1 10 14 20 24 11 21 10 18 2 10 0 17 17 6 9 19 1 17 8 24 4 2 13 24 25 12 4 2
0 0 0 0 0 0 0 0 0 0 0 0 0 0 0 0 0 0 0 0 0 0 0 0 0 0 0 0 0 0 0 0 0 0 0 0 0 0 0 0 0 0 0 0 0 0 0 0 0 0 0 0 0 0 0 0 0 0 0 0 0 0 0 0 0 0 0 0 0 0 0 0 0 0 0 0 0 0 0 0 0 0 0 0 0 0 0 0 0 0 0 0 0 0 0 0 0 0 0 0
3 29 27 13 4 5 1 3 28 6 15 22 24 7 0 25 27 3 18 18 3 15 11 29 10 2 8 22 22 12 10 9 23 25 15 0 0 25 12 23 29 8 19 26 16 4 1 13 0 24 17 6 22 3 19 6 4 5 6 2 27 9 14 2 5 9 7 3 9 16 21 1 22 11 13 17 24 4 7 20 5 3 17 11 20 19 28 5 3 9 3 13 8 19 18 12 1 5 0 21
0 0 0 0 0 0 0 0 0 0 0 0 0 0 0 0 0 0 0 0 0 0 0 0 0 0 0 0 0 0 0 0 0 0 0 0 0 0 0 0 0 0 0 0 0 0 0 0 0 0 0 0 0 0 0 0 0 0 0 0 0 0 0 0 0 0 0 0 0 0 0 0 0 0 0 0 0 0 0 0 0 0 0 0 0 0 0 0 0 0 0 0 0 0 0 0 0 0 0 0
10 2 7 0 1 25 23 16 21 4 1 9 20 9 28 14 9 23 19 5 3 8 11 23 8 8 15 29 27 6 15 28 11 19 2 5 26 9 18 2 27 0 21 22 1 8 2 22 5 6 24 19 20 12 5 19 14 12 26 19 25 22 1 7 14 0 2 27 16 18 19 20 15 1 21 12 10 22 12 16 6 6 25 18 21 4 4 29 0 24 17 16 19 21 0 8 12 19 2 0
0 0 0 0 0 0 0 0 0 0 0 0 0 0 0 0 0 0 0 0 0 0 0 0 0 0 0 0 0 0 0 0 0 0 0 0 0 0 0 0 0 0 0 0 0 0 0 0 0 0 0 0 0 0 0 0 0 0 0 0 0 0 0 0 0 0 0 0 0 0 0 0 0 0 0 0 0 0 0 0 0 0 0 0 0 0 0 0 0 0 0 0 0 0 0 0 0 0 0 0
14 4 1 5 26 27 4 21 19 21 14 11 22 2 9 24 12 4 17 7 21 0 18 8 11 19 8 8 26 29 10 0 27 4 6 17 0 17 10 6 16 1 6 5 20 8 2 3 23 16 28 1 26 6 12 16 13 2 21 13 2 29 8 11 21 2 10 5 24 27 20 23 11 4 21 11 15 23 5 27 24 12 26 1 15 2 25 13 27 21 13 6 29 25 5 0 19 10 25 16
0 0 0 0 0 0 0 0 0 0 0 0 0 0 0 0 0 0 0 0 0 0 0 0 0 0 0 0 0 0 0 0 0 0 0 0 0 0 0 0 0 0 0 0 0 0 0 0 0 0 0 0 0 0 0 0 0 0 0 0 0 0 0 0 0 0 0 0 0 0 0 0 0 0 0 0 0 0 0 0 0 0 0 0 0 0 0 0 0 0 0 0 0 0 0 0 0 0 0 0
13 1 4 14 24 8 16 5 25 11 17 2 14 13 13 22 5 28 11 7 5 20 4 2 28 7 24 5 13 24 3 29 22 3 18 11 29 8 28 18 27 29 15 3 28 6 1 1 17 26 22 13 13 8 8 15 11 15 17 12 26 0 12 9 17 12 19 27 29 28 21 26 22 21 11 4 10 0 3 19 27 26 13 11 17 19 1 14 27 13 8 19 19 6 22 3 22 16 23 20
0 0 0 0 0 0 0 0 0 0 0 0 0 0 0 0 0 0 0 0 0 0 0 0 0 0 0 0 0 0 0 0 0 0 0 0 0 0 0 0 0 0 0 0 0 0 0 0 0 0 0 0 0 0 0 0 0 0 0 0 0 0 0 0 0 0 0 0 0 0 0 0 0 0 0 0 0 0 0 0 0 0 0 0 0 0 0 0 0 0 0 0 0 0 0 0 0 0 0 0
19 24 25 28 8 26 13 18 11 28 19 16 4 11 2 27 22 14 11 13 3 24 27 18 12 10 4 22 18 19 9 14 24 24 26 17 0 16 3 20 18 10 25 27 27 29 21 0 1 13 7 21 23 14 18 26 26 8 21 15 26 22 13 24 20 26 2 8 16 12 19 3 19 4 25 15 18 15 15 25 16 12 16 16 21 3 11 13 11 19 25 9 2 17 7 0 9 2 22 24
0 0 0 0 0 0 0 0 0 0 0 0 0 0 0 0 0 0 0 0 0 0 0 0 0 0 0 0 0 0 0 0 0 0 0 0 0 0 0 0 0 0 0 0 0 0 0 0 0 0 0 0 0 0 0 0 0 0 0 0 0 0 0 0 0 0 0 0 0 0 0 0 0 0 0 0 0 0 0 0 0 0 0 0 0 0 0 0 0 0 0 0 0 0 0 0 0 0 0 0
27 26 15 16 1 25 26 15 4 23 3 28 10 29 5 19 6 15 24 24 18 27 14 14 29 1 6 7 28 14 2 21 10 2 9 14 24 7 5 6 1 0 9 12 20 27 12 25 7 14 19 8 2 10 15 11 22 11 10 12 24 24 12 6 9 8 15 26 9 6 2 18 6 2 9 9 2 4 19 19 9 20 2 17 5 24 8 5 9 16 27 21 24 0 0 26 17 0 21 7
0 0 0 0 0 0 0 0 0 0 0 0 0 0 0 0 0 0 0 0 0 0 0 0 0 0 0 0 0 0 0 0 0 0 0 0 0 0 0 0 0 0 0 0 0 0 0 0 0 0 0 0 0 0 0 0 0 0 0 0 0 0 0 0 0 0 0 0 0 0 0 0 0 0 0 0 0 0 0 0 0 0 0 0 0 0 0 0 0 0 0 0 0 0 0 0 0 0 0 0
13 6 3 20 10 12 12 11 9 17 21 10 9 9 13 11 4 29 7 13 3 25 28 29 18 7 7 22 1 28 26 16 22 15 14 20 1 28 6 1 23 11 19 0 5 13 29 26 24 17 15 18 15 22 3 14 18 7 1 3 25 6 25 9 3 14 28 19 8 1 3 18 23 0 26 4 17 20 25 20 25 6 14 10 3 28 22 3 14 4 2 0 28 21 23 29 23 28 19 11
0 0 0 0 0 0 0 0 0 0 0 0 0 0 0 0 0 0 0 0 0 0 0 0 0 0 0 0 0 0 0 0 0 0 0 0 0 0 0 0 0 0 0 0 0 0 0 0 0 0 0 0 0 0 0 0 0 0 0 0 0 0 0 0 0 0 0 0 0 0 0 0 0 0 0 0 0 0 0 0 0 0 0 0 0 0 0 0 0 0 0 0 0 0 0 0 0 0 0 0
15 9 6 23 18 16 6 2 4 21 19 2 2 15 0 29 24 7 24 26 28 24 9 24 11 11 24 19 24 23 19 3 15 15 23 11 22 17 11 19 21 0 11 14 10 4 16 0 2 29 0 4 28 29 23 8 8 0 4 22 12 12 25 6 11 9 8 4 8 25 25 5 18 13 12 3 5 13 26 17 2 10 12 6 14 6 8 9 5 14 0 11 4 1 28 20 1 27 22 2
0 0 0 0 0 0 0 0 0 0 0 0 0 0 0 0 0 0 0 0 0 0 0 0 0 0 0 0 0 0 0 0 0 0 0 0 0 0 0 0 0 0 0 0 0 0 0 0 0 0 0 0 0 0 0 0 0 0 0 0 0 0 0 0 0 0 0 0 0 0 0 0 0 0 0 0 0 0 0 0 0 0 0 0 0 0 0 0 0 0 0 0 0 0 0 0 0 0 0 0
25 10 26 7 20 2 4 19 11 20 13 11 29 10 22 29 16 16 20 21 5 13 0 8 19 24 28 2 20 19 7 16 5 12 8 6 20 29 29 12 21 25 27 9 17 17 20 22 20 1 24 1 23 19 18 8 12 23 25 6 3 9 18 0 21 14 27 20 10 24 19 7 4 18 0 26 17 19 8 12 3 10 12 14 14 20 29 3 8 14 20 13 12 20 17 25 17 14 9 6
0 0 0 0 0 0 0 0 0 0 0 0 0 0 0 0 0 0 0 0 0 0 0 0 0 0 0 0 0 0 0 0 0 0 0 0 0 0 0 0 0 0 0 0 0 0 0 0 0 0 0 0 0 0 0 0 0 0 0 0 0 0 0 0 0 0 0 0 0 0 0 0 0 0 0 0 0 0 0 0 0 0 0 0 0 0 0 0 0 0 0 0 0 0 0 0 0 0 0 0
21 1 3 1 27 25 7 21 5 16 28 2 8 25 12 17 6 4 14 20 5 11 11 3 20 25 22 24 28 22 16 28 6 23 28 6 5 26 6 25 2 16 6 12 4 4 1 7 29 2 25 29 5 27 14 15 12 24 26 22 11 18 21 15 23 16 22 8 2 13 12 22 19 8 1 21 9 7 19 9 21 12 22 11 13 4 7 8 12 2 7 6 14 24 25 17 2 25 25 22
0 0 0 0 0 0 0 0 0 0 0 0 0 0 0 0 0 0 0 0 0 0 0 0 0 0 0 0 0 0 0 0 0 0 0 0 0 0 0 0 0 0 0 0 0 0 0 0 0 0 0 0 0 0 0 0 0 0 0 0 0 0 0 0 0 0 0 0 0 0 0 0 0 0 0 0 0 0 0 0 0 0 0 0 0 0 0 0 0 0 0 0 0 0 0 0 0 0 0 0
16 1 25 17 9 26 28 14 13 4 8 6 1 1 23 5 6 19 1 29 26 21 27 10 24 16 21 29 16 4 13 28 20 0 25 18 10 4 8 0 27 29 23 9 25 20 12 23 2 13 21 23 17 11 27 19 11 6 13 4 0 18 5 17 3 8 27 18 12 24 19 16 16 4 18 1 21 21 0 20 16 20 29 15 28 24 28 23 0 27 25 13 25 16 2 8 9 23 23 9
0 0 0 0 0 0 0 0 0 0 0 0 0 0 0 0 0 0 0 0 0 0 0 0 0 0 0 0 0 0 0 0 0 0 0 0 0 0 0 0 0 0 0 0 0 0 0 0 0 0 0 0 0 0 0 0 0 0 0 0 0 0 0 0 0 0 0 0 0 0 0 0 0 0 0 0 0 0 0 0 0 0 0 0 0 0 0 0 0 0 0 0 0 0 0 0 0 0 0 0
9 18 13 5 19 14 26 16 15 24 28 16 3 16 15 2 4 8 12 17 26 11 2 25 10 22 20 14 21 3 23 6 15 12 3 12 0 27 21 29 16 16 28 6 21 9 25 4 2 5 23 21 8 11 25 22 9 19 23 2 6 18 5 10 10 24 26 10 19 20 29 1 4 2 12 26 3 25 20 16 10 14 1 6 0 10 5 1 0 29 29 17 26 14 26 7 15 11 17 0
0 0 0 0 0 0 0 0 0 0 0 0 0 0 0 0 0 0 0 0 0 0 0 0 0 0 0 0 0 0 0 0 0 0 0 0 0 0 0 0 0 0 0 0 0 0 0 0 0 0 0 0 0 0 0 0 0 0 0 0 0 0 0 0 0 0 0 0 0 0 0 0 0 0 0 0 0 0 0 0 0 0 0 0 0 0 0 0 0 0 0 0 0 0 0 0 0 0 0 0
18 6 11 11 29 8 3 9 20 17 5 21 2 25 22 1 12 10 0 28 14 24 27 18 19 8 7 12 15 1 20 8 29 15 27 6 25 5 17 22 10 27 4 24 25 27 13 24 8 7 28 20 20 9 9 13 8 22 8 19 7 0 23 27 18 29 1 0 21 13 12 14 6 28 1 0 6 3 15 12 22 7 25 27 16 2 17 29 5 10 5 7 19 26 18 24 25 15 26 20
0 0 0 0 0 0 0 0 0 0 0 0 0 0 0 0 0 0 0 0 0 0 0 0 0 0 0 0 0 0 0 0 0 0 0 0 0 0 0 0 0 0 0 0 0 0 0 0 0 0 0 0 0 0 0 0 0 0 0 0 0 0 0 0 0 0 0 0 0 0 0 0 0 0 0 0 0 0 0 0 0 0 0 0 0 0 0 0 0 0 0 0 0 0 0 0 0 0 0 0
8 2 5 8 12 24 22 6 27 17 4 13 4 26 17 18 9 29 8 28 6 0 0 16 25 7 7 0 2 8 0 20 13 10 18 5 15 6 9 11 23 13 0 28 3 7 2 22 2 8 20 18 23 2 22 17 0 9 22 20 13 14 1 23 10 19 9 14 2 26 19 29 15 29 25 29 12 28 2 9 15 5 18 12 23 18 24 5 13 18 1 26 17 18 12 13 3 27 17 15
0 0 0 0 0 0 0 0 0 0 0 0 0 0 0 0 0 0 0 0 0 0 0 0 0 0 0 0 0 0 0 0 0 0 0 0 0 0 0 0 0 0 0 0 0 0 0 0 0 0 0 0 0 0 0 0 0 0 0 0 0 0 0 0 0 0 0 0 0 0 0 0 0 0 0 0 0 0 0 0 0 0 0 0 0 0 0 0 0 0 0 0 0 0 0 0 0 0 0 0
11 29 27 27 1 5 4 23 2 15 15 0 29 19 0 11 14 2 2 19 15 14 20 15 23 6 24 19 11 21 12 7 21 23 19 12 10 0 0 7 25 27 23 17 1 14 14 15 23 28 0 18 28 17 23 19 18 22 1 12 5 23 25 3 14 3 1 27 16 2 1 10 22 27 19 23 15 15 7 22 3 10 0 20 11 12 28 7 2 18 3 13 17 2 16 24 15 13 20 13
0 0 0 0 0 0 0 0 0 0 0 0 0 0 0 0 0 0 0 0 0 0 0 0 0 0 0 0 0 0 0 0 0 0 0 0 0 0 0 0 0 0 0 0 0 0 0 0 0 0 0 0 0 0 0 0 0 0 0 0 0 0 0 0 0 0 0 0 0 0 0 0 0 0 0 0 0 0 0 0 0 0 0 0 0 0 0 0 0 0 0 0 0 0 0 0 0 0 0 0
26 29 11 23 11 16 0 12 13 14 9 13 3 19 11 4 13 29 3 19 29 26 17 1 4 25 25 9 27 0 12 5 17 4 28 8 2 27 7 27 4 4 5 2 11 23 19 26 6 6 20 16 0 26 11 14 17 2 13 9 4 18 25 4 25 13 13 14 19 8 26 11 1 1 29 6 15 24 12 2 25 21 20 9 28 11 3 15 18 13 24 23 9 11 26 17 13 14 20 5
0 0 0 0 0 0 0 0 0 0 0 0 0 0 0 0 0 0 0 0 0 0 0 0 0 0 0 0 0 0 0 0 0 0 0 0 0 0 0 0 0 0 0 0 0 0 0 0 0 0 0 0 0 0 0 0 0 0 0 0 0 0 0 0 0 0 0 0 0 0 0 0 0 0 0 0 0 0 0 0 0 0 0 0 0 0 0 0 0 0 0 0 0 0 0 0 0 0 0 0
1 25 9 23 5 11 15 10 19 2 23 7 8 10 2 11 19 29 23 5 0 2 5 15 25 15 23 29 28 17 19 2 16 16 11 28 5 2 14 1 13 15 27 26 27 25 16 27 18 25 0 23 12 23 4 4 0 8 21 4 10 1 21 21 2 22 25 12 7 29 16 10 1 3 8 9 13 28 10 19 4 10 6 9 14 3 29 14 29 8 24 1 27 20 22 15 12 13 28 6
0 0 0 0 0 0 0 0 0 0 0 0 0 0 0 0 0 0 0 0 0 0 0 0 0 0 0 0 0 0 0 0 0 0 0 0 0 0 0 0 0 0 0 0 0 0 0 0 0 0 0 0 0 0 0 0 0 0 0 0 0 0 0 0 0 0 0 0 0 0 0 0 0 0 0 0 0 0 0 0 0 0 0 0 0 0 0 0 0 0 0 0 0 0 0 0 0 0 0 0
23 26 13 10 27 20 4 20 6 10 5 12 6 20 25 13 19 5 25 1 13 5 16 15 27 10 11 9 3 5 12 12 20 22 20 10 7 19 6 20 22 17 13 22 16 11 2 27 14 15 12 16 0 14 18 15 7 2 3 9 27 2 15 3 15 10 2 6 15 4 12 28 13 7 4 17 24 23 14 23 9 18 18 16 19 13 18 12 25 8 13 1 11 18 21 11 18 6 0 13
0 0 0 0 0 0 0 0 0 0 0 0 0 0 0 0 0 0 0 0 0 0 0 0 0 0 0 0 0 0 0 0 0 0 0 0 0 0 0 0 0 0 0 0 0 0 0 0 0 0 0 0 0 0 0 0 0 0 0 0 0 0 0 0 0 0 0 0 0 0 0 0 0 0 0 0 0 0 0 0 0 0 0 0 0 0 0 0 0 0 0 0 0 0 0 0 0 0 0 0
12 23 22 6 16 8 8 18 29 2 25 20 22 10 12 16 3 14 8 13 11 4 11 24 12 16 16 23 2 16 24 21 17 23 6 9 18 6 26 10 20 23 23 20 2 19 12 25 16 7 15 29 22 0 21 4 0 11 16 20 12 14 4 10 5 7 11 8 10 25 1 6 16 17 3 18 24 7 26 15 28 16 21 2 23 20 3 2 9 27 9 20 10 18 16 14 22 14 2 14
0 0 0 0 0 0 0 0 0 0 0 0 0 0 0 0 0 0 0 0 0 0 0 0 0 0 0 0 0 0 0 0 0 0 0 0 0 0 0 0 0 0 0 0 0 0 0 0 0 0 0 0 0 0 0 0 0 0 0 0 0 0 0 0 0 0 0 0 0 0 0 0 0 0 0 0 0 0 0 0 0 0 0 0 0 0 0 0 0 0 0 0 0 0 0 0 0 0 0 0
14 17 5 7 11 0 3 24 29 7 27 0 28 5 16 23 24 5 13 5 8 15 19 18 5 23 28 19 20 27 15 28 14 26 28 5 18 5 19 14 0 29 21 8 21 2 21 12 19 2 5 14 6 1 18 10 2 18 27 2 0 2 16 2 15 8 16 6 28 4 8 12 11 20 11 22 24 13 15 18 11 27 7 10 2 17 9 15 29 5 1 16 9 15 21 10 22 12 20 6
0 0 0 0 0 0 0 0 0 0 0 0 0 0 0 0 0 0 0 0 0 0 0 0 0 0 0 0 0 0 0 0 0 0 0 0 0 0 0 0 0 0 0 0 0 0 0 0 0 0 0 0 0 0 0 0 0 0 0 0 0 0 0 0 0 0 0 0 0 0 0 0 0 0 0 0 0 0 0 0 0 0 0 0 0 0 0 0 0 0 0 0 0 0 0 0 0 0 0 0
29 13 8 14 14 26 7 11 25 19 14 21 7 27 20 16 25 17 1 23 25 7 6 24 23 5 27 15 15 26 14 24 19 2 29 3 8 6 29 10 26 12 6 25 14 4 23 21 19 23 23 29 22 6 24 6 15 28 2 17 7 8 28 12 1 5 14 12 18 16 28 12 15 1 25 8 9 8 12 4 20 2 13 24 19 8 0 27 26 27 20 29 21 2 13 14 8 27 29 24
0 0 0 0 0 0 0 0 0 0 0 0 0 0 0 0 0 0 0 0 0 0 0 0 0 0 0 0 0 0 0 0 0 0 0 0 0 0 0 0 0 0 0 0 0 0 0 0 0 0 0 0 0 0 0 0 0 0 0 0 0 0 0 0 0 0 0 0 0 0 0 0 0 0 0 0 0 0 0 0 0 0 0 0 0 0 0 0 0 0 0 0 0 0 0 0 0 0 0 0
2 12 6 23 4 15 23 15 12 1 13 15 25 8 9 11 1 29 18 16 26 5 20 0 29 14 4 10 18 0 3 29 17 25 27 19 19 27 12 10 21 29 1 25 15 4 10 19 10 11 2 2 12 5 12 27 18 4 15 7 12 23 28 16 10 20 28 9 20 2 4 28 19 6 28 17 7 7 5 29 23 20 15 12 19 24 3 21 25 12 14 23 11 5 20 14 13 21 24 29
0 0 0 0 0 0 0 0 0 0 0 0 0 0 0 0 0 0 0 0 0 0 0 0 0 0 0 0 0 0 0 0 0 0 0 0 0 0 0 0 0 0 0 0 0 0 0 0 0 0 0 0 0 0 0 0 0 0 0 0 0 0 0 0 0 0 0 0 0 0 0 0 0 0 0 0 0 0 0 0 0 0 0 0 0 0 0 0 0 0 0 0 0 0 0 0 0 0 0 0
5 24 26 20 1 13 4 22 3 11 19 19 4 11 6 15 11 16 0 19 20 17 18 7 24 24 20 12 26 5 29 20 2 10 29 6 16 4 26 17 27 7 4 14 14 14 27 8 25 4 14 24 2 17 13 15 25 24 0 17 20 4 15 11 24 23 16 22 20 4 2 11 20 12 24 14 14 26 14 7 0 4 21 14 13 4 25 10 0 27 18 27 8 16 22 27 6 17 23 11
0 0 0 0 0 0 0 0 0 0 0 0 0 0 0 0 0 0 0 0 0 0 0 0 0 0 0 0 0 0 0 0 0 0 0 0 0 0 0 0 0 0 0 0 0 0 0 0 0 0 0 0 0 0 0 0 0 0 0 0 0 0 0 0 0 0 0 0 0 0 0 0 0 0 0 0 0 0 0 0 0 0 0 0 0 0 0 0 0 0 0 0 0 0 0 0 0 0 0 0
1 4 0 11 19 11 29 3 2 24 4 23 14 21 3 12 16 2 20 19 20 27 25 3 19 25 0 7 13 15 16 18 5 8 11 27 9 23 23 8 15 14 13 5 21 17 10 12 20 23 3 5 24 13 23 11 12 3 28 7 7 17 26 17 0 20 11 20 24 18 12 0 4 8 27 10 10 9 10 26 15 27 19 11 13 19 24 6 7 6 1 10 0 29 0 14 26 26 21 17
0 0 0 0 0 0 0 0 0 0 0 0 0 0 0 0 0 0 0 0 0 0 0 0 0 0 0 0 0 0 0 0 0 0 0 0 0 0 0 0 0 0 0 0 0 0 0 0 0 0 0 0 0 0 0 0 0 0 0 0 0 0 0 0 0 0 0 0 0 0 0 0 0 0 0 0 0 0 0 0 0 0 0 0 0 0 0 0 0 0 0 0 0 0 0 0 0 0 0 0
5 5 2 23 11 3 25 25 22 22 25 24 18 8 0 8 15 16 17 10 0 2 15 20 21 3 16 8 21 18 29 9 21 0 21 7 17 4 21 17 6 24 17 8 9 6 0 25 1 6 17 22 2 7 26 22 5 26 16 13 11 25 27 23 18 3 15 7 17 15 25 19 3 22 3 19 21 3 29 4 25 24 24 5 0 23 13 6 25 6 28 12 26 5 12 28 4 4 13 21
0 0 0 0 0 0 0 0 0 0 0 0 0 0 0 0 0 0 0 0 0 0 0 0 0 0 0 0 0 0 0 0 0 0 0 0 0 0 0 0 0 0 0 0 0 0 0 0 0 0 0 0 0 0 0 0 0 0 0 0 0 0 0 0 0 0 0 0 0 0 0 0 0 0 0 0 0 0 0 0 0 0 0 0 0 0 0 0 0 0 0 0 0 0 0 0 0 0 0 0
13 23 22 28 11 12 16 22 23 22 0 2 22 8 24 18 11 11 10 15 5 4 10 20 9 6 10 15 8 7 20 28 6 4 4 25 26 4 0 28 24 25 9 0 21 28 4 10 19 13 27 18 11 18 15 6 17 20 27 13 13 14 17 27 26 26 17 2 9 15 5 11 14 18 16 11 14 19 14 19 4 25 11 22 27 15 12 15 7 25 8 13 16 3 12 13 22 1 10 12
0 0 0 0 0 0 0 0 0 0 0 0 0 0 0 0 0 0 0 0 0 0 0 0 0 0 0 0 0 0 0 0 0 0 0 0 0 0 0 0 0 0 0 0 0 0 0 0 0 0 0 0 0 0 0 0 0 0 0 0 0 0 0 0 0 0 0 0 0 0 0 0 0 0 0 0 0 0 0 0 0 0 0 0 0 0 0 0 0 0 0 0 0 0 0 0 0 0 0 0
27 27 22 10 1 19 14 24 16 1 12 0 10 11 20 18 2 25 19 25 11 25 9 1 22 10 3 15 29 9 10 4 2 2 15 16 12 16 2 22 23 25 28 21 19 23 10 14 24 6 14 27 15 24 28 26 25 4 29 28 9 26 13 25 17 2 28 16 8 17 22 10 20 22 29 26 9 16 26 15 27 15 25 7 6 0 24 23 29 1 9 15 11 24 11 8 13 7 20 1
0 0 0 0 0 0 0 0 0 0 0 0 0 0 0 0 0 0 0 0 0 0 0 0 0 0 0 0 0 0 0 0 0 0 0 0 0 0 0 0 0 0 0 0 0 0 0 0 0 0 0 0 0 0 0 0 0 0 0 0 0 0 0 0 0 0 0 0 0 0 0 0 0 0 0 0 0 0 0 0 0 0 0 0 0 0 0 0 0 0 0 0 0 0 0 0 0 0 0 0
14 28 8 9 2 14 5 28 13 13 19 16 7 11 17 4 13 7 8 19 21 11 24 10 3 14 10 16 26 2 1 4 12 10 25 8 11 10 28 2 22 6 24 22 17 22 14 26 29 19 16 25 18 18 14 26 4 22 25 20 13 15 29 16 5 9 19 1 4 3 15 8 23 8 20 5 23 25 20 6 28 13 8 16 26 6 25 15 1 5 22 2 14 5 11 27 24 29 26 21
0 0 0 0 0 0 0 0 0 0 0 0 0 0 0 0 0 0 0 0 0 0 0 0 0 0 0 0 0 0 0 0 0 0 0 0 0 0 0 0 0 0 0 0 0 0 0 0 0 0 0 0 0 0 0 0 0 0 0 0 0 0 0 0 0 0 0 0 0 0 0 0 0 0 0 0 0 0 0 0 0 0 0 0 0 0 0 0 0 0 0 0 0 0 0 0 0 0 0 0
22 4 27 10 4 27 16 11 13 20 8 29 2 11 21 25 10 23 3 9 20 10 17 29 24 28 1 26 3 0 24 17 27 0 28 5 20 7 19 18 13 13 15 21 9 9 5 22 26 5 8 3 10 25 15 2 28 25 12 4 10 12 14 8 22 25 6 25 11 20 28 10 26 8 3 13 5 11 6 0 25 5 20 0 24 6 6 18 18 10 12 4 8 23 29 11 20 10 2 5
0 0 0 0 0 0 0 0 0 0 0 0 0 0 0 0 0 0 0 0 0 0 0 0 0 0 0 0 0 0 0 0 0 0 0 0 0 0 0 0 0 0 0 0 0 0 0 0 0 0 0 0 0 0 0 0 0 0 0 0 0 0 0 0 0 0 0 0 0 0 0 0 0 0 0 0 0 0 0 0 0 0 0 0 0 0 0 0 0 0 0 0 0 0 0 0 0 0 0 0
17 14 24 6 1 29 10 7 26 3 20 5 14 29 19 17 10 19 11 24 3 3 15 3 18 29 29 16 29 29 0 7 0 21 25 14 6 2 7 14 21 16 6 19 17 7 29 21 13 24 23 13 18 17 14 20 25 22 18 2 2 10 20 15 11 15 13 21 12 9 6 6 15 15 15 17 13 2 22 8 24 18 7 6 23 6 11 26 9 10 10 19 19 8 25 22 4 3 24 6
0 0 0 0 0 0 0 0 0 0 0 0 0 0 0 0 0 0 0 0 0 0 0 0 0 0 0 0 0 0 0 0 0 0 0 0 0 0 0 0 0 0 0 0 0 0 0 0 0 0 0 0 0 0 0 0 0 0 0 0 0 0 0 0 0 0 0 0 0 0 0 0 0 0 0 0 0 0 0 0 0 0 0 0 0 0 0 0 0 0 0 0 0 0 0 0 0 0 0 0
26 10 9 8 1 0 10 28 7 2 1 3 11 1 1 12 16 9 16 27 22 20 4 10 19 4 9 27 21 7 3 2 24 7 16 1 17 16 4 28 22 7 27 19 17 5 24 16 11 10 10 14 0 18 17 27 5 9 12 2 1 8 27 10 5 19 8 2 26 13 16 29 24 21 3 29 1 26 13 20 14 14 28 9 28 28 29 19 17 14 21 11 29 5 0 27 17 28 18 16
0 0 0 0 0 0 0 0 0 0 0 0 0 0 0 0 0 0 0 0 0 0 0 0 0 0 0 0 0 0 0 0 0 0 0 0 0 0 0 0 0 0 0 0 0 0 0 0 0 0 0 0 0 0 0 0 0 0 0 0 0 0 0 0 0 0 0 0 0 0 0 0 0 0 0 0 0 0 0 0 0 0 0 0 0 0 0 0 0 0 0 0 0 0 0 0 0 0 0 0
18 11 3 18 27 27 15 8 11 10 6 7 25 23 18 13 26 20 28 23 14 15 6 23 3 19 22 24 15 20 8 0 24 8 28 15 12 27 5 27 13 19 15 12 14 9 16 18 18 8 4 4 26 22 22 20 24 13 15 14 0 27 12 27 1 22 22 5 28 23 16 3 2 17 27 10 27 0 2 9 20 18 15 15 12 20 5 13 11 1 20 28 6 23 2 3 23 3 7 17
0 0 0 0 0 0 0 0 0 0 0 0 0 0 0 0 0 0 0 0 0 0 0 0 0 0 0 0 0 0 0 0 0 0 0 0 0 0 0 0 0 0 0 0 0 0 0 0 0 0 0 0 0 0 0 0 0 0 0 0 0 0 0 0 0 0 0 0 0 0 0 0 0 0 0 0 0 0 0 0 0 0 0 0 0 0 0 0 0 0 0 0 0 0 0 0 0 0 0 0
1 14 16 29 9 2 14 28 28 4 14 25 19 8 22 22 7 21 19 1 2 10 23 28 20 1 29 15 11 18 5 14 26 12 5 0 12 26 24 22 3 8 27 6 29 3 4 2 21 17 25 19 6 17 22 21 7 12 22 22 27 5 9 11 4 29 12 18 12 2 8 16 8 0 14 5 2 23 23 11 21 0 23 28 21 20 12 0 25 10 21 7 0 5 15 1 27 13 18 28
0 0 0 0 0 0 0 0 0 0 0 0 0 0 0 0 0 0 0 0 0 0 0 0 0 0 0 0 0 0 0 0 0 0 0 0 0 0 0 0 0 0 0 0 0 0 0 0 0 0 0 0 0 0 0 0 0 0 0 0 0 0 0 0 0 0 0 0 0 0 0 0 0 0 0 0 0 0 0 0 0 0 0 0 0 0 0 0 0 0 0 0 0 0 0 0 0 0 0 0
0 14 25 13 15 9 13 8 28 14 7 7 22 4 27 4 4 0 16 4 24 20 10 5 13 1 3 7 12 26 3 23 13 17 29 1 27 21 14 10 22 24 11 21 20 11 10 28 2 9 10 2 3 14 7 13 22 5 16 9 4 13 9 0 17 4 28 27 21 25 5 13 11 19 13 20 22 21 12 8 1 11 4 28 13 0 14 8 28 5 0 20 15 23 18 4 4 22 8 12
0 0 0 0 0 0 0 0 0 0 0 0 0 0 0 0 0 0 0 0 0 0 0 0 0 0 0 0 0 0 0 0 0 0 0 0 0 0 0 0 0 0 0 0 0 0 0 0 0 0 0 0 0 0 0 0 0 0 0 0 0 0 0 0 0 0 0 0 0 0 0 0 0 0 0 0 0 0 0 0 0 0 0 0 0 0 0 0 0 0 0 0 0 0 0 0 0 0 0 0
28 9 15 10 27 5 25 22 21 29 29 27 18 10 5 5 7 14 6 10 0 26 28 6 0 0 0 26 7 8 17 11 24 27 27 12 23 20 10 13 23 15 14 17 5 26 5 19 28 0 10 2 4 27 28 20 28 5 14 7 15 22 28 29 9 19 21 12 14 6 22 0 21 1 26 29 3 16 4 3 10 6 12 28 9 26 22 6 1 0 9 21 7 21 24 23 10 6 19 15
0 0 0 0 0 0 0 0 0 0 0 0 0 0 0 0 0 0 0 0 0 0 0 0 0 0 0 0 0 0 0 0 0 0 0 0 0 0 0 0 0 0 0 0 0 0 0 0 0 0 0 0 0 0 0 0 0 0 0 0 0 0 0 0 0 0 0 0 0 0 0 0 0 0 0 0 0 0 0 0 0 0 0 0 0 0 0 0 0 0 0 0 0 0 0 0 0 0 0 0
18 29 11 6 17 9 5 4 29 18 20 29 27 19 18 6 4 8 15 24 9 27 11 7 1 7 19 7 26 6 11 23 12 14 10 17 28 13 5 1 10 15 24 6 12 7 23 15 23 15 3 16 21 16 8 4 28 1 13 20 21 22 28 23 12 5 2 24 23 9 5 21 20 0 29 7 6 13 15 20 10 1 21 1 20 21 19 19 13 27 14 0 2 3 12 19 25 16 1 22
0 0 0 0 0 0 0 0 0 0 0 0 0 0 0 0 0 0 0 0 0 0 0 0 0 0 0 0 0 0 0 0 0 0 0 0 0 0 0 0 0 0 0 0 0 0 0 0 0 0 0 0 0 0 0 0 0 0 0 0 0 0 0 0 0 0 0 0 0 0 0 0 0 0 0 0 0 0 0 0 0 0 0 0 0 0 0 0 0 0 0 0 0 0 0 0 0 0 0 0
2 13 3 28 1 9 25 10 1 20 20 11 14 12 9 19 3 13 0 1 16 12 1 4 14 7 17 23 12 5 13 26 2 25 9 21 13 26 12 4 0 28 27 10 28 6 19 27 4 20 23 25 21 12 1 16 23 10 24 22 23 12 10 23 27 5 1 16 0 9 12 5 8 9 22 4 17 25 0 22 19 17 23 26 27 6 27 1 22 14 16 7 11 16 16 15 10 18 28 9
