100 100
0 0 0 0 0 0 0 0 0 0 0 0 0 0 0 0 0 0 0 0 0 0 0 0 0 0 0 0 0 0 0 0 0 0 0 0 0 0 0 0 0 0 0 0 0 0 0 0 0 0 0 0 0 0 0 0 0 0 0 0 0 0 0 0 0 0 0 0 0 0 0 0 0 0 0 0 0 0 0 0 0 0 0 0 0 0 0 0 0 0 0 0 0 0 0 0 0 0 0 0
11 17 4 10 29 4 18 18 22 14 5 5 1 27 1 11 25 2 27 6 21 24 2 3 22 22 21 26 8 5 17 6 11 18 9 22 17 19 25 24 23 21 2 3 3 14 21 1 23 28 17 14 22 27 27 19 23 21 19 28 16 5 20 12 18 16 10 2 4 28 26 15 20 9 10 20 6 21 3 8 9 23 24 4 6 20 16 26 11 28 24 9 26 13 17 28 8 12 9 11
0 0 0 0 0 0 0 0 0 0 0 0 0 0 0 0 0 0 0 0 0 0 0 0 0 0 0 0 0 0 0 0 0 0 0 0 0 0 0 0 0 0 0 0 0 0 0 0 0 0 0 0 0 0 0 0 0 0 0 0 0 0 0 0 0 0 0 0 0 0 0 0 0 0 0 0 0 0 0 0 0 0 0 0 0 0 0 0 0 0 0 0 0 0 0 0 0 0 0 0
3 5 19 18 24 0 27 26 23 6 11 5 14 22 0 9 17 3 27 12 16 0 11 6 5 17 15 4 11 22 20 10 21 4 16 10 27 11 7 27 7 17 3 3 5 29 19 8 11 18 2 16 26 10 3 8 0 11 12 5 10 29 24 17 8 3 25 21 2 20 1 26 14 10 6 21 18 9 18 4 1 24 23 19 18 8 0 8 7 17 8 13 18 13 17 21 0 17 13 4
0 0 0 0 0 0 0 0 0 0 0 0 0 0 0 0 0 0 0 0 0 0 0 0 0 0 0 0 0 0 0 0 0 0 0 0 0 0 0 0 0 0 0 0 0 0 0 0 0 0 0 0 0 0 0 0 0 0 0 0 0 0 0 0 0 0 0 0 0 0 0 0 0 0 0 0 0 0 0 0 0 0 0 0 0 0 0 0 0 0 0 0 0 0 0 0 0 0 0 0
29 26 5 21 20 29 19 26 28 3 14 28 24 29 19 2 15 25 3 3 13 27 4 23 8 0 18 18 0 26 8 11 29 8 19 7 12 12 28 22 8 29 10 17 8 11 15 28 16 21 2 24 2 15 18 26 22 26 5 23 19 12 24 6 11 18 2 21 1 29 17 6 22 29 5 2 20 20 3 19 11 18 21 9 15 13 22 25 2 25 28 16 27 27 22 2 29 24 11 29
0 0 0 0 0 0 0 0 0 0 0 0 0 0 0 0 0 0 0 0 0 0 0 0 0 0 0 0 0 0 0 0 0 0 0 0 0 0 0 0 0 0 0 0 0 0 0 0 0 0 0 0 0 0 0 0 0 0 0 0 0 0 0 0 0 0 0 0 0 0 0 0 0 0 0 0 0 0 0 0 0 0 0 0 0 0 0 0 0 0 0 0 0 0 0 0 0 0 0 0
26 9 28 12 5 25 14 19 1 2 25 0 28 3 29 3 19 16 7 19 19 7 6 19 13 5 27 16 26 25 8 22 5 24 24 1 26 1 26 23 23 25 15 13 12 8 2 5 23 6 1 28 6 22 1 4 6 2 19 1 15 20 13 26 14 29 12 9 3 14 24 20 5 9 16 3 4 2 8 8 7 5 18 11 2 25 17 4 14 24 24 14 12 29 13 20 17 7 18 17
0 0 0 0 0 0 0 0 0 0 0 0 0 0 0 0 0 0 0 0 0 0 0 0 0 0 0 0 0 0 0 0 0 0 0 0 0 0 0 0 0 0 0 0 0 0 0 0 0 0 0 0 0 0 0 0 0 0 0 0 0 0 0 0 0 0 0 0 0 0 0 0 0 0 0 0 0 0 0 0 0 0 0 0 0 0 0 0 0 0 0 0 0 0 0 0 0 0 0 0
13 20 23 28 2 5 12 20 23 7 2 19 17 15 13 4 13 2 11 21 13 12 15 23 15 11 2 22 2 26 14 10 17 20 3 14 20 10 25 23 1 20 26 17 25 10 20 14 25 24 29 25 26 4 8 22 1 26 28 3 1 14 28 24 29 22 10 27 10 6 10 17 10 5 6 17 13 18 24 9 22 16 15 7 27 14 15 7 19 8 13 20 2 22 3 26 17 1 25 5
0 0 0 0 0 0 0 0 0 0 0 0 0 0 0 0 0 0 0 0 0 0 0 0 0 0 0 0 0 0 0 0 0 0 0 0 0 0 0 0 0 0 0 0 0 0 0 0 0 0 0 0 0 0 0 0 0 0 0 0 0 0 0 0 0 0 0 0 0 0 0 0 0 0 0 0 0 0 0 0 0 0 0 0 0 0 0 0 0 0 0 0 0 0 0 0 0 0 0 0
4 10 22 16 20 16 1 21 21 17 3 10 0 14 8 13 20 1 2 29 0 13 28 28 25 17 17 0 18 19 23 10 7 14 27 8 23 7 1 20 0 18 3 24 25 0 1 24 25 16 12 10 13 25 6 26 6 27 6 7 27 21 19 21 26 2 7 2 27 6 5 11 3 9 19 5 19 22 6 5 23 12 14 4 24 22 7 29 2 23 27 23 11 25 17 18 25 8 3 2
0 0 0 0 0 0 0 0 0 0 0 0 0 0 0 0 0 0 0 0 0 0 0 0 0 0 0 0 0 0 0 0 0 0 0 0 0 0 0 0 0 0 0 0 0 0 0 0 0 0 0 0 0 0 0 0 0 0 0 0 0 0 0 0 0 0 0 0 0 0 0 0 0 0 0 0 0 0 0 0 0 0 0 0 0 0 0 0 0 0 0 0 0 0 0 0 0 0 0 0
24 1 1 15 9 5 11 20 6 14 25 13 0 28 19 21 13 14 17 14 6 13 6 25 2 18 11 0 13 21 25 15 2 2 11 7 24 8 12 23 6 13 20 13 5 2 8 10 27 22 2 5 29 11 0 28 5 10 27 9 10 25 3 24 21 10 24 8 5 29 2 15 4 1 3 19 15 28 12 27 29 6 1 7 17 21 29 10 3 14 21 17 25 13 23 22 24 21 22 9
0 0 0 0 0 0 0 0 0 0 0 0 0 0 0 0 0 0 0 0 0 0 0 0 0 0 0 0 0 0 0 0 0 0 0 0 0 0 0 0 0 0 0 0 0 0 0 0 0 0 0 0 0 0 0 0 0 0 0 0 0 0 0 0 0 0 0 0 0 0 0 0 0 0 0 0 0 0 0 0 0 0 0 0 0 0 0 0 0 0 0 0 0 0 0 0 0 0 0 0
0 28 7 4 25 6 18 10 17 27 24 23 11 13 6 23 10 1 9 0 14 12 29 3 1 14 18 22 0 5 25 9 3 22 8 27 24 28 1 14 23 5 5 2 26 18 29 22 29 5 29 14 15 0 25 8 28 0 1 3 12 22 2 7 10 3 21 3 23 17 20 29 5 15 28 3 27 18 3 7 29 3 9 1 28 2 8 20 11 18 14 8 16 0 29 3 10 0 28 7
0 0 0 0 0 0 0 0 0 0 0 0 0 0 0 0 0 0 0 0 0 0 0 0 0 0 0 0 0 0 0 0 0 0 0 0 0 0 0 0 0 0 0 0 0 0 0 0 0 0 0 0 0 0 0 0 0 0 0 0 0 0 0 0 0 0 0 0 0 0 0 0 0 0 0 0 0 0 0 0 0 0 0 0 0 0 0 0 0 0 0 0 0 0 0 0 0 0 0 0
6 23 5 6 5 18 13 9 4 28 3 29 7 16 24 15 8 26 1 25 15 11 19 16 14 5 24 2 5 3 2 26 18 22 26 26 13 9 4 15 16 22 25 3 5 16 6 11 4 24 6 22 26 28 22 5 15 21 20 21 15 1 27 16 10 0 22 4 3 3 26 12 28 2 3 24 13 14 23 6 28 24 17 13 19 28 10 20 18 28 20 5 11 24 23 16 3 29 22 21
0 0 0 0 0 0 0 0 0 0 0 0 0 0 0 0 0 0 0 0 0 0 0 0 0 0 0 0 0 0 0 0 0 0 0 0 0 0 0 0 0 0 0 0 0 0 0 0 0 0 0 0 0 0 0 0 0 0 0 0 0 0 0 0 0 0 0 0 0 0 0 0 0 0 0 0 0 0 0 0 0 0 0 0 0 0 0 0 0 0 0 0 0 0 0 0 0 0 0 0
19 18 22 3 14 0 2 23 21 19 8 9 18 29 1 3 15 1 14 2 15 23 8 9 2 28 17 20 21 24 28 1 29 13 15 9 7 9 28 0 21 14 27 15 15 15 0 9 2 8 2 4 5 10 4 24 10 25 1 1 25 29 10 8 3 8 7 12 16 9 13 18 11 10 13 3 28 14 28 0 1 25 14 21 23 7 23 15 8 5 16 29 0 18 9 13 6 20 6 9
0 0 0 0 0 0 0 0 0 0 0 0 0 0 0 0 0 0 0 0 0 0 0 0 0 0 0 0 0 0 0 0 0 0 0 0 0 0 0 0 0 0 0 0 0 0 0 0 0 0 0 0 0 0 0 0 0 0 0 0 0 0 0 0 0 0 0 0 0 0 0 0 0 0 0 0 0 0 0 0 0 0 0 0 0 0 0 0 0 0 0 0 0 0 0 0 0 0 0 0
27 28 9 4 21 5 6 6 16 6 16 17 21 14 20 16 21 22 21 4 29 15 22 23 24 1 15 22 13 21 6 28 18 22 17 7 21 22 16 20 24 19 4 6 20 23 26 22 4 25 8 8 21 2 1 24 29 8 2 4 5 2 9 9 28 23 18 6 19 8 16 16 22 23 8 22 6 2 17 25 27 28 2 27 18 20 12 20 18 9 22 18 22 0 25 15 2 27 16 7
0 0 0 0 0 0 0 0 0 0 0 0 0 0 0 0 0 0 0 0 0 0 0 0 0 0 0 0 0 0 0 0 0 0 0 0 0 0 0 0 0 0 0 0 0 0 0 0 0 0 0 0 0 0 0 0 0 0 0 0 0 0 0 0 0 0 0 0 0 0 0 0 0 0 0 0 0 0 0 0 0 0 0 0 0 0 0 0 0 0 0 0 0 0 0 0 0 0 0 0
8 7 28 21 26 20 9 5 28 19 10 20 10 27 22 5 5 12 11 14 18 16 14 6 8 9 28 3 15 5 1 25 15 8 4 0 5 14 27 12 1 14 9 9 0 3 0 23 5 20 27 16 7 18 3 16 24 24 1 29 25 15 17 14 17 13 14 10 18 28 21 5 2 13 2 4 6 6 16 12 9 0 14 9 13 1 21 9 19 15 25 25 16 10 25 29 24 16 3 24
0 0 0 0 0 0 0 0 0 0 0 0 0 0 0 0 0 0 0 0 0 0 0 0 0 0 0 0 0 0 0 0 0 0 0 0 0 0 0 0 0 0 0 0 0 0 0 0 0 0 0 0 0 0 0 0 0 0 0 0 0 0 0 0 0 0 0 0 0 0 0 0 0 0 0 0 0 0 0 0 0 0 0 0 0 0 0 0 0 0 0 0 0 0 0 0 0 0 0 0
9 0 15 3 19 21 2 28 28 21 18 16 10 12 24 19 10 2 12 11 15 4 4 14 22 25 20 24 12 1 22 17 7 9 15 15 24 0 23 4 21 22 2 9 18 2 12 27 18 5 18 3 29 4 14 26 29 28 5 16 6 10 27 22 7 2 16 14 27 11 13 2 21 6 23 8 3 12 28 16 10 1 22 6 20 15 4 6 27 9 3 4 17 18 18 1 6 13 28 17
0 0 0 0 0 0 0 0 0 0 0 0 0 0 0 0 0 0 0 0 0 0 0 0 0 0 0 0 0 0 0 0 0 0 0 0 0 0 0 0 0 0 0 0 0 0 0 0 0 0 0 0 0 0 0 0 0 0 0 0 0 0 0 0 0 0 0 0 0 0 0 0 0 0 0 0 0 0 0 0 0 0 0 0 0 0 0 0 0 0 0 0 0 0 0 0 0 0 0 0
26 1 17 2 13 17 8 25 28 15 28 27 13 13 1 0 18 11 10 9 2 14 29 21 15 17 13 23 4 2 2 0 1 2 17 17 0 12 24 1 0 3 17 13 19 5 9 17 12 20 12 18 6 7 20 8 11 8 13 20 13 16 12 0 2 18 14 21 18 23 17 25 18 21 17 10 24 28 18 21 23 26 17 28 19 25 5 5 26 6 3 20 10 8 18 2 13 20 16 25
0 0 0 0 0 0 0 0 0 0 0 0 0 0 0 0 0 0 0 0 0 0 0 0 0 0 0 0 0 0 0 0 0 0 0 0 0 0 0 0 0 0 0 0 0 0 0 0 0 0 0 0 0 0 0 0 0 0 0 0 0 0 0 0 0 0 0 0 0 0 0 0 0 0 0 0 0 0 0 0 0 0 0 0 0 0 0 0 0 0 0 0 0 0 0 0 0 0 0 0
10 19 17 22 2 8 12 29 14 14 8 12 7 2 25 8 24 17 23 19 25 21 9 20 12 18 13 21 24 13 11 20 24 0 17 29 20 18 1 24 10 17 29 25 23 18 22 13 22 21 0 24 10 27 25 19 10 25 21 12 10 19 8 9 11 7 13 3 0 17 26 16 20 12 18 29 18 29 9 29 24 12 0 8 7 8 27 23 10 27 6 14 12 11 29 21 16 20 23 3
0 0 0 0 0 0 0 0 0 0 0 0 0 0 0 0 0 0 0 0 0 0 0 0 0 0 0 0 0 0 0 0 0 0 0 0 0 0 0 0 0 0 0 0 0 0 0 0 0 0 0 0 0 0 0 0 0 0 0 0 0 0 0 0 0 0 0 0 0 0 0 0 0 0 0 0 0 0 0 0 0 0 0 0 0 0 0 0 0 0 0 0 0 0 0 0 0 0 0 0
6 12 12 11 4 3 12 16 10 5 14 19 6 0 18 2 17 4 10 7 26 0 1 12 19 13 18 15 11 25 6 16 18 8 19 8 7 0 27 29 21 25 8 16 3 19 24 25 3 18 22 23 19 14 28 15 1 3 12 28 11 6 14 6 17 27 19 6 24 11 19 22 16 3 1 5 9 7 0 12 26 1 7 26 22 5 23 24 0 17 5 5 23 21 8 18 18 10 21 27
0 0 0 0 0 0 0 0 0 0 0 0 0 0 0 0 0 0 0 0 0 0 0 0 0 0 0 0 0 0 0 0 0 0 0 0 0 0 0 0 0 0 0 0 0 0 0 0 0 0 0 0 0 0 0 0 0 0 0 0 0 0 0 0 0 0 0 0 0 0 0 0 0 0 0 0 0 0 0 0 0 0 0 0 0 0 0 0 0 0 0 0 0 0 0 0 0 0 0 0
15 20 5 19 0 29 3 5 14 2 7 12 16 17 22 22 10 1 1 27 15 29 21 28 1 7 28 16 16 19 9 2 6 26 5 18 4 0 3 17 28 23 1 21 12 5 7 26 22 11 16 1 11 5 17 4 18 15 6 4 9 8 14 13 22 15 23 28 23 2 7 0 6 28 0 11 1 9 5 23 16 13 1 25 23 14 20 23 11 27 29 20 13 5 2 9 21 12 6 1
0 0 0 0 0 0 0 0 0 0 0 0 0 0 0 0 0 0 0 0 0 0 0 0 0 0 0 0 0 0 0 0 0 0 0 0 0 0 0 0 0 0 0 0 0 0 0 0 0 0 0 0 0 0 0 0 0 0 0 0 0 0 0 0 0 0 0 0 0 0 0 0 0 0 0 0 0 0 0 0 0 0 0 0 0 0 0 0 0 0 0 0 0 0 0 0 0 0 0 0
27 10 21 15 2 2 29 20 5 11 28 13 16 28 28 16 21 16 6 17 0 24 19 28 19 14 29 28 17 25 6 24 18 26 8 7 8 0 19 25 26 29 0 10 1 3 25 25 18 10 11 7 17 4 26 17 10 7 24 1 12 1 8 13 25 7 21 24 17 16 28 12 3 20 2 17 8 28 5 29 27 1 13 24 7 21 3 27 21 22 17 5 13 24 24 15 25 11 4 1
0 0 0 0 0 0 0 0 0 0 0 0 0 0 0 0 0 0 0 0 0 0 0 0 0 0 0 0 0 0 0 0 0 0 0 0 0 0 0 0 0 0 0 0 0 0 0 0 0 0 0 0 0 0 0 0 0 0 0 0 0 0 0 0 0 0 0 0 0 0 0 0 0 0 0 0 0 0 0 0 0 0 0 0 0 0 0 0 0 0 0 0 0 0 0 0 0 0 0 0
12 6 26 13 3 20 0 18 21 3 28 11 6 19 28 0 1 3 19 23 19 13 6 25 5 24 10 15 0 6 5 25 21 28 29 6 22 12 15 0 25 22 25 2 20 6 27 2 8 0 0 16 28 23 0 26 14 23 17 0 25 2 0 17 5 26 1 8 1 8 25 16 25 19 22 16 25 12 23 22 21 12 2 8 8 8 17 24 10 0 5 9 19 25 23 20 19 19 5 11
0 0 0 0 0 0 0 0 0 0 0 0 0 0 0 0 0 0 0 0 0 0 0 0 0 0 0 0 0 0 0 0 0 0 0 0 0 0 0 0 0 0 0 0 0 0 0 0 0 0 0 0 0 0 0 0 0 0 0 0 0 0 0 0 0 0 0 0 0 0 0 0 0 0 0 0 0 0 0 0 0 0 0 0 0 0 0 0 0 0 0 0 0 0 0 0 0 0 0 0
1 11 22 23 3 19 27 22 3 13 20 4 18 4 13 29 12 24 29 20 5 17 4 7 26 6 23 0 29 20 8 20 21 5 1 0 23 9 15 28 29 26 2 5 27 16 23 18 5 9 3 0 2 5 21 25 17 27 29 14 1 17 8 5 7 28 18 24 22 13 28 14 1 23 20 14 11 17 7 22 1 23 21 13 11 25 21 15 10 15 1 22 12 21 5 15 3 8 9 22
0 0 0 0 0 0 0 0 0 0 0 0 0 0 0 0 0 0 0 0 0 0 0 0 0 0 0 0 0 0 0 0 0 0 0 0 0 0 0 0 0 0 0 0 0 0 0 0 0 0 0 0 0 0 0 0 0 0 0 0 0 0 0 0 0 0 0 0 0 0 0 0 0 0 0 0 0 0 0 0 0 0 0 0 0 0 0 0 0 0 0 0 0 0 0 0 0 0 0 0
18 24 12 7 5 18 24 0 19 24 4 3 25 8 4 1 20 3 23 14 0 6 7 15 25 6 20 29 8 3 25 27 19 0 4 18 7 24 0 12 3 15 14 21 6 6 24 25 2 19 21 12 24 29 9 13 27 26 5 28 17 28 19 27 27 21 6 25 10 1 3 12 6 20 25 27 4 24 19 0 16 11 21 19 0 24 2 21 9 7 20 29 13 23 23 1 13 5 26 29
0 0 0 0 0 0 0 0 0 0 0 0 0 0 0 0 0 0 0 0 0 0 0 0 0 0 0 0 0 0 0 0 0 0 0 0 0 0 0 0 0 0 0 0 0 0 0 0 0 0 0 0 0 0 0 0 0 0 0 0 0 0 0 0 0 0 0 0 0 0 0 0 0 0 0 0 0 0 0 0 0 0 0 0 0 0 0 0 0 0 0 0 0 0 0 0 0 0 0 0
15 19 8 18 23 29 25 21 23 16 2 18 18 11 9 8 11 3 3 24 23 29 2 7 12 1 7 6 21 7 23 0 16 10 22 25 26 0 17 12 10 9 5 14 23 22 5 6 10 8 18 11 15 17 25 17 19 12 13 7 22 7 9 3 6 3 18 21 10 26 8 17 26 15 11 22 29 25 26 1 25 4 21 13 28 15 10 19 2 21 13 23 5 12 19 0 14 18 15 7
0 0 0 0 0 0 0 0 0 0 0 0 0 0 0 0 0 0 0 0 0 0 0 0 0 0 0 0 0 0 0 0 0 0 0 0 0 0 0 0 0 0 0 0 0 0 0 0 0 0 0 0 0 0 0 0 0 0 0 0 0 0 0 0 0 0 0 0 0 0 0 0 0 0 0 0 0 0 0 0 0 0 0 0 0 0 0 0 0 0 0 0 0 0 0 0 0 0 0 0
13 23 20 23 10 13 12 1 21 0 8 11 8 27 12 28 29 12 13 0 12 28 12 5 15 8 1 2 24 29 28 18 22 7 1 17 29 25 0 23 24 0 21 5 3 24 12 3 22 29 24 19 22 4 9 10 24 14 29 18 5 23 22 3 20 1 27 11 19 28 28 23 22 29 3 23 2 8 3 4 10 12 10 11 12 11 20 27 16 26 8 0 5 28 8 19 15 27 3 12
0 0 0 0 0 0 0 0 0 0 0 0 0 0 0 0 0 0 0 0 0 0 0 0 0 0 0 0 0 0 0 0 0 0 0 0 0 0 0 0 0 0 0 0 0 0 0 0 0 0 0 0 0 0 0 0 0 0 0 0 0 0 0 0 0 0 0 0 0 0 0 0 0 0 0 0 0 0 0 0 0 0 0 0 0 0 0 0 0 0 0 0 0 0 0 0 0 0 0 0
2 2 10 0 2 3 11 26 28 17 7 2 18 17 19 5 9 2 29 1 23 0 8 1 9 22 0 2 4 17 25 18 11 10 0 17 21 6 9 3 10 3 7 13 10 24 3 12 13 1 10 12 17 27 11 3 10 7 10 23 16 23 21 9 5 16 11 5 11 10 19 27 13 0 28 21 25 11 27 1 27 9 24 19 8 20 20 1 28 25 10 18 9 12 28 10 8 5 11 14
0 0 0 0 0 0 0 0 0 0 0 0 0 0 0 0 0 0 0 0 0 0 0 0 0 0 0 0 0 0 0 0 0 0 0 0 0 0 0 0 0 0 0 0 0 0 0 0 0 0 0 0 0 0 0 0 0 0 0 0 0 0 0 0 0 0 0 0 0 0 0 0 0 0 0 0 0 0 0 0 0 0 0 0 0 0 0 0 0 0 0 0 0 0 0 0 0 0 0 0
7 13 6 21 6 8 20 18 26 15 17 21 20 22 18 13 5 25 6 1 4 9 13 8 3 12 23 3 17 3 0 11 14 8 17 28 29 8 9 7 19 1 9 5 8 9 26 29 23 3 21 4 1 24 25 27 16 23 24 16 23 8 23 24 12 17 28 9 10 1 14 10 27 13 14 9 4 25 26 28 9 18 29 9 17 10 8 4 5 26 9 13 6 12 0 0 6 15 21 16
0 0 0 0 0 0 0 0 0 0 0 0 0 0 0 0 0 0 0 0 0 0 0 0 0 0 0 0 0 0 0 0 0 0 0 0 0 0 0 0 0 0 0 0 0 0 0 0 0 0 0 0 0 0 0 0 0 0 0 0 0 0 0 0 0 0 0 0 0 0 0 0 0 0 0 0 0 0 0 0 0 0 0 0 0 0 0 0 0 0 0 0 0 0 0 0 0 0 0 0
11 19 27 13 25 20 20 26 15 11 18 2 7 22 24 25 2 22 15 28 16 9 28 23 25 25 0 5 18 1 25 0 27 23 24 11 25 16 14 1 7 10 4 0 16 21 10 15 15 2 25 28 13 2 17 18 5 22 7 22 9 27 26 23 21 25 29 28 9 5 4 9 25 22 15 22 2 3 20 18 17 2 28 3 27 5 4 21 18 22 9 6 28 29 18 1 16 13 27 5
0 0 0 0 0 0 0 0 0 0 0 0 0 0 0 0 0 0 0 0 0 0 0 0 0 0 0 0 0 0 0 0 0 0 0 0 0 0 0 0 0 0 0 0 0 0 0 0 0 0 0 0 0 0 0 0 0 0 0 0 0 0 0 0 0 0 0 0 0 0 0 0 0 0 0 0 0 0 0 0 0 0 0 0 0 0 0 0 0 0 0 0 0 0 0 0 0 0 0 0
4 1 10 11 2 12 28 15 24 16 17 27 13 14 4 19 11 8 13 28 27 29 7 1 11 4 3 15 2 19 1 5 5 26 17 9 10 12 23 1 9 28 7 8 24 4 4 13 25 8 20 22 19 14 29 28 23 25 0 14 3 5 22 15 7 17 27 14 14 0 24 1 21 25 14 20 22 28 6 8 21 4 7 16 14 29 18 27 13 28 6 12 8 0 19 8 10 14 19 6
0 0 0 0 0 0 0 0 0 0 0 0 0 0 0 0 0 0 0 0 0 0 0 0 0 0 0 0 0 0 0 0 0 0 0 0 0 0 0 0 0 0 0 0 0 0 0 0 0 0 0 0 0 0 0 0 0 0 0 0 0 0 0 0 0 0 0 0 0 0 0 0 0 0 0 0 0 0 0 0 0 0 0 0 0 0 0 0 0 0 0 0 0 0 0 0 0 0 0 0
8 12 28 24 17 9 24 0 27 4 8 1 28 22 12 1 14 26 6 29 13 8 21 23 16 14 15 2 2 10 21 0 23 8 17 23 13 1 24 15 26 1 22 1 19 21 18 20 24 17 27 4 1 1 29 28 21 20 3 22 5 0 13 12 22 6 13 23 26 21 5 18 22 21 9 13 29 7 22 21 13 12 10 19 2 7 24 25 0 13 12 19 17 8 10 11 11 14 7 24
0 0 0 0 0 0 0 0 0 0 0 0 0 0 0 0 0 0 0 0 0 0 0 0 0 0 0 0 0 0 0 0 0 0 0 0 0 0 0 0 0 0 0 0 0 0 0 0 0 0 0 0 0 0 0 0 0 0 0 0 0 0 0 0 0 0 0 0 0 0 0 0 0 0 0 0 0 0 0 0 0 0 0 0 0 0 0 0 0 0 0 0 0 0 0 0 0 0 0 0
3 19 9 16 7 26 22 0 29 26 2 23 0 3 15 1 29 6 7 9 12 27 25 26 8 12 4 16 13 10 9 11 18 27 6 8 14 0 3 7 29 6 2 12 27 13 10 17 23 10 27 3 26 24 6 17 14 10 11 2 24 14 26 23 4 15 10 2 10 21 6 19 23 27 9 1 15 22 4 24 11 3 14 16 8 28 7 20 23 14 24 26 7 1 28 1 2 11 22 3
0 0 0 0 0 0 0 0 0 0 0 0 0 0 0 0 0 0 0 0 0 0 0 0 0 0 0 0 0 0 0 0 0 0 0 0 0 0 0 0 0 0 0 0 0 0 0 0 0 0 0 0 0 0 0 0 0 0 0 0 0 0 0 0 0 0 0 0 0 0 0 0 0 0 0 0 0 0 0 0 0 0 0 0 0 0 0 0 0 0 0 0 0 0 0 0 0 0 0 0
11 11 21 0 28 29 11 0 19 27 7 24 5 1 26 27 8 13 9 23 11 13 19 6 23 17 15 22 10 27 1 27 0 6 27 1 27 15 4 28 11 7 15 2 11 17 25 23 1 0 0 0 25 20 20 27 18 26 4 19 11 14 18 0 28 9 19 17 29 9 29 6 0 6 23 28 10 23 26 29 4 2 0 24 24 23 26 29 1 18 29 11 21 8 16 3 15 20 9 11
0 0 0 0 0 0 0 0 0 0 0 0 0 0 0 0 0 0 0 0 0 0 0 0 0 0 0 0 0 0 0 0 0 0 0 0 0 0 0 0 0 0 0 0 0 0 0 0 0 0 0 0 0 0 0 0 0 0 0 0 0 0 0 0 0 0 0 0 0 0 0 0 0 0 0 0 0 0 0 0 0 0 0 0 0 0 0 0 0 0 0 0 0 0 0 0 0 0 0 0
0 18 12 22 16 8 9 7 27 28 9 3 20 25 6 3 9 17 7 4 13 15 18 13 23 3 26 1 20 24 7 14 22 7 11 25 7 2 22 17 20 13 6 20 19 18 19 16 4 0 22 9 0 3 22 22 24 17 17 24 5 13 21 13 3 14 13 15 2 11 6 29 28 18 14 11 4 5 17 23 10 2 7 7 27 0 2 10 20 18 26 4 15 20 11 25 27 23 12 17
0 0 0 0 0 0 0 0 0 0 0 0 0 0 0 0 0 0 0 0 0 0 0 0 0 0 0 0 0 0 0 0 0 0 0 0 0 0 0 0 0 0 0 0 0 0 0 0 0 0 0 0 0 0 0 0 0 0 0 0 0 0 0 0 0 0 0 0 0 0 0 0 0 0 0 0 0 0 0 0 0 0 0 0 0 0 0 0 0 0 0 0 0 0 0 0 0 0 0 0
9 1 11 24 0 13 23 21 25 8 3 10 25 11 0 12 15 21 20 24 10 6 4 28 9 25 16 22 2 2 11 17 14 7 28 6 10 20 2 11 3 9 22 24 21 15 14 0 26 26 8 1 3 13 21 20 15 28 29 13 28 29 8 24 3 19 29 6 29 7 27 12 15 12 13 22 18 23 23 18 5 27 8 18 11 13 15 21 22 0 18 16 15 25 23 9 15 3 5 14
0 0 0 0 0 0 0 0 0 0 0 0 0 0 0 0 0 0 0 0 0 0 0 0 0 0 0 0 0 0 0 0 0 0 0 0 0 0 0 0 0 0 0 0 0 0 0 0 0 0 0 0 0 0 0 0 0 0 0 0 0 0 0 0 0 0 0 0 0 0 0 0 0 0 0 0 0 0 0 0 0 0 0 0 0 0 0 0 0 0 0 0 0 0 0 0 0 0 0 0
18 15 0 23 25 20 18 24 13 25 18 11 2 26 0 12 12 21 6 15 10 11 7 27 3 18 3 5 11 13 22 11 19 14 22 23 20 1 14 28 26 26 1 13 8 17 19 24 4 13 15 24 14 12 17 17 15 16 16 29 20 27 20 9 8 6 7 3 22 0 1 5 23 25 16 5 4 6 18 21 5 8 5 23 3 22 18 7 6 29 26 24 16 13 22 11 20 25 18 27
0 0 0 0 0 0 0 0 0 0 0 0 0 0 0 0 0 0 0 0 0 0 0 0 0 0 0 0 0 0 0 0 0 0 0 0 0 0 0 0 0 0 0 0 0 0 0 0 0 0 0 0 0 0 0 0 0 0 0 0 0 0 0 0 0 0 0 0 0 0 0 0 0 0 0 0 0 0 0 0 0 0 0 0 0 0 0 0 0 0 0 0 0 0 0 0 0 0 0 0
10 0 3 7 23 4 6 22 0 21 21 6 5 13 24 19 25 23 24 13 27 17 20 29 21 5 24 0 20 17 11 2 3 17 7 3 13 13 19 1 15 28 28 8 0 2 14 4 13 23 6 17 16 16 11 4 8 21 6 25 19 6 28 7 1 9 11 16 17 16 23 7 11 22 27 9 14 17 1 28 12 24 28 8 1 6 12 10 4 18 25 9 4 24 4 19 9 4 25 23
0 0 0 0 0 0 0 0 0 0 0 0 0 0 0 0 0 0 0 0 0 0 0 0 0 0 0 0 0 0 0 0 0 0 0 0 0 0 0 0 0 0 0 0 0 0 0 0 0 0 0 0 0 0 0 0 0 0 0 0 0 0 0 0 0 0 0 0 0 0 0 0 0 0 0 0 0 0 0 0 0 0 0 0 0 0 0 0 0 0 0 0 0 0 0 0 0 0 0 0
22 21 7 24 23 1 19 20 27 23 28 4 12 16 9 28 17 27 4 8 17 8 13 2 21 9 23 27 24 24 4 3 5 21 3 2 18 10 19 10 3 4 19 4 14 13 9 28 15 3 28 21 22 13 28 9 18 5 21 0 26 11 8 1 18 17 17 2 28 2 23 6 16 19 26 15 21 23 8 20 27 16 1 26 10 13 11 20 4 23 1 25 28 29 15 4 15 17 14 14
0 0 0 0 0 0 0 0 0 0 0 0 0 0 0 0 0 0 0 0 0 0 0 0 0 0 0 0 0 0 0 0 0 0 0 0 0 0 0 0 0 0 0 0 0 0 0 0 0 0 0 0 0 0 0 0 0 0 0 0 0 0 0 0 0 0 0 0 0 0 0 0 0 0 0 0 0 0 0 0 0 0 0 0 0 0 0 0 0 0 0 0 0 0 0 0 0 0 0 0
6 7 17 15 22 6 28 28 9 21 9 18 20 25 0 2 29 26 10 12 22 19 22 6 7 3 26 20 25 12 11 7 11 21 15 13 12 6 26 8 11 25 18 26 9 24 6 16 2 28 18 21 26 8 17 28 19 7 9 20 15 18 22 16 9 27 21 27 15 11 26 14 24 29 9 26 11 15 25 26 20 27 5 0 7 29 5 26 18 15 3 7 20 17 5 12 23 0 4 19
0 0 0 0 0 0 0 0 0 0 0 0 0 0 0 0 0 0 0 0 0 0 0 0 0 0 0 0 0 0 0 0 0 0 0 0 0 0 0 0 0 0 0 0 0 0 0 0 0 0 0 0 0 0 0 0 0 0 0 0 0 0 0 0 0 0 0 0 0 0 0 0 0 0 0 0 0 0 0 0 0 0 0 0 0 0 0 0 0 0 0 0 0 0 0 0 0 0 0 0
28 15 8 20 10 19 27 17 24 4 17 15 19 12 3 2 22 23 21 19 7 23 10 4 13 7 28 0 8 28 1 12 17 14 9 1 19 23 6 12 20 27 12 10 0 15 13 25 7 17 14 24 13 3 18 6 4 4 15 19 22 14 24 12 24 22 5 13 12 23 14 10 12 13 17 2 10 7 27 16 11 27 25 16 7 29 0 8 25 27 4 22 5 26 5 18 8 2 28 5
0 0 0 0 0 0 0 0 0 0 0 0 0 0 0 0 0 0 0 0 0 0 0 0 0 0 0 0 0 0 0 0 0 0 0 0 0 0 0 0 0 0 0 0 0 0 0 0 0 0 0 0 0 0 0 0 0 0 0 0 0 0 0 0 0 0 0 0 0 0 0 0 0 0 0 0 0 0 0 0 0 0 0 0 0 0 0 0 0 0 0 0 0 0 0 0 0 0 0 0
22 7 16 17 13 13 5 26 9 4 24 5 29 16 29 12 29 25 16 21 27 18 23 27 22 26 9 1 0 0 4 25 16 13 26 24 6 17 16 13 29 11 14 7 25 10 10 25 5 18 18 16 9 8 21 15 26 10 26 20 24 7 18 6 24 20 23 24 1 20 10 14 23 16 1 0 15 6 28 6 27 16 7 28 9 14 25 21 20 12 18 16 7 0 7 27 14 16 2 22
0 0 0 0 0 0 0 0 0 0 0 0 0 0 0 0 0 0 0 0 0 0 0 0 0 0 0 0 0 0 0 0 0 0 0 0 0 0 0 0 0 0 0 0 0 0 0 0 0 0 0 0 0 0 0 0 0 0 0 0 0 0 0 0 0 0 0 0 0 0 0 0 0 0 0 0 0 0 0 0 0 0 0 0 0 0 0 0 0 0 0 0 0 0 0 0 0 0 0 0
19 6 15 6 4 0 26 29 16 22 9 21 2 6 14 7 20 8 12 4 1 10 20 13 16 1 7 29 8 20 22 19 8 29 7 24 7 7 15 13 19 21 22 19 6 11 21 24 9 28 26 29 7 4 28 2 5 8 2 25 6 21 9 23 17 1 23 2 20 6 18 19 9 23 19 1 21 3 14 8 12 4 9 11 4 23 19 24 19 25 22 1 16 17 2 25 1 18 20 27
0 0 0 0 0 0 0 0 0 0 0 0 0 0 0 0 0 0 0 0 0 0 0 0 0 0 0 0 0 0 0 0 0 0 0 0 0 0 0 0 0 0 0 0 0 0 0 0 0 0 0 0 0 0 0 0 0 0 0 0 0 0 0 0 0 0 0 0 0 0 0 0 0 0 0 0 0 0 0 0 0 0 0 0 0 0 0 0 0 0 0 0 0 0 0 0 0 0 0 0
25 17 14 12 29 21 18 14 24 18 1 22 28 24 6 7 23 1 15 18 25 24 22 6 16 24 6 11 14 20 24 26 26 7 5 8 1 21 25 21 1 19 0 27 6 23 14 24 5 17 2 16 5 6 22 29 16 15 3 12 11 16 23 4 29 20 25 16 5 20 26 25 13 13 12 26 26 0 16 22 0 20 25 22 10 5 16 21 10 24 29 14 20 2 6 16 24 20 17 22
0 0 0 0 0 0 0 0 0 0 0 0 0 0 0 0 0 0 0 0 0 0 0 0 0 0 0 0 0 0 0 0 0 0 0 0 0 0 0 0 0 0 0 0 0 0 0 0 0 0 0 0 0 0 0 0 0 0 0 0 0 0 0 0 0 0 0 0 0 0 0 0 0 0 0 0 0 0 0 0 0 0 0 0 0 0 0 0 0 0 0 0 0 0 0 0 0 0 0 0
16 16 28 5 21 0 0 2 1 3 8 14 3 15 0 28 27 20 25 23 15 6 23 10 12 29 19 23 17 19 3 29 13 10 2 25 1 21 28 13 13 27 4 6 17 21 19 14 6 1 2 18 22 15 17 17 28 24 22 20 16 15 10 25 6 10 27 2 4 4 14 10 15 10 6 6 12 6 13 21 17 25 15 25 24 18 19 29 28 11 2 7 27 9 12 11 28 22 9 17
0 0 0 0 0 0 0 0 0 0 0 0 0 0 0 0 0 0 0 0 0 0 0 0 0 0 0 0 0 0 0 0 0 0 0 0 0 0 0 0 0 0 0 0 0 0 0 0 0 0 0 0 0 0 0 0 0 0 0 0 0 0 0 0 0 0 0 0 0 0 0 0 0 0 0 0 0 0 0 0 0 0 0 0 0 0 0 0 0 0 0 0 0 0 0 0 0 0 0 0
19 9 10 0 26 4 22 25 13 15 11 29 17 8 4 19 11 19 18 17 9 26 29 15 6 24 7 14 4 28 6 25 21 14 19 18 18 27 3 14 25 17 7 25 21 3 3 27 19 6 25 13 4 0 22 14 29 8 0 14 2 16 1 25 26 1 20 25 20 24 28 7 20 28 1 27 22 18 20 11 1 9 11 20 23 2 3 2 22 18 1 28 7 25 26 2 16 4 27 4
0 0 0 0 0 0 0 0 0 0 0 0 0 0 0 0 0 0 0 0 0 0 0 0 0 0 0 0 0 0 0 0 0 0 0 0 0 0 0 0 0 0 0 0 0 0 0 0 0 0 0 0 0 0 0 0 0 0 0 0 0 0 0 0 0 0 0 0 0 0 0 0 0 0 0 0 0 0 0 0 0 0 0 0 0 0 0 0 0 0 0 0 0 0 0 0 0 0 0 0
23 7 10 5 24 13 27 3 18 20 15 26 28 12 16 18 1 22 6 6 2 4 23 0 2 0 5 1 0 25 28 0 1 23 18 22 8 4 5 7 2 23 18 29 21 6 12 2 21 13 8 25 26 6 28 9 23 25 17 16 9 5 17 27 20 0 12 15 19 3 0 13 7 6 11 15 12 15 9 5 23 5 25 13 26 16 8 15 22 11 20 22 6 8 29 16 2 5 18 28
0 0 0 0 0 0 0 0 0 0 0 0 0 0 0 0 0 0 0 0 0 0 0 0 0 0 0 0 0 0 0 0 0 0 0 0 0 0 0 0 0 0 0 0 0 0 0 0 0 0 0 0 0 0 0 0 0 0 0 0 0 0 0 0 0 0 0 0 0 0 0 0 0 0 0 0 0 0 0 0 0 0 0 0 0 0 0 0 0 0 0 0 0 0 0 0 0 0 0 0
26 16 11 26 17 1 12 15 12 4 9 22 7 0 20 4 9 10 8 21 20 0 11 7 13 25 16 19 15 20 6 26 22 3 16 27 5 22 5 26 6 26 7 28 26 4 5 15 8 0 10 24 4 12 12 8 6 15 0 29 19 19 3 8 27 21 15 21 19 29 8 5 2 3 11 10 17 23 28 28 5 19 16 29 23 11 21 29 1 22 24 16 8 20 28 29 25 10 4 6
0 0 0 0 0 0 0 0 0 0 0 0 0 0 0 0 0 0 0 0 0 0 0 0 0 0 0 0 0 0 0 0 0 0 0 0 0 0 0 0 0 0 0 0 0 0 0 0 0 0 0 0 0 0 0 0 0 0 0 0 0 0 0 0 0 0 0 0 0 0 0 0 0 0 0 0 0 0 0 0 0 0 0 0 0 0 0 0 0 0 0 0 0 0 0 0 0 0 0 0
18 26 27 23 23 1 17 3 1 13 4 22 27 7 23 3 26 15 25 23 6 10 9 25 26 23 13 22 29 9 6 23 25 15 21 24 7 21 27 19 19 16 15 2 22 23 7 20 29 7 26 9 15 6 9 19 23 5 8 21 28 9 6 11 18 4 25 3 14 26 24 1 15 22 1 7 25 14 28 23 18 15 12 3 21 13 12 0 20 0 8 25 2 28 8 27 21 0 18 16
0 0 0 0 0 0 0 0 0 0 0 0 0 0 0 0 0 0 0 0 0 0 0 0 0 0 0 0 0 0 0 0 0 0 0 0 0 0 0 0 0 0 0 0 0 0 0 0 0 0 0 0 0 0 0 0 0 0 0 0 0 0 0 0 0 0 0 0 0 0 0 0 0 0 0 0 0 0 0 0 0 0 0 0 0 0 0 0 0 0 0 0 0 0 0 0 0 0 0 0
3 2 22 22 7 10 8 14 27 4 3 4 24 4 16 0 15 5 23 27 2 11 29 0 8 18 28 10 19 21 16 17 18 6 5 19 28 10 15 24 16 27 26 14 0 1 8 8 4 19 4 26 4 10 29 2 9 1 12 4 3 19 29 7 7 26 26 27 19 13 19 14 5 14 6 29 28 26 8 2 6 17 5 8 16 28 12 24 23 15 16 6 2 16 14 9 22 4 12 29
0 0 0 0 0 0 0 0 0 0 0 0 0 0 0 0 0 0 0 0 0 0 0 0 0 0 0 0 0 0 0 0 0 0 0 0 0 0 0 0 0 0 0 0 0 0 0 0 0 0 0 0 0 0 0 0 0 0 0 0 0 0 0 0 0 0 0 0 0 0 0 0 0 0 0 0 0 0 0 0 0 0 0 0 0 0 0 0 0 0 0 0 0 0 0 0 0 0 0 0
26 26 2 2 25 16 5 2 9 5 17 14 14 3 14 19 12 1 13 3 27 13 3 0 5 14 15 11 2 8 5 16 20 11 8 9 12 17 23 8 14 22 6 17 6 3 0 22 19 3 9 9 22 12 2 9 24 9 14 18 4 6 23 24 22 18 13 23 27 18 3 17 25 9 1 14 19 11 7 6 2 5 22 22 28 16 1 25 25 29 26 12 26 18 19 20 16 14 10 16
0 0 0 0 0 0 0 0 0 0 0 0 0 0 0 0 0 0 0 0 0 0 0 0 0 0 0 0 0 0 0 0 0 0 0 0 0 0 0 0 0 0 0 0 0 0 0 0 0 0 0 0 0 0 0 0 0 0 0 0 0 0 0 0 0 0 0 0 0 0 0 0 0 0 0 0 0 0 0 0 0 0 0 0 0 0 0 0 0 0 0 0 0 0 0 0 0 0 0 0
26 13 25 4 1 8 28 24 14 27 13 2 24 23 2 25 1 2 24 9 5 0 6 8 5 24 1 19 1 29 2 3 2 2 2 29 11 7 25 20 19 19 18 29 18 10 11 28 20 6 8 14 25 15 10 18 26 10 5 4 26 12 29 3 22 5 26 3 5 17 12 8 25 14 28 29 22 18 6 28 8 18 25 9 19 24 2 19 9 28 27 28 13 21 13 10 16 26 3 24
0 0 0 0 0 0 0 0 0 0 0 0 0 0 0 0 0 0 0 0 0 0 0 0 0 0 0 0 0 0 0 0 0 0 0 0 0 0 0 0 0 0 0 0 0 0 0 0 0 0 0 0 0 0 0 0 0 0 0 0 0 0 0 0 0 0 0 0 0 0 0 0 0 0 0 0 0 0 0 0 0 0 0 0 0 0 0 0 0 0 0 0 0 0 0 0 0 0 0 0
0 28 3 27 26 6 0 5 22 20 17 13 6 18 7 19 4 28 10 8 25 17 22 14 2 9 12 10 21 15 20 1 24 10 10 15 7 4 7 27 25 2 18 13 25 9 27 28 9 6 0 9 20 1 19 1 6 0 1 24 3 24 17 19 6 19 10 7 5 15 24 19 14 2 10 29 7 3 13 7 27 20 25 3 21 22 6 24 2 4 6 0 13 15 22 17 1 21 14 9
0 0 0 0 0 0 0 0 0 0 0 0 0 0 0 0 0 0 0 0 0 0 0 0 0 0 0 0 0 0 0 0 0 0 0 0 0 0 0 0 0 0 0 0 0 0 0 0 0 0 0 0 0 0 0 0 0 0 0 0 0 0 0 0 0 0 0 0 0 0 0 0 0 0 0 0 0 0 0 0 0 0 0 0 0 0 0 0 0 0 0 0 0 0 0 0 0 0 0 0
16 5 9 18 17 18 14 10 22 29 10 25 18 2 16 22 9 26 29 18 23 19 25 17 0 1 22 20 17 16 5 16 3 2 28 25 25 18 28 10 11 9 24 15 26 27 7 11 8 13 26 13 23 8 3 25 29 6 11 21 29 4 3 29 21 29 2 26 10 27 0 29 13 28 27 23 10 28 6 18 23 10 6 8 5 23 9 8 16 10 15 16 3 28 29 6 0 25 9 19
