100 100
0 0 0 0 0 0 0 0 0 0 0 0 0 0 0 0 0 0 0 0 0 0 0 0 0 0 0 0 0 0 0 0 0 0 0 0 0 0 0 0 0 0 0 0 0 0 0 0 0 0 0 0 0 0 0 0 0 0 0 0 0 0 0 0 0 0 0 0 0 0 0 0 0 0 0 0 0 0 0 0 0 0 0 0 0 0 0 0 0 0 0 0 0 0 0 0 0 0 0 0
3 9 11 9 2 20 9 15 24 16 27 25 1 28 17 18 25 20 10 20 20 8 2 17 7 0 21 26 0 13 1 7 9 12 22 12 21 12 6 21 10 18 22 4 7 24 0 22 2 21 28 0 11 14 23 12 7 20 1 0 28 9 24 15 19 8 21 12 5 27 16 15 19 1 7 29 28 8 9 6 19 13 13 22 7 7 15 27 14 12 8 12 29 9 16 2 29 23 10 5
0 0 0 0 0 0 0 0 0 0 0 0 0 0 0 0 0 0 0 0 0 0 0 0 0 0 0 0 0 0 0 0 0 0 0 0 0 0 0 0 0 0 0 0 0 0 0 0 0 0 0 0 0 0 0 0 0 0 0 0 0 0 0 0 0 0 0 0 0 0 0 0 0 0 0 0 0 0 0 0 0 0 0 0 0 0 0 0 0 0 0 0 0 0 0 0 0 0 0 0
29 11 23 11 26 11 12 15 4 18 29 15 1 13 9 23 28 28 19 17 9 18 6 21 20 15 23 13 14 11 21 1 11 5 26 24 13 22 17 20 21 0 7 17 23 8 22 15 6 26 29 12 18 18 20 0 28 15 11 15 21 24 14 2 18 11 29 16 28 3 1 10 20 26 16 9 23 25 15 6 12 27 21 17 16 14 2 28 10 16 29 23 23 6 14 29 3 29 10 0
0 0 0 0 0 0 0 0 0 0 0 0 0 0 0 0 0 0 0 0 0 0 0 0 0 0 0 0 0 0 0 0 0 0 0 0 0 0 0 0 0 0 0 0 0 0 0 0 0 0 0 0 0 0 0 0 0 0 0 0 0 0 0 0 0 0 0 0 0 0 0 0 0 0 0 0 0 0 0 0 0 0 0 0 0 0 0 0 0 0 0 0 0 0 0 0 0 0 0 0
16 28 2 9 16 16 24 14 29 6 22 13 21 22 5 10 12 5 16 10 21 0 23 4 12 22 0 24 2 13 27 23 22 2 13 26 24 3 15 7 2 12 29 23 20 9 26 22 8 11 1 28 15 24 20 6 14 2 0 0 12 5 7 8 26 21 2 3 12 21 17 11 14 25 2 24 20 14 2 15 20 0 25 7 2 16 16 0 21 1 2 19 22 23 27 2 7 24 23 12
0 0 0 0 0 0 0 0 0 0 0 0 0 0 0 0 0 0 0 0 0 0 0 0 0 0 0 0 0 0 0 0 0 0 0 0 0 0 0 0 0 0 0 0 0 0 0 0 0 0 0 0 0 0 0 0 0 0 0 0 0 0 0 0 0 0 0 0 0 0 0 0 0 0 0 0 0 0 0 0 0 0 0 0 0 0 0 0 0 0 0 0 0 0 0 0 0 0 0 0
17 9 6 17 29 21 17 16 21 9 23 4 27 24 5 29 3 15 17 29 15 24 5 29 20 1 25 13 2 11 15 1 20 2 20 10 7 24 11 20 11 19 16 28 28 11 5 23 19 3 12 20 28 7 17 23 24 21 3 18 25 10 8 19 11 0 15 5 1 14 29 22 27 2 8 12 8 25 27 3 8 10 27 7 4 12 16 18 22 14 7 4 9 10 16 22 17 13 29 17
0 0 0 0 0 0 0 0 0 0 0 0 0 0 0 0 0 0 0 0 0 0 0 0 0 0 0 0 0 0 0 0 0 0 0 0 0 0 0 0 0 0 0 0 0 0 0 0 0 0 0 0 0 0 0 0 0 0 0 0 0 0 0 0 0 0 0 0 0 0 0 0 0 0 0 0 0 0 0 0 0 0 0 0 0 0 0 0 0 0 0 0 0 0 0 0 0 0 0 0
6 11 6 19 2 17 3 3 2 6 16 24 23 14 0 18 7 26 25 16 13 28 26 2 3 18 2 17 24 23 2 10 14 15 4 28 8 23 15 25 0 22 16 19 21 27 11 11 5 22 19 23 29 20 11 20 27 16 15 20 28 6 10 13 11 28 27 24 24 4 27 11 22 9 25 22 0 18 15 20 24 2 3 8 16 15 22 10 26 7 29 14 8 17 3 5 27 25 12 10
0 0 0 0 0 0 0 0 0 0 0 0 0 0 0 0 0 0 0 0 0 0 0 0 0 0 0 0 0 0 0 0 0 0 0 0 0 0 0 0 0 0 0 0 0 0 0 0 0 0 0 0 0 0 0 0 0 0 0 0 0 0 0 0 0 0 0 0 0 0 0 0 0 0 0 0 0 0 0 0 0 0 0 0 0 0 0 0 0 0 0 0 0 0 0 0 0 0 0 0
7 0 27 1 5 26 14 2 7 23 27 28 20 3 25 7 13 25 27 24 25 13 18 24 26 12 29 17 28 10 11 13 23 29 7 12 4 11 23 1 14 7 7 11 19 29 25 25 15 4 28 12 12 12 26 11 18 29 9 6 22 0 8 0 7 15 17 10 13 27 24 28 2 6 23 2 14 10 5 25 0 29 24 15 19 0 23 8 18 28 10 17 13 28 4 7 24 27 6 18
0 0 0 0 0 0 0 0 0 0 0 0 0 0 0 0 0 0 0 0 0 0 0 0 0 0 0 0 0 0 0 0 0 0 0 0 0 0 0 0 0 0 0 0 0 0 0 0 0 0 0 0 0 0 0 0 0 0 0 0 0 0 0 0 0 0 0 0 0 0 0 0 0 0 0 0 0 0 0 0 0 0 0 0 0 0 0 0 0 0 0 0 0 0 0 0 0 0 0 0
13 5 6 13 0 11 28 7 22 6 17 4 8 3 21 5 3 5 8 28 29 13 24 1 19 1 9 13 6 4 27 3 11 1 4 1 16 0 20 4 25 5 21 9 0 4 13 15 9 27 0 16 22 16 29 20 22 0 10 26 10 22 2 5 15 11 26 13 13 23 29 10 26 3 11 29 8 13 29 17 8 0 17 24 5 1 18 15 2 21 29 27 19 26 23 19 26 14 18 12
0 0 0 0 0 0 0 0 0 0 0 0 0 0 0 0 0 0 0 0 0 0 0 0 0 0 0 0 0 0 0 0 0 0 0 0 0 0 0 0 0 0 0 0 0 0 0 0 0 0 0 0 0 0 0 0 0 0 0 0 0 0 0 0 0 0 0 0 0 0 0 0 0 0 0 0 0 0 0 0 0 0 0 0 0 0 0 0 0 0 0 0 0 0 0 0 0 0 0 0
4 17 16 20 20 22 15 7 26 12 14 25 12 26 11 17 25 26 19 18 27 7 2 24 13 26 22 19 19 16 20 13 9 4 15 0 7 19 11 9 4 11 16 17 7 21 1 18 5 7 18 27 17 15 4 21 4 24 10 24 22 8 18 2 4 1 12 10 28 10 20 28 3 26 25 13 5 10 11 16 19 14 1 27 17 25 21 24 9 20 21 8 25 24 8 0 9 14 12 5
0 0 0 0 0 0 0 0 0 0 0 0 0 0 0 0 0 0 0 0 0 0 0 0 0 0 0 0 0 0 0 0 0 0 0 0 0 0 0 0 0 0 0 0 0 0 0 0 0 0 0 0 0 0 0 0 0 0 0 0 0 0 0 0 0 0 0 0 0 0 0 0 0 0 0 0 0 0 0 0 0 0 0 0 0 0 0 0 0 0 0 0 0 0 0 0 0 0 0 0
27 16 5 19 8 11 17 2 3 1 25 12 14 12 23 9 20 24 8 2 15 12 7 12 19 7 12 17 2 26 4 7 23 8 7 21 11 24 0 3 19 16 0 25 8 7 5 19 9 16 23 15 23 12 3 19 13 15 26 23 11 23 27 7 25 24 6 19 26 23 10 21 27 23 14 12 8 29 29 9 20 1 0 16 3 9 2 10 4 20 14 27 0 15 24 14 5 2 29 8
0 0 0 0 0 0 0 0 0 0 0 0 0 0 0 0 0 0 0 0 0 0 0 0 0 0 0 0 0 0 0 0 0 0 0 0 0 0 0 0 0 0 0 0 0 0 0 0 0 0 0 0 0 0 0 0 0 0 0 0 0 0 0 0 0 0 0 0 0 0 0 0 0 0 0 0 0 0 0 0 0 0 0 0 0 0 0 0 0 0 0 0 0 0 0 0 0 0 0 0
15 3 23 24 8 18 3 23 15 20 9 28 21 25 28 20 8 9 28 6 1 25 28 16 7 16 16 27 2 15 16 11 11 8 9 23 14 12 2 21 19 8 29 6 9 25 23 25 29 27 15 27 12 18 25 5 26 2 2 3 23 18 17 24 4 8 6 17 4 2 10 26 13 14 28 28 3 27 23 5 4 10 26 2 1 0 8 5 5 22 17 1 8 23 12 24 26 5 8 3
0 0 0 0 0 0 0 0 0 0 0 0 0 0 0 0 0 0 0 0 0 0 0 0 0 0 0 0 0 0 0 0 0 0 0 0 0 0 0 0 0 0 0 0 0 0 0 0 0 0 0 0 0 0 0 0 0 0 0 0 0 0 0 0 0 0 0 0 0 0 0 0 0 0 0 0 0 0 0 0 0 0 0 0 0 0 0 0 0 0 0 0 0 0 0 0 0 0 0 0
13 28 6 28 0 15 3 2 6 10 6 23 6 4 21 5 29 17 5 18 16 17 12 16 1 19 22 29 16 27 10 10 13 25 25 22 16 17 9 24 26 15 19 24 23 13 12 5 27 22 28 22 15 11 17 12 1 6 8 4 25 20 17 14 17 27 28 13 11 1 5 7 15 14 21 12 2 13 23 0 23 19 16 22 13 11 8 26 27 16 11 13 19 8 5 28 24 4 2 29
0 0 0 0 0 0 0 0 0 0 0 0 0 0 0 0 0 0 0 0 0 0 0 0 0 0 0 0 0 0 0 0 0 0 0 0 0 0 0 0 0 0 0 0 0 0 0 0 0 0 0 0 0 0 0 0 0 0 0 0 0 0 0 0 0 0 0 0 0 0 0 0 0 0 0 0 0 0 0 0 0 0 0 0 0 0 0 0 0 0 0 0 0 0 0 0 0 0 0 0
6 21 12 26 3 1 10 13 1 4 13 11 24 10 15 20 25 13 9 1 2 7 28 19 4 18 10 28 1 10 26 12 0 9 23 25 26 20 6 4 13 13 17 23 11 3 11 11 14 13 27 6 3 23 28 5 29 15 9 29 4 11 9 15 20 17 29 2 18 1 9 11 19 4 21 20 18 28 0 6 0 5 15 6 4 12 27 3 0 11 28 1 23 13 3 12 5 27 11 2
0 0 0 0 0 0 0 0 0 0 0 0 0 0 0 0 0 0 0 0 0 0 0 0 0 0 0 0 0 0 0 0 0 0 0 0 0 0 0 0 0 0 0 0 0 0 0 0 0 0 0 0 0 0 0 0 0 0 0 0 0 0 0 0 0 0 0 0 0 0 0 0 0 0 0 0 0 0 0 0 0 0 0 0 0 0 0 0 0 0 0 0 0 0 0 0 0 0 0 0
23 0 26 3 17 17 23 23 12 0 29 2 7 27 21 18 29 22 11 24 7 27 23 25 1 24 16 2 17 11 1 23 7 27 8 7 26 28 19 24 2 18 29 16 2 2 7 15 21 28 12 26 24 25 14 12 7 17 28 3 8 24 19 26 22 15 17 22 19 21 8 2 28 4 22 24 28 8 15 14 9 6 11 8 28 9 26 5 13 10 18 25 3 26 16 26 19 28 13 1
0 0 0 0 0 0 0 0 0 0 0 0 0 0 0 0 0 0 0 0 0 0 0 0 0 0 0 0 0 0 0 0 0 0 0 0 0 0 0 0 0 0 0 0 0 0 0 0 0 0 0 0 0 0 0 0 0 0 0 0 0 0 0 0 0 0 0 0 0 0 0 0 0 0 0 0 0 0 0 0 0 0 0 0 0 0 0 0 0 0 0 0 0 0 0 0 0 0 0 0
29 6 6 25 8 23 22 13 27 18 16 4 9 25 22 10 6 5 8 7 20 26 29 26 27 8 24 22 17 28 24 12 26 1 21 24 11 23 23 20 6 27 12 19 6 0 19 7 22 21 18 10 21 14 13 14 20 13 17 29 3 1 25 6 28 14 24 16 15 14 18 2 2 1 5 8 13 25 25 26 26 14 6 21 14 15 0 2 7 3 6 17 9 17 4 29 12 21 20 24
0 0 0 0 0 0 0 0 0 0 0 0 0 0 0 0 0 0 0 0 0 0 0 0 0 0 0 0 0 0 0 0 0 0 0 0 0 0 0 0 0 0 0 0 0 0 0 0 0 0 0 0 0 0 0 0 0 0 0 0 0 0 0 0 0 0 0 0 0 0 0 0 0 0 0 0 0 0 0 0 0 0 0 0 0 0 0 0 0 0 0 0 0 0 0 0 0 0 0 0
2 8 20 3 28 0 28 14 20 12 25 21 14 16 10 13 0 18 20 21 23 18 23 23 29 14 27 21 23 13 21 27 24 11 25 21 6 18 12 10 26 8 23 8 7 26 19 1 28 25 28 24 24 10 12 17 20 6 1 11 29 28 25 19 4 26 9 16 8 29 23 9 26 16 5 28 15 23 0 1 20 15 14 21 15 23 6 16 3 11 3 14 23 9 23 1 28 1 24 22
0 0 0 0 0 0 0 0 0 0 0 0 0 0 0 0 0 0 0 0 0 0 0 0 0 0 0 0 0 0 0 0 0 0 0 0 0 0 0 0 0 0 0 0 0 0 0 0 0 0 0 0 0 0 0 0 0 0 0 0 0 0 0 0 0 0 0 0 0 0 0 0 0 0 0 0 0 0 0 0 0 0 0 0 0 0 0 0 0 0 0 0 0 0 0 0 0 0 0 0
9 16 23 6 16 22 14 15 6 7 27 17 27 29 24 9 17 22 6 28 8 26 3 7 8 17 25 27 19 11 18 18 18 8 28 0 7 27 18 8 27 16 8 27 6 15 27 13 18 7 2 16 26 25 5 7 4 11 9 10 16 11 22 29 24 25 18 11 16 19 1 10 12 8 5 25 27 4 28 2 17 1 4 27 10 18 3 14 0 24 17 28 7 17 9 21 19 24 9 20
0 0 0 0 0 0 0 0 0 0 0 0 0 0 0 0 0 0 0 0 0 0 0 0 0 0 0 0 0 0 0 0 0 0 0 0 0 0 0 0 0 0 0 0 0 0 0 0 0 0 0 0 0 0 0 0 0 0 0 0 0 0 0 0 0 0 0 0 0 0 0 0 0 0 0 0 0 0 0 0 0 0 0 0 0 0 0 0 0 0 0 0 0 0 0 0 0 0 0 0
13 18 9 8 16 25 17 22 10 6 21 1 6 10 28 3 24 29 11 12 29 16 28 14 17 26 29 25 6 29 9 12 22 10 27 21 2 16 6 6 10 19 20 10 22 23 25 19 21 4 9 20 17 24 27 25 23 1 12 7 5 24 28 6 6 27 6 28 22 25 2 24 26 13 28 16 24 12 29 3 10 9 9 8 5 1 4 19 11 17 23 25 4 29 16 1 16 13 18 26
0 0 0 0 0 0 0 0 0 0 0 0 0 0 0 0 0 0 0 0 0 0 0 0 0 0 0 0 0 0 0 0 0 0 0 0 0 0 0 0 0 0 0 0 0 0 0 0 0 0 0 0 0 0 0 0 0 0 0 0 0 0 0 0 0 0 0 0 0 0 0 0 0 0 0 0 0 0 0 0 0 0 0 0 0 0 0 0 0 0 0 0 0 0 0 0 0 0 0 0
9 5 28 26 7 20 11 11 18 16 16 10 17 2 7 23 22 21 29 12 4 1 12 5 29 18 15 18 21 20 15 18 28 22 6 18 26 15 3 22 23 25 7 20 7 8 3 6 10 27 18 11 7 27 23 19 13 24 22 4 17 19 19 2 18 17 27 24 29 18 10 5 11 14 26 28 17 11 1 20 3 13 28 2 26 20 15 26 18 15 14 3 18 20 13 17 19 14 16 10
0 0 0 0 0 0 0 0 0 0 0 0 0 0 0 0 0 0 0 0 0 0 0 0 0 0 0 0 0 0 0 0 0 0 0 0 0 0 0 0 0 0 0 0 0 0 0 0 0 0 0 0 0 0 0 0 0 0 0 0 0 0 0 0 0 0 0 0 0 0 0 0 0 0 0 0 0 0 0 0 0 0 0 0 0 0 0 0 0 0 0 0 0 0 0 0 0 0 0 0
14 22 15 7 17 25 12 7 19 10 18 14 26 9 17 28 14 26 28 16 20 6 29 6 28 28 23 1 15 19 24 19 16 10 27 15 26 7 9 20 12 25 25 0 22 13 5 2 19 27 29 0 0 2 9 5 3 0 19 4 15 1 5 24 24 14 10 10 10 26 9 26 2 7 26 15 20 8 27 19 2 29 26 13 21 27 7 23 15 10 6 15 16 14 3 16 18 14 4 17
0 0 0 0 0 0 0 0 0 0 0 0 0 0 0 0 0 0 0 0 0 0 0 0 0 0 0 0 0 0 0 0 0 0 0 0 0 0 0 0 0 0 0 0 0 0 0 0 0 0 0 0 0 0 0 0 0 0 0 0 0 0 0 0 0 0 0 0 0 0 0 0 0 0 0 0 0 0 0 0 0 0 0 0 0 0 0 0 0 0 0 0 0 0 0 0 0 0 0 0
22 22 21 28 12 0 1 19 14 10 24 24 8 18 9 21 23 9 7 8 6 12 17 17 11 23 10 7 17 24 21 18 25 5 11 23 7 7 9 7 10 20 26 14 19 4 17 10 3 28 19 27 20 19 0 0 24 6 3 8 14 20 20 14 9 17 10 15 1 14 18 7 18 17 29 16 28 7 22 20 12 2 20 13 29 16 5 6 17 0 25 4 17 23 17 26 5 12 12 23
0 0 0 0 0 0 0 0 0 0 0 0 0 0 0 0 0 0 0 0 0 0 0 0 0 0 0 0 0 0 0 0 0 0 0 0 0 0 0 0 0 0 0 0 0 0 0 0 0 0 0 0 0 0 0 0 0 0 0 0 0 0 0 0 0 0 0 0 0 0 0 0 0 0 0 0 0 0 0 0 0 0 0 0 0 0 0 0 0 0 0 0 0 0 0 0 0 0 0 0
19 20 6 12 16 11 26 8 5 28 20 13 28 8 18 20 2 7 11 28 8 29 29 28 20 25 2 3 0 6 3 0 27 11 26 21 6 0 25 29 27 21 14 24 28 25 13 3 14 19 20 10 29 1 23 13 16 21 22 12 24 18 24 17 28 12 22 22 20 14 6 13 9 29 3 23 11 11 22 8 24 22 4 19 8 28 20 9 10 25 26 16 4 22 29 13 15 11 18 28
0 0 0 0 0 0 0 0 0 0 0 0 0 0 0 0 0 0 0 0 0 0 0 0 0 0 0 0 0 0 0 0 0 0 0 0 0 0 0 0 0 0 0 0 0 0 0 0 0 0 0 0 0 0 0 0 0 0 0 0 0 0 0 0 0 0 0 0 0 0 0 0 0 0 0 0 0 0 0 0 0 0 0 0 0 0 0 0 0 0 0 0 0 0 0 0 0 0 0 0
10 3 23 18 3 21 10 7 3 1 27 0 16 2 21 8 7 28 10 7 9 6 20 24 27 12 6 29 4 16 5 3 16 24 13 19 22 3 25 6 18 7 7 3 9 1 22 22 24 28 15 13 10 2 28 29 11 18 16 20 4 27 3 16 12 14 19 17 3 25 28 12 29 3 2 26 5 25 22 0 25 2 12 12 9 26 14 10 4 24 15 6 6 26 27 17 26 7 11 18
0 0 0 0 0 0 0 0 0 0 0 0 0 0 0 0 0 0 0 0 0 0 0 0 0 0 0 0 0 0 0 0 0 0 0 0 0 0 0 0 0 0 0 0 0 0 0 0 0 0 0 0 0 0 0 0 0 0 0 0 0 0 0 0 0 0 0 0 0 0 0 0 0 0 0 0 0 0 0 0 0 0 0 0 0 0 0 0 0 0 0 0 0 0 0 0 0 0 0 0
10 8 15 24 3 27 0 4 24 14 21 17 29 12 19 26 26 14 19 15 7 4 11 0 16 9 11 27 18 18 3 12 2 3 26 13 9 5 26 6 16 16 13 12 7 27 22 24 26 13 24 5 21 6 29 17 11 16 15 7 7 25 5 2 18 28 0 23 19 9 28 13 26 22 16 17 0 3 19 29 4 17 8 23 7 24 22 2 10 10 14 22 18 18 2 8 8 4 17 8
0 0 0 0 0 0 0 0 0 0 0 0 0 0 0 0 0 0 0 0 0 0 0 0 0 0 0 0 0 0 0 0 0 0 0 0 0 0 0 0 0 0 0 0 0 0 0 0 0 0 0 0 0 0 0 0 0 0 0 0 0 0 0 0 0 0 0 0 0 0 0 0 0 0 0 0 0 0 0 0 0 0 0 0 0 0 0 0 0 0 0 0 0 0 0 0 0 0 0 0
11 22 17 21 10 22 17 7 14 11 27 10 7 25 2 8 9 13 10 29 9 3 26 11 2 15 16 25 19 3 3 9 25 22 27 9 6 4 29 15 29 10 3 14 19 19 20 3 3 29 29 10 20 9 5 3 27 12 19 6 27 11 18 24 6 27 18 3 7 22 15 2 28 22 27 3 12 17 6 23 25 9 5 25 16 6 16 20 5 1 4 6 5 0 11 18 22 19 3 1
0 0 0 0 0 0 0 0 0 0 0 0 0 0 0 0 0 0 0 0 0 0 0 0 0 0 0 0 0 0 0 0 0 0 0 0 0 0 0 0 0 0 0 0 0 0 0 0 0 0 0 0 0 0 0 0 0 0 0 0 0 0 0 0 0 0 0 0 0 0 0 0 0 0 0 0 0 0 0 0 0 0 0 0 0 0 0 0 0 0 0 0 0 0 0 0 0 0 0 0
2 2 16 9 4 10 19 8 16 13 26 21 9 24 6 14 6 20 0 15 11 27 6 2 16 20 18 14 17 19 14 26 13 2 21 27 14 24 3 29 27 15 22 13 7 13 10 0 15 11 20 2 8 18 7 11 16 25 3 21 14 16 5 3 15 4 1 23 10 25 12 2 1 13 17 4 5 19 25 7 20 1 23 21 8 23 27 12 2 1 11 26 21 19 18 1 11 19 3 19
0 0 0 0 0 0 0 0 0 0 0 0 0 0 0 0 0 0 0 0 0 0 0 0 0 0 0 0 0 0 0 0 0 0 0 0 0 0 0 0 0 0 0 0 0 0 0 0 0 0 0 0 0 0 0 0 0 0 0 0 0 0 0 0 0 0 0 0 0 0 0 0 0 0 0 0 0 0 0 0 0 0 0 0 0 0 0 0 0 0 0 0 0 0 0 0 0 0 0 0
12 5 5 16 1 27 28 18 13 26 29 4 21 23 8 1 20 7 13 14 0 4 25 8 17 11 8 27 5 0 10 18 10 4 12 8 10 8 14 24 17 29 2 8 10 27 24 13 1 20 5 19 23 3 3 6 7 16 6 1 7 3 20 20 18 12 1 0 23 14 3 2 4 13 0 26 16 4 16 24 17 2 17 6 28 18 19 10 5 7 8 11 12 15 25 16 12 13 26 10
0 0 0 0 0 0 0 0 0 0 0 0 0 0 0 0 0 0 0 0 0 0 0 0 0 0 0 0 0 0 0 0 0 0 0 0 0 0 0 0 0 0 0 0 0 0 0 0 0 0 0 0 0 0 0 0 0 0 0 0 0 0 0 0 0 0 0 0 0 0 0 0 0 0 0 0 0 0 0 0 0 0 0 0 0 0 0 0 0 0 0 0 0 0 0 0 0 0 0 0
28 17 23 18 3 10 4 9 22 17 23 23 11 23 17 8 4 9 10 11 2 16 0 19 21 20 24 6 14 1 4 11 20 27 13 28 7 9 13 24 24 28 15 16 24 5 14 4 17 0 2 15 17 15 3 12 5 2 13 18 10 24 9 13 29 20 28 19 20 22 11 22 5 15 2 6 12 7 1 13 3 15 23 2 3 10 15 6 23 9 8 28 22 29 11 3 28 26 25 7
0 0 0 0 0 0 0 0 0 0 0 0 0 0 0 0 0 0 0 0 0 0 0 0 0 0 0 0 0 0 0 0 0 0 0 0 0 0 0 0 0 0 0 0 0 0 0 0 0 0 0 0 0 0 0 0 0 0 0 0 0 0 0 0 0 0 0 0 0 0 0 0 0 0 0 0 0 0 0 0 0 0 0 0 0 0 0 0 0 0 0 0 0 0 0 0 0 0 0 0
20 21 0 27 20 12 10 0 24 21 12 0 7 8 5 19 20 7 20 29 7 7 6 7 21 14 11 7 14 9 28 22 18 14 9 18 19 9 20 23 20 7 5 28 6 21 21 11 6 24 25 27 15 27 5 15 12 5 13 23 11 3 27 2 11 2 22 5 5 15 23 24 19 21 24 27 21 21 6 4 14 11 4 5 24 7 11 12 16 28 26 28 2 1 14 12 2 9 25 7
0 0 0 0 0 0 0 0 0 0 0 0 0 0 0 0 0 0 0 0 0 0 0 0 0 0 0 0 0 0 0 0 0 0 0 0 0 0 0 0 0 0 0 0 0 0 0 0 0 0 0 0 0 0 0 0 0 0 0 0 0 0 0 0 0 0 0 0 0 0 0 0 0 0 0 0 0 0 0 0 0 0 0 0 0 0 0 0 0 0 0 0 0 0 0 0 0 0 0 0
14 6 19 28 24 19 20 6 20 8 16 0 1 29 25 23 7 12 23 17 13 1 5 15 29 9 9 21 9 18 18 4 5 5 16 14 15 9 19 8 24 5 23 14 12 22 3 6 28 25 20 28 25 28 15 16 23 8 14 4 18 7 12 14 27 8 0 1 17 27 3 6 14 26 3 18 1 11 17 6 16 0 28 10 1 17 26 27 17 5 7 14 3 23 18 17 14 4 27 20
0 0 0 0 0 0 0 0 0 0 0 0 0 0 0 0 0 0 0 0 0 0 0 0 0 0 0 0 0 0 0 0 0 0 0 0 0 0 0 0 0 0 0 0 0 0 0 0 0 0 0 0 0 0 0 0 0 0 0 0 0 0 0 0 0 0 0 0 0 0 0 0 0 0 0 0 0 0 0 0 0 0 0 0 0 0 0 0 0 0 0 0 0 0 0 0 0 0 0 0
7 17 23 13 16 24 5 3 20 7 24 14 10 7 19 22 20 16 22 17 29 20 21 13 29 2 12 26 23 7 2 1 9 27 12 18 18 22 8 18 17 24 28 9 12 12 21 8 15 19 9 20 10 19 7 5 21 2 14 29 15 20 14 5 7 28 0 12 15 22 20 24 0 12 1 20 9 15 2 10 10 13 10 3 21 27 9 1 18 18 18 14 8 7 9 23 25 18 5 28
0 0 0 0 0 0 0 0 0 0 0 0 0 0 0 0 0 0 0 0 0 0 0 0 0 0 0 0 0 0 0 0 0 0 0 0 0 0 0 0 0 0 0 0 0 0 0 0 0 0 0 0 0 0 0 0 0 0 0 0 0 0 0 0 0 0 0 0 0 0 0 0 0 0 0 0 0 0 0 0 0 0 0 0 0 0 0 0 0 0 0 0 0 0 0 0 0 0 0 0
8 7 5 18 23 20 21 26 8 23 13 5 21 24 16 17 18 5 9 21 9 19 15 11 0 19 25 18 19 26 6 21 5 29 19 29 19 13 24 12 1 1 3 21 4 28 8 7 18 15 16 28 22 7 3 13 9 12 17 27 21 11 25 19 15 0 5 2 17 3 29 17 25 1 26 3 29 19 26 24 25 14 0 23 11 1 12 21 6 11 27 29 19 4 28 11 21 15 1 5
0 0 0 0 0 0 0 0 0 0 0 0 0 0 0 0 0 0 0 0 0 0 0 0 0 0 0 0 0 0 0 0 0 0 0 0 0 0 0 0 0 0 0 0 0 0 0 0 0 0 0 0 0 0 0 0 0 0 0 0 0 0 0 0 0 0 0 0 0 0 0 0 0 0 0 0 0 0 0 0 0 0 0 0 0 0 0 0 0 0 0 0 0 0 0 0 0 0 0 0
0 5 28 13 3 14 18 18 24 7 7 14 20 22 17 21 14 19 18 22 1 4 11 9 23 12 23 20 8 2 11 19 18 17 27 7 7 4 12 19 7 20 1 28 12 23 24 15 7 11 5 17 24 7 20 29 29 5 23 21 24 17 14 1 18 7 28 9 19 13 0 21 20 12 16 4 1 19 5 22 5 7 10 24 2 4 8 28 10 2 25 29 1 0 12 22 22 23 0 7
0 0 0 0 0 0 0 0 0 0 0 0 0 0 0 0 0 0 0 0 0 0 0 0 0 0 0 0 0 0 0 0 0 0 0 0 0 0 0 0 0 0 0 0 0 0 0 0 0 0 0 0 0 0 0 0 0 0 0 0 0 0 0 0 0 0 0 0 0 0 0 0 0 0 0 0 0 0 0 0 0 0 0 0 0 0 0 0 0 0 0 0 0 0 0 0 0 0 0 0
6 9 24 15 29 16 5 25 28 6 16 27 5 5 16 27 8 15 10 17 5 20 7 5 3 3 6 25 9 21 24 24 15 0 3 24 1 12 2 1 8 12 6 12 27 25 28 17 4 15 14 3 7 17 13 24 16 9 10 29 14 9 12 19 5 5 13 17 27 0 15 27 9 24 27 12 23 17 24 24 2 3 28 4 0 14 23 26 8 28 4 15 5 7 2 16 4 4 3 26
0 0 0 0 0 0 0 0 0 0 0 0 0 0 0 0 0 0 0 0 0 0 0 0 0 0 0 0 0 0 0 0 0 0 0 0 0 0 0 0 0 0 0 0 0 0 0 0 0 0 0 0 0 0 0 0 0 0 0 0 0 0 0 0 0 0 0 0 0 0 0 0 0 0 0 0 0 0 0 0 0 0 0 0 0 0 0 0 0 0 0 0 0 0 0 0 0 0 0 0
20 16 12 0 13 12 6 18 27 5 18 15 9 5 3 0 9 1 22 10 24 9 25 2 25 28 6 25 16 20 1 18 16 20 26 23 14 27 7 21 10 12 27 13 20 10 11 1 28 20 2 15 7 12 13 1 2 28 17 5 11 26 25 12 25 22 20 23 26 2 10 12 20 18 9 9 10 16 11 7 16 5 25 10 16 0 21 4 9 0 7 12 1 0 22 13 16 24 22 8
0 0 0 0 0 0 0 0 0 0 0 0 0 0 0 0 0 0 0 0 0 0 0 0 0 0 0 0 0 0 0 0 0 0 0 0 0 0 0 0 0 0 0 0 0 0 0 0 0 0 0 0 0 0 0 0 0 0 0 0 0 0 0 0 0 0 0 0 0 0 0 0 0 0 0 0 0 0 0 0 0 0 0 0 0 0 0 0 0 0 0 0 0 0 0 0 0 0 0 0
21 3 14 28 27 14 20 4 26 17 27 9 2 3 24 4 13 27 15 20 17 13 16 11 2 26 22 18 26 2 28 23 29 6 3 22 4 17 19 20 24 1 27 23 10 26 26 28 6 15 19 4 14 1 9 7 12 4 25 2 22 9 8 16 16 29 14 4 16 11 22 4 14 10 14 16 17 19 21 23 8 16 24 11 1 16 8 25 11 14 18 22 24 1 11 13 20 0 27 7
0 0 0 0 0 0 0 0 0 0 0 0 0 0 0 0 0 0 0 0 0 0 0 0 0 0 0 0 0 0 0 0 0 0 0 0 0 0 0 0 0 0 0 0 0 0 0 0 0 0 0 0 0 0 0 0 0 0 0 0 0 0 0 0 0 0 0 0 0 0 0 0 0 0 0 0 0 0 0 0 0 0 0 0 0 0 0 0 0 0 0 0 0 0 0 0 0 0 0 0
11 4 27 16 5 22 12 5 21 9 15 20 24 17 20 12 9 5 16 26 13 7 13 25 14 19 26 5 23 10 28 3 24 15 21 5 26 10 11 25 7 18 13 14 29 12 7 24 22 5 6 5 5 18 20 8 20 4 23 27 5 2 22 0 2 23 27 25 2 20 15 19 16 10 11 29 3 0 22 12 19 24 23 29 6 21 8 23 18 14 14 11 2 0 29 5 29 2 29 23
0 0 0 0 0 0 0 0 0 0 0 0 0 0 0 0 0 0 0 0 0 0 0 0 0 0 0 0 0 0 0 0 0 0 0 0 0 0 0 0 0 0 0 0 0 0 0 0 0 0 0 0 0 0 0 0 0 0 0 0 0 0 0 0 0 0 0 0 0 0 0 0 0 0 0 0 0 0 0 0 0 0 0 0 0 0 0 0 0 0 0 0 0 0 0 0 0 0 0 0
27 23 7 14 16 19 23 14 10 4 0 24 11 13 9 12 17 3 29 7 22 3 9 27 7 19 9 27 29 3 21 2 19 4 18 7 18 13 25 10 16 10 12 23 20 4 10 3 24 0 22 29 16 10 7 26 9 17 29 14 19 16 19 0 12 3 26 4 17 9 10 18 13 16 7 14 4 21 12 17 14 4 13 2 24 14 0 26 23 22 17 18 10 23 4 3 16 18 3 14
0 0 0 0 0 0 0 0 0 0 0 0 0 0 0 0 0 0 0 0 0 0 0 0 0 0 0 0 0 0 0 0 0 0 0 0 0 0 0 0 0 0 0 0 0 0 0 0 0 0 0 0 0 0 0 0 0 0 0 0 0 0 0 0 0 0 0 0 0 0 0 0 0 0 0 0 0 0 0 0 0 0 0 0 0 0 0 0 0 0 0 0 0 0 0 0 0 0 0 0
7 6 9 27 11 4 16 28 22 26 9 5 15 25 18 19 8 1 10 28 5 26 3 20 3 4 18 0 21 25 13 15 14 6 26 24 26 0 14 18 7 9 5 20 5 15 12 2 13 14 16 28 7 10 6 28 29 27 29 7 15 12 29 19 7 12 19 6 2 13 0 23 10 26 18 21 20 19 7 20 0 27 14 24 14 14 8 7 20 16 28 5 20 20 20 9 4 28 2 29
0 0 0 0 0 0 0 0 0 0 0 0 0 0 0 0 0 0 0 0 0 0 0 0 0 0 0 0 0 0 0 0 0 0 0 0 0 0 0 0 0 0 0 0 0 0 0 0 0 0 0 0 0 0 0 0 0 0 0 0 0 0 0 0 0 0 0 0 0 0 0 0 0 0 0 0 0 0 0 0 0 0 0 0 0 0 0 0 0 0 0 0 0 0 0 0 0 0 0 0
1 18 29 26 13 27 1 9 5 13 16 11 20 20 13 17 17 7 6 9 14 14 17 25 24 9 16 6 15 18 8 28 20 1 21 14 15 5 13 11 2 24 11 8 23 1 6 28 28 5 24 26 10 23 17 12 12 25 9 16 28 4 19 8 12 23 24 16 27 2 10 6 29 13 6 17 15 14 20 15 8 5 0 26 29 0 12 27 29 18 9 29 0 8 9 2 10 6 6 20
0 0 0 0 0 0 0 0 0 0 0 0 0 0 0 0 0 0 0 0 0 0 0 0 0 0 0 0 0 0 0 0 0 0 0 0 0 0 0 0 0 0 0 0 0 0 0 0 0 0 0 0 0 0 0 0 0 0 0 0 0 0 0 0 0 0 0 0 0 0 0 0 0 0 0 0 0 0 0 0 0 0 0 0 0 0 0 0 0 0 0 0 0 0 0 0 0 0 0 0
7 9 16 0 1 16 12 25 21 5 3 4 12 25 27 21 7 6 10 23 14 0 25 24 21 18 29 1 4 16 24 9 26 7 24 0 9 29 17 17 0 14 21 24 14 21 3 6 11 15 26 17 25 15 3 13 4 1 4 16 18 9 20 24 10 10 26 29 25 24 11 10 27 22 28 11 17 2 5 22 4 11 12 14 14 13 21 5 28 23 10 0 3 17 22 12 0 20 24 4
0 0 0 0 0 0 0 0 0 0 0 0 0 0 0 0 0 0 0 0 0 0 0 0 0 0 0 0 0 0 0 0 0 0 0 0 0 0 0 0 0 0 0 0 0 0 0 0 0 0 0 0 0 0 0 0 0 0 0 0 0 0 0 0 0 0 0 0 0 0 0 0 0 0 0 0 0 0 0 0 0 0 0 0 0 0 0 0 0 0 0 0 0 0 0 0 0 0 0 0
14 17 13 5 14 19 9 0 14 1 11 12 14 24 21 26 10 26 4 4 28 17 19 2 12 16 18 22 17 3 3 2 19 23 3 20 29 21 15 12 7 10 25 4 4 12 17 4 0 16 11 0 20 4 26 29 2 13 12 23 17 17 15 23 26 13 1 2 28 0 13 14 19 0 18 29 29 26 24 5 11 5 8 3 6 8 7 19 1 24 1 20 28 11 24 0 11 3 26 15
0 0 0 0 0 0 0 0 0 0 0 0 0 0 0 0 0 0 0 0 0 0 0 0 0 0 0 0 0 0 0 0 0 0 0 0 0 0 0 0 0 0 0 0 0 0 0 0 0 0 0 0 0 0 0 0 0 0 0 0 0 0 0 0 0 0 0 0 0 0 0 0 0 0 0 0 0 0 0 0 0 0 0 0 0 0 0 0 0 0 0 0 0 0 0 0 0 0 0 0
7 6 19 5 27 3 6 26 21 26 15 12 13 4 25 9 4 11 18 7 3 0 26 29 29 23 23 9 3 28 20 1 28 23 8 20 7 9 29 12 4 29 4 22 10 23 7 25 24 3 1 14 6 24 20 15 7 7 10 7 29 0 16 7 18 15 16 22 17 10 23 24 29 25 25 18 10 18 10 0 2 0 5 9 22 26 13 3 15 5 16 4 4 13 22 0 22 1 27 1
0 0 0 0 0 0 0 0 0 0 0 0 0 0 0 0 0 0 0 0 0 0 0 0 0 0 0 0 0 0 0 0 0 0 0 0 0 0 0 0 0 0 0 0 0 0 0 0 0 0 0 0 0 0 0 0 0 0 0 0 0 0 0 0 0 0 0 0 0 0 0 0 0 0 0 0 0 0 0 0 0 0 0 0 0 0 0 0 0 0 0 0 0 0 0 0 0 0 0 0
4 0 21 28 22 27 25 13 19 3 4 10 1 13 5 7 19 4 7 12 16 5 29 23 13 5 12 11 11 14 10 24 1 5 8 15 21 27 20 21 9 14 25 18 0 0 9 13 17 29 11 7 16 9 21 15 22 0 25 15 13 20 21 8 5 1 6 25 6 0 20 17 7 24 20 4 22 29 23 20 2 2 23 29 15 9 11 3 25 1 17 8 21 4 16 12 2 26 23 15
0 0 0 0 0 0 0 0 0 0 0 0 0 0 0 0 0 0 0 0 0 0 0 0 0 0 0 0 0 0 0 0 0 0 0 0 0 0 0 0 0 0 0 0 0 0 0 0 0 0 0 0 0 0 0 0 0 0 0 0 0 0 0 0 0 0 0 0 0 0 0 0 0 0 0 0 0 0 0 0 0 0 0 0 0 0 0 0 0 0 0 0 0 0 0 0 0 0 0 0
0 14 18 15 12 26 9 8 21 18 13 6 16 23 9 15 18 3 21 14 25 26 27 14 8 2 23 29 4 0 22 3 1 4 13 15 29 8 22 8 21 9 16 0 0 21 6 28 8 3 2 28 29 8 1 19 26 26 29 6 5 4 1 26 18 22 9 14 24 11 19 14 19 6 24 25 17 8 6 14 4 20 18 2 23 2 1 22 9 12 21 12 20 4 22 7 24 29 6 29
0 0 0 0 0 0 0 0 0 0 0 0 0 0 0 0 0 0 0 0 0 0 0 0 0 0 0 0 0 0 0 0 0 0 0 0 0 0 0 0 0 0 0 0 0 0 0 0 0 0 0 0 0 0 0 0 0 0 0 0 0 0 0 0 0 0 0 0 0 0 0 0 0 0 0 0 0 0 0 0 0 0 0 0 0 0 0 0 0 0 0 0 0 0 0 0 0 0 0 0
24 27 22 7 0 27 1 28 20 0 24 28 16 0 7 22 6 24 20 17 16 28 11 25 19 12 16 22 11 27 26 28 15 26 14 27 27 4 8 4 25 29 20 22 2 27 4 25 7 8 12 6 24 7 25 14 16 14 5 29 12 28 3 11 10 4 2 8 1 11 20 12 16 17 2 4 4 21 11 15 8 26 23 19 7 21 11 11 12 18 27 9 2 22 5 9 14 11 3 2
0 0 0 0 0 0 0 0 0 0 0 0 0 0 0 0 0 0 0 0 0 0 0 0 0 0 0 0 0 0 0 0 0 0 0 0 0 0 0 0 0 0 0 0 0 0 0 0 0 0 0 0 0 0 0 0 0 0 0 0 0 0 0 0 0 0 0 0 0 0 0 0 0 0 0 0 0 0 0 0 0 0 0 0 0 0 0 0 0 0 0 0 0 0 0 0 0 0 0 0
20 9 19 25 22 16 21 5 12 10 20 18 8 16 24 13 18 7 10 26 17 15 29 26 27 3 2 0 15 17 5 22 14 14 25 20 10 12 7 4 0 16 5 14 10 11 5 18 28 6 11 6 2 14 0 15 2 11 3 21 20 25 12 17 22 13 15 0 23 2 28 27 4 27 19 26 10 24 14 9 6 8 14 22 20 29 26 11 0 28 23 28 13 21 5 24 1 23 13 27
0 0 0 0 0 0 0 0 0 0 0 0 0 0 0 0 0 0 0 0 0 0 0 0 0 0 0 0 0 0 0 0 0 0 0 0 0 0 0 0 0 0 0 0 0 0 0 0 0 0 0 0 0 0 0 0 0 0 0 0 0 0 0 0 0 0 0 0 0 0 0 0 0 0 0 0 0 0 0 0 0 0 0 0 0 0 0 0 0 0 0 0 0 0 0 0 0 0 0 0
3 4 23 21 8 2 25 26 11 29 12 16 26 23 9 29 17 13 15 9 17 3 15 1 1 28 22 14 17 16 5 12 22 27 10 20 18 13 19 4 0 13 12 20 12 15 6 24 2 20 17 0 22 2 5 8 3 3 9 25 13 22 3 26 8 14 21 3 11 18 25 19 7 26 2 0 29 20 26 23 16 0 10 25 0 9 14 27 17 28 27 11 8 26 8 18 13 5 23 28
0 0 0 0 0 0 0 0 0 0 0 0 0 0 0 0 0 0 0 0 0 0 0 0 0 0 0 0 0 0 0 0 0 0 0 0 0 0 0 0 0 0 0 0 0 0 0 0 0 0 0 0 0 0 0 0 0 0 0 0 0 0 0 0 0 0 0 0 0 0 0 0 0 0 0 0 0 0 0 0 0 0 0 0 0 0 0 0 0 0 0 0 0 0 0 0 0 0 0 0
20 3 26 9 4 24 26 5 14 1 9 6 6 11 9 7 23 12 12 1 18 29 4 29 2 0 13 29 17 0 13 4 20 12 20 9 6 9 14 22 24 9 29 23 26 23 9 3 23 7 7 29 15 3 9 3 21 1 16 16 6 29 29 6 5 5 29 10 4 7 28 18 15 0 5 21 8 16 6 27 27 24 14 16 26 19 4 26 20 7 3 6 0 22 17 11 9 24 22 25
0 0 0 0 0 0 0 0 0 0 0 0 0 0 0 0 0 0 0 0 0 0 0 0 0 0 0 0 0 0 0 0 0 0 0 0 0 0 0 0 0 0 0 0 0 0 0 0 0 0 0 0 0 0 0 0 0 0 0 0 0 0 0 0 0 0 0 0 0 0 0 0 0 0 0 0 0 0 0 0 0 0 0 0 0 0 0 0 0 0 0 0 0 0 0 0 0 0 0 0
5 19 20 18 0 21 1 7 5 16 12 0 10 17 1 18 24 23 15 23 8 27 4 25 15 20 25 26 19 3 3 9 27 29 6 28 0 8 18 4 14 8 25 5 10 28 8 6 24 4 5 13 28 3 0 8 10 1 1 1 6 10 18 28 2 18 15 19 3 29 19 19 11 6 28 23 4 10 11 29 4 16 4 19 27 25 25 28 14 19 1 1 14 14 4 29 8 15 10 28
0 0 0 0 0 0 0 0 0 0 0 0 0 0 0 0 0 0 0 0 0 0 0 0 0 0 0 0 0 0 0 0 0 0 0 0 0 0 0 0 0 0 0 0 0 0 0 0 0 0 0 0 0 0 0 0 0 0 0 0 0 0 0 0 0 0 0 0 0 0 0 0 0 0 0 0 0 0 0 0 0 0 0 0 0 0 0 0 0 0 0 0 0 0 0 0 0 0 0 0
15 0 17 24 1 21 8 3 27 29 15 22 24 23 14 1 17 1 23 20 8 26 17 28 8 11 19 27 25 18 16 4 23 26 26 23 25 0 11 16 2 27 7 4 1 23 22 26 26 12 7 5 10 28 24 15 7 5 9 13 19 23 29 8 16 25 8 29 11 16 3 19 15 16 9 17 8 22 25 2 21 28 0 24 8 25 5 18 3 26 3 17 14 18 9 11 16 22 7 10
