100 100
0 0 0 0 0 0 0 0 0 0 0 0 0 0 0 0 0 0 0 0 0 0 0 0 0 0 0 0 0 0 0 0 0 0 0 0 0 0 0 0 0 0 0 0 0 0 0 0 0 0 0 0 0 0 0 0 0 0 0 0 0 0 0 0 0 0 0 0 0 0 0 0 0 0 0 0 0 0 0 0 0 0 0 0 0 0 0 0 0 0 0 0 0 0 0 0 0 0 0 0
0 10 2 2 10 24 3 18 6 22 21 28 13 6 18 8 13 21 7 12 1 0 26 27 10 11 13 14 28 3 0 7 23 18 13 18 21 7 21 19 28 27 24 20 18 29 3 28 18 28 10 10 6 13 20 11 9 1 4 20 11 19 8 11 28 15 6 13 10 13 8 12 18 19 4 9 19 25 10 1 2 8 23 4 12 19 19 7 2 13 21 0 5 6 28 27 10 8 17 12
0 0 0 0 0 0 0 0 0 0 0 0 0 0 0 0 0 0 0 0 0 0 0 0 0 0 0 0 0 0 0 0 0 0 0 0 0 0 0 0 0 0 0 0 0 0 0 0 0 0 0 0 0 0 0 0 0 0 0 0 0 0 0 0 0 0 0 0 0 0 0 0 0 0 0 0 0 0 0 0 0 0 0 0 0 0 0 0 0 0 0 0 0 0 0 0 0 0 0 0
27 17 16 20 2 7 29 16 21 0 15 15 23 16 0 27 18 19 26 10 4 17 4 10 23 28 24 24 4 9 3 29 17 24 21 5 5 7 26 21 12 6 22 15 8 2 27 27 23 13 19 6 20 18 23 5 4 9 1 7 2 15 3 28 13 24 16 3 6 16 22 15 13 23 9 8 14 17 29 17 1 15 26 10 2 4 10 20 4 11 17 21 18 10 7 7 12 18 4 26
0 0 0 0 0 0 0 0 0 0 0 0 0 0 0 0 0 0 0 0 0 0 0 0 0 0 0 0 0 0 0 0 0 0 0 0 0 0 0 0 0 0 0 0 0 0 0 0 0 0 0 0 0 0 0 0 0 0 0 0 0 0 0 0 0 0 0 0 0 0 0 0 0 0 0 0 0 0 0 0 0 0 0 0 0 0 0 0 0 0 0 0 0 0 0 0 0 0 0 0
13 5 7 0 25 17 19 21 17 18 14 21 10 22 27 2 22 23 27 26 8 23 26 4 27 26 3 9 14 14 3 19 5 10 1 29 22 18 11 3 14 22 6 12 17 17 13 8 25 21 16 28 9 11 5 23 18 29 28 24 1 2 25 10 25 7 4 0 19 27 9 11 1 10 15 23 25 21 5 27 20 15 5 20 27 7 10 17 18 17 28 10 2 10 29 6 27 7 1 2
0 0 0 0 0 0 0 0 0 0 0 0 0 0 0 0 0 0 0 0 0 0 0 0 0 0 0 0 0 0 0 0 0 0 0 0 0 0 0 0 0 0 0 0 0 0 0 0 0 0 0 0 0 0 0 0 0 0 0 0 0 0 0 0 0 0 0 0 0 0 0 0 0 0 0 0 0 0 0 0 0 0 0 0 0 0 0 0 0 0 0 0 0 0 0 0 0 0 0 0
3 0 11 16 12 20 14 13 21 5 21 20 18 13 10 15 27 18 19 23 14 29 5 7 4 19 9 13 18 17 17 10 10 5 5 18 28 1 24 23 8 27 15 9 20 6 13 21 9 0 0 12 8 13 5 8 20 13 1 22 9 3 10 15 26 2 6 8 13 9 21 13 0 9 7 28 18 8 8 9 14 16 0 5 10 20 15 24 12 15 23 26 20 22 0 0 4 17 14 25
0 0 0 0 0 0 0 0 0 0 0 0 0 0 0 0 0 0 0 0 0 0 0 0 0 0 0 0 0 0 0 0 0 0 0 0 0 0 0 0 0 0 0 0 0 0 0 0 0 0 0 0 0 0 0 0 0 0 0 0 0 0 0 0 0 0 0 0 0 0 0 0 0 0 0 0 0 0 0 0 0 0 0 0 0 0 0 0 0 0 0 0 0 0 0 0 0 0 0 0
19 11 27 0 7 14 28 28 6 22 25 25 25 3 6 11 21 5 18 4 16 16 8 0 1 4 29 11 11 0 7 16 26 1 14 28 20 26 12 5 21 4 0 0 20 5 16 8 18 20 12 19 8 26 7 13 1 3 20 21 20 11 2 20 3 4 5 10 24 8 7 6 16 0 16 13 28 15 10 11 23 25 3 27 12 18 16 18 7 15 29 24 13 13 18 22 25 2 19 6
0 0 0 0 0 0 0 0 0 0 0 0 0 0 0 0 0 0 0 0 0 0 0 0 0 0 0 0 0 0 0 0 0 0 0 0 0 0 0 0 0 0 0 0 0 0 0 0 0 0 0 0 0 0 0 0 0 0 0 0 0 0 0 0 0 0 0 0 0 0 0 0 0 0 0 0 0 0 0 0 0 0 0 0 0 0 0 0 0 0 0 0 0 0 0 0 0 0 0 0
1 25 0 22 19 0 28 25 1 17 26 6 21 24 29 14 12 15 13 3 28 14 24 11 17 16 15 9 6 2 17 11 26 28 13 2 21 24 10 17 14 22 15 19 1 11 23 17 2 16 26 3 10 9 2 14 11 1 13 12 28 18 2 10 18 2 27 5 16 23 16 5 16 24 12 3 13 11 19 22 14 16 12 20 2 0 11 14 27 9 19 10 21 25 21 7 13 9 7 4
0 0 0 0 0 0 0 0 0 0 0 0 0 0 0 0 0 0 0 0 0 0 0 0 0 0 0 0 0 0 0 0 0 0 0 0 0 0 0 0 0 0 0 0 0 0 0 0 0 0 0 0 0 0 0 0 0 0 0 0 0 0 0 0 0 0 0 0 0 0 0 0 0 0 0 0 0 0 0 0 0 0 0 0 0 0 0 0 0 0 0 0 0 0 0 0 0 0 0 0
19 19 21 28 27 16 23 23 9 20 19 12 20 21 2 10 15 22 26 0 8 22 27 21 2 21 21 9 27 2 6 20 21 19 1 20 20 29 24 26 16 22 22 12 22 8 2 26 19 13 8 8 12 10 23 8 27 29 3 28 5 15 10 27 12 29 22 17 4 6 25 1 13 10 17 5 24 15 14 25 11 20 26 17 4 13 11 12 24 27 8 27 29 27 21 8 29 8 2 16
0 0 0 0 0 0 0 0 0 0 0 0 0 0 0 0 0 0 0 0 0 0 0 0 0 0 0 0 0 0 0 0 0 0 0 0 0 0 0 0 0 0 0 0 0 0 0 0 0 0 0 0 0 0 0 0 0 0 0 0 0 0 0 0 0 0 0 0 0 0 0 0 0 0 0 0 0 0 0 0 0 0 0 0 0 0 0 0 0 0 0 0 0 0 0 0 0 0 0 0
25 10 9 2 25 26 14 2 14 10 16 0 19 29 4 3 10 5 8 4 2 29 18 12 3 4 17 14 29 2 24 26 18 29 6 1 1 23 11 24 11 19 19 6 10 2 26 23 11 9 29 19 22 9 23 28 17 19 8 4 11 27 25 14 26 24 8 26 1 16 5 8 8 22 13 1 23 12 8 1 22 23 4 20 24 15 28 28 26 3 4 23 11 22 23 19 27 9 8 24
0 0 0 0 0 0 0 0 0 0 0 0 0 0 0 0 0 0 0 0 0 0 0 0 0 0 0 0 0 0 0 0 0 0 0 0 0 0 0 0 0 0 0 0 0 0 0 0 0 0 0 0 0 0 0 0 0 0 0 0 0 0 0 0 0 0 0 0 0 0 0 0 0 0 0 0 0 0 0 0 0 0 0 0 0 0 0 0 0 0 0 0 0 0 0 0 0 0 0 0
25 5 28 28 13 27 26 8 2 0 12 0 29 23 25 20 0 4 13 13 21 18 9 16 21 13 16 3 4 18 4 2 28 11 2 27 12 26 3 8 23 2 8 13 3 11 16 15 25 4 0 12 22 15 20 6 24 3 10 2 23 1 11 5 23 2 1 28 29 1 22 18 21 7 24 21 25 5 4 14 7 14 22 5 27 8 0 20 1 24 12 12 21 26 1 18 9 25 0 20
0 0 0 0 0 0 0 0 0 0 0 0 0 0 0 0 0 0 0 0 0 0 0 0 0 0 0 0 0 0 0 0 0 0 0 0 0 0 0 0 0 0 0 0 0 0 0 0 0 0 0 0 0 0 0 0 0 0 0 0 0 0 0 0 0 0 0 0 0 0 0 0 0 0 0 0 0 0 0 0 0 0 0 0 0 0 0 0 0 0 0 0 0 0 0 0 0 0 0 0
7 9 6 27 26 1 1 25 28 27 29 8 24 22 23 19 4 19 9 21 24 23 24 22 17 25 28 5 10 6 8 12 14 4 7 0 6 2 22 6 22 15 29 0 0 25 6 20 13 1 3 17 22 28 2 29 29 18 13 8 26 5 19 7 8 3 25 8 15 14 17 11 29 19 9 3 20 5 25 8 16 0 29 21 26 13 25 8 8 1 22 18 29 4 21 0 4 27 15 2
0 0 0 0 0 0 0 0 0 0 0 0 0 0 0 0 0 0 0 0 0 0 0 0 0 0 0 0 0 0 0 0 0 0 0 0 0 0 0 0 0 0 0 0 0 0 0 0 0 0 0 0 0 0 0 0 0 0 0 0 0 0 0 0 0 0 0 0 0 0 0 0 0 0 0 0 0 0 0 0 0 0 0 0 0 0 0 0 0 0 0 0 0 0 0 0 0 0 0 0
20 29 26 22 0 11 22 28 5 24 24 14 5 26 25 12 8 2 22 24 22 28 28 9 5 15 18 3 25 26 27 1 12 11 2 2 22 8 2 6 1 2 28 25 4 25 9 11 23 11 23 15 14 18 5 16 10 2 29 25 23 12 16 3 9 16 19 10 13 0 25 16 18 20 1 4 21 27 26 13 2 25 18 15 5 27 17 14 7 3 10 18 7 22 6 25 1 12 17 17
0 0 0 0 0 0 0 0 0 0 0 0 0 0 0 0 0 0 0 0 0 0 0 0 0 0 0 0 0 0 0 0 0 0 0 0 0 0 0 0 0 0 0 0 0 0 0 0 0 0 0 0 0 0 0 0 0 0 0 0 0 0 0 0 0 0 0 0 0 0 0 0 0 0 0 0 0 0 0 0 0 0 0 0 0 0 0 0 0 0 0 0 0 0 0 0 0 0 0 0
8 16 26 27 20 8 7 14 14 19 0 17 13 2 24 17 19 17 9 16 5 3 11 24 1 25 29 14 14 8 19 22 20 7 27 7 6 21 3 5 7 19 15 18 3 13 27 25 17 26 19 21 25 12 27 24 22 13 20 25 27 4 29 4 15 19 16 21 20 4 5 7 18 26 4 24 6 0 23 24 20 4 16 4 21 20 0 15 9 3 23 27 26 13 19 0 6 24 17 8
0 0 0 0 0 0 0 0 0 0 0 0 0 0 0 0 0 0 0 0 0 0 0 0 0 0 0 0 0 0 0 0 0 0 0 0 0 0 0 0 0 0 0 0 0 0 0 0 0 0 0 0 0 0 0 0 0 0 0 0 0 0 0 0 0 0 0 0 0 0 0 0 0 0 0 0 0 0 0 0 0 0 0 0 0 0 0 0 0 0 0 0 0 0 0 0 0 0 0 0
8 21 25 3 20 26 3 14 7 24 8 19 24 17 4 24 22 11 23 9 6 27 20 25 5 20 24 28 16 27 5 27 7 22 26 17 12 8 13 27 23 21 25 3 22 19 21 21 24 25 11 10 28 3 10 2 3 17 28 11 27 2 29 17 28 15 17 22 11 20 6 20 14 27 5 27 7 5 20 22 12 12 1 25 20 19 17 2 24 2 14 6 2 4 15 29 15 22 2 21
0 0 0 0 0 0 0 0 0 0 0 0 0 0 0 0 0 0 0 0 0 0 0 0 0 0 0 0 0 0 0 0 0 0 0 0 0 0 0 0 0 0 0 0 0 0 0 0 0 0 0 0 0 0 0 0 0 0 0 0 0 0 0 0 0 0 0 0 0 0 0 0 0 0 0 0 0 0 0 0 0 0 0 0 0 0 0 0 0 0 0 0 0 0 0 0 0 0 0 0
29 26 0 18 5 21 24 16 29 23 13 6 9 16 21 20 9 5 5 0 11 16 8 12 10 21 29 26 25 26 13 3 0 27 6 0 20 19 16 7 7 5 0 16 27 15 11 24 13 1 21 2 11 7 24 18 19 22 7 16 6 20 20 9 25 19 24 7 10 4 13 24 25 25 17 23 1 20 5 11 0 2 10 24 16 6 29 1 1 19 8 4 15 10 11 7 21 7 28 27
0 0 0 0 0 0 0 0 0 0 0 0 0 0 0 0 0 0 0 0 0 0 0 0 0 0 0 0 0 0 0 0 0 0 0 0 0 0 0 0 0 0 0 0 0 0 0 0 0 0 0 0 0 0 0 0 0 0 0 0 0 0 0 0 0 0 0 0 0 0 0 0 0 0 0 0 0 0 0 0 0 0 0 0 0 0 0 0 0 0 0 0 0 0 0 0 0 0 0 0
12 28 10 12 10 5 21 26 29 3 27 21 1 20 0 17 29 27 5 26 13 16 10 15 21 15 2 28 12 1 19 25 19 26 29 12 21 23 21 12 8 25 15 26 27 16 27 14 25 15 2 18 10 23 21 18 4 21 3 5 27 18 6 11 29 0 22 7 28 13 7 3 5 13 3 4 24 11 9 4 13 16 3 20 3 19 28 0 15 22 22 7 21 10 15 20 28 10 3 8
0 0 0 0 0 0 0 0 0 0 0 0 0 0 0 0 0 0 0 0 0 0 0 0 0 0 0 0 0 0 0 0 0 0 0 0 0 0 0 0 0 0 0 0 0 0 0 0 0 0 0 0 0 0 0 0 0 0 0 0 0 0 0 0 0 0 0 0 0 0 0 0 0 0 0 0 0 0 0 0 0 0 0 0 0 0 0 0 0 0 0 0 0 0 0 0 0 0 0 0
16 27 13 14 12 21 19 22 19 19 22 12 25 18 26 18 18 8 20 20 9 16 11 26 28 29 26 18 28 24 20 14 3 4 23 17 14 19 29 19 9 20 14 14 25 19 17 1 7 11 9 21 20 17 26 22 11 9 15 24 25 24 14 14 28 14 20 13 22 14 10 2 24 4 15 19 0 4 17 2 26 17 1 18 19 3 6 23 9 6 10 27 3 29 10 29 16 14 29 12
0 0 0 0 0 0 0 0 0 0 0 0 0 0 0 0 0 0 0 0 0 0 0 0 0 0 0 0 0 0 0 0 0 0 0 0 0 0 0 0 0 0 0 0 0 0 0 0 0 0 0 0 0 0 0 0 0 0 0 0 0 0 0 0 0 0 0 0 0 0 0 0 0 0 0 0 0 0 0 0 0 0 0 0 0 0 0 0 0 0 0 0 0 0 0 0 0 0 0 0
12 29 1 25 17 7 12 4 9 19 15 18 29 18 25 14 7 1 24 25 28 19 10 17 1 23 21 12 3 29 28 8 19 26 7 3 17 16 20 7 7 23 17 14 6 8 15 3 28 15 8 15 17 2 24 13 8 29 29 15 14 11 7 23 29 18 18 29 4 3 14 2 28 1 27 11 23 21 9 24 1 8 2 10 17 10 10 27 3 29 4 27 14 4 28 10 25 21 10 26
0 0 0 0 0 0 0 0 0 0 0 0 0 0 0 0 0 0 0 0 0 0 0 0 0 0 0 0 0 0 0 0 0 0 0 0 0 0 0 0 0 0 0 0 0 0 0 0 0 0 0 0 0 0 0 0 0 0 0 0 0 0 0 0 0 0 0 0 0 0 0 0 0 0 0 0 0 0 0 0 0 0 0 0 0 0 0 0 0 0 0 0 0 0 0 0 0 0 0 0
6 12 20 24 12 19 16 4 20 25 27 12 4 21 3 6 20 3 0 20 24 6 14 27 25 3 8 7 22 23 4 5 18 18 7 18 9 6 8 23 19 6 10 22 24 4 15 12 22 4 0 6 27 20 14 4 28 23 13 2 8 0 18 10 21 27 27 6 13 5 27 9 20 4 11 27 24 17 28 24 6 19 5 26 13 5 23 27 28 14 29 29 20 26 22 6 0 11 20 20
0 0 0 0 0 0 0 0 0 0 0 0 0 0 0 0 0 0 0 0 0 0 0 0 0 0 0 0 0 0 0 0 0 0 0 0 0 0 0 0 0 0 0 0 0 0 0 0 0 0 0 0 0 0 0 0 0 0 0 0 0 0 0 0 0 0 0 0 0 0 0 0 0 0 0 0 0 0 0 0 0 0 0 0 0 0 0 0 0 0 0 0 0 0 0 0 0 0 0 0
0 23 1 22 17 2 20 22 4 1 4 24 19 24 18 13 25 12 7 12 11 3 11 29 21 21 13 15 18 14 3 11 24 7 17 8 26 20 17 4 25 25 16 22 20 16 29 16 10 23 2 12 19 24 1 22 9 28 24 12 5 13 2 19 11 1 28 8 26 24 0 21 24 21 15 7 24 17 20 28 17 17 6 25 15 27 0 4 14 13 25 19 23 6 27 23 1 10 13 7
0 0 0 0 0 0 0 0 0 0 0 0 0 0 0 0 0 0 0 0 0 0 0 0 0 0 0 0 0 0 0 0 0 0 0 0 0 0 0 0 0 0 0 0 0 0 0 0 0 0 0 0 0 0 0 0 0 0 0 0 0 0 0 0 0 0 0 0 0 0 0 0 0 0 0 0 0 0 0 0 0 0 0 0 0 0 0 0 0 0 0 0 0 0 0 0 0 0 0 0
0 0 4 8 23 26 25 11 11 6 21 3 14 20 10 24 24 6 24 17 12 1 14 17 25 11 26 20 1 26 21 3 15 16 9 16 26 4 12 27 25 27 15 22 19 23 17 1 7 27 1 26 5 11 23 7 10 1 24 19 12 7 27 16 15 18 13 2 16 27 4 19 23 25 0 9 21 2 29 9 17 20 16 5 29 23 14 25 4 18 10 17 17 11 18 17 22 18 21 25
0 0 0 0 0 0 0 0 0 0 0 0 0 0 0 0 0 0 0 0 0 0 0 0 0 0 0 0 0 0 0 0 0 0 0 0 0 0 0 0 0 0 0 0 0 0 0 0 0 0 0 0 0 0 0 0 0 0 0 0 0 0 0 0 0 0 0 0 0 0 0 0 0 0 0 0 0 0 0 0 0 0 0 0 0 0 0 0 0 0 0 0 0 0 0 0 0 0 0 0
26 3 28 16 24 16 4 4 15 13 4 27 14 11 15 13 20 17 6 1 6 18 20 26 22 6 19 12 9 11 26 20 29 8 25 21 28 4 26 26 9 28 22 26 28 11 9 24 16 7 24 4 25 3 6 3 9 2 7 8 25 27 14 24 12 22 25 11 2 1 9 26 6 3 21 29 10 10 24 27 13 7 8 18 5 23 0 20 7 9 10 4 26 21 17 26 21 21 8 13
0 0 0 0 0 0 0 0 0 0 0 0 0 0 0 0 0 0 0 0 0 0 0 0 0 0 0 0 0 0 0 0 0 0 0 0 0 0 0 0 0 0 0 0 0 0 0 0 0 0 0 0 0 0 0 0 0 0 0 0 0 0 0 0 0 0 0 0 0 0 0 0 0 0 0 0 0 0 0 0 0 0 0 0 0 0 0 0 0 0 0 0 0 0 0 0 0 0 0 0
19 29 7 18 4 5 22 18 11 8 12 29 27 22 0 20 23 17 23 0 3 11 6 1 17 14 22 9 12 11 22 10 5 17 24 2 28 0 12 14 17 1 0 19 20 22 23 3 28 14 5 15 15 9 10 6 19 8 13 17 16 3 18 23 27 10 3 25 7 29 7 29 19 23 4 26 22 10 3 12 20 6 14 16 24 3 4 20 12 29 24 9 16 21 26 0 15 4 28 20
0 0 0 0 0 0 0 0 0 0 0 0 0 0 0 0 0 0 0 0 0 0 0 0 0 0 0 0 0 0 0 0 0 0 0 0 0 0 0 0 0 0 0 0 0 0 0 0 0 0 0 0 0 0 0 0 0 0 0 0 0 0 0 0 0 0 0 0 0 0 0 0 0 0 0 0 0 0 0 0 0 0 0 0 0 0 0 0 0 0 0 0 0 0 0 0 0 0 0 0
23 26 3 27 16 6 15 25 10 14 18 18 24 18 27 10 1 7 4 20 17 15 3 8 4 5 20 4 14 26 13 13 13 0 3 11 4 26 15 9 13 3 25 14 21 14 25 1 22 11 17 2 5 20 23 19 23 29 17 21 19 22 6 25 20 29 29 6 28 20 26 6 12 9 8 1 5 2 10 2 20 25 25 1 2 9 13 19 10 15 3 5 12 24 6 0 9 8 11 16
0 0 0 0 0 0 0 0 0 0 0 0 0 0 0 0 0 0 0 0 0 0 0 0 0 0 0 0 0 0 0 0 0 0 0 0 0 0 0 0 0 0 0 0 0 0 0 0 0 0 0 0 0 0 0 0 0 0 0 0 0 0 0 0 0 0 0 0 0 0 0 0 0 0 0 0 0 0 0 0 0 0 0 0 0 0 0 0 0 0 0 0 0 0 0 0 0 0 0 0
21 13 25 7 19 20 1 18 24 18 10 11 24 21 27 21 9 8 27 7 21 11 25 23 12 4 4 0 20 3 2 27 11 9 0 27 8 13 27 23 3 14 6 13 18 21 11 18 4 3 25 6 1 3 21 0 6 14 10 13 3 3 4 16 28 23 27 13 28 2 12 7 19 0 0 28 23 24 29 23 18 16 11 0 11 14 17 4 18 1 8 2 13 12 19 7 9 23 22 18
0 0 0 0 0 0 0 0 0 0 0 0 0 0 0 0 0 0 0 0 0 0 0 0 0 0 0 0 0 0 0 0 0 0 0 0 0 0 0 0 0 0 0 0 0 0 0 0 0 0 0 0 0 0 0 0 0 0 0 0 0 0 0 0 0 0 0 0 0 0 0 0 0 0 0 0 0 0 0 0 0 0 0 0 0 0 0 0 0 0 0 0 0 0 0 0 0 0 0 0
28 12 1 13 16 1 20 3 6 9 18 9 20 15 14 26 23 10 12 3 12 5 26 1 5 1 20 5 13 29 24 3 24 12 0 10 27 29 2 27 1 4 12 16 16 4 4 3 23 27 14 8 12 21 28 13 9 22 20 12 27 21 12 15 3 14 3 3 17 1 13 9 5 22 8 22 5 7 5 12 6 13 8 25 1 6 5 20 18 12 25 22 18 1 22 2 2 5 9 15
0 0 0 0 0 0 0 0 0 0 0 0 0 0 0 0 0 0 0 0 0 0 0 0 0 0 0 0 0 0 0 0 0 0 0 0 0 0 0 0 0 0 0 0 0 0 0 0 0 0 0 0 0 0 0 0 0 0 0 0 0 0 0 0 0 0 0 0 0 0 0 0 0 0 0 0 0 0 0 0 0 0 0 0 0 0 0 0 0 0 0 0 0 0 0 0 0 0 0 0
1 4 0 10 4 27 14 18 6 10 26 26 15 22 20 19 17 18 8 1 15 0 5 20 10 14 4 1 13 12 2 7 17 0 19 13 3 29 14 4 23 19 18 6 13 14 14 27 26 3 1 21 12 23 28 23 21 4 18 28 13 10 19 17 13 7 10 5 23 18 3 23 14 25 9 23 27 11 11 22 28 23 6 9 16 8 5 17 14 6 1 18 29 28 10 12 27 7 1 16
0 0 0 0 0 0 0 0 0 0 0 0 0 0 0 0 0 0 0 0 0 0 0 0 0 0 0 0 0 0 0 0 0 0 0 0 0 0 0 0 0 0 0 0 0 0 0 0 0 0 0 0 0 0 0 0 0 0 0 0 0 0 0 0 0 0 0 0 0 0 0 0 0 0 0 0 0 0 0 0 0 0 0 0 0 0 0 0 0 0 0 0 0 0 0 0 0 0 0 0
14 3 13 23 7 14 27 24 3 21 17 19 4 6 26 14 14 21 24 18 20 15 2 25 29 10 7 24 9 6 17 1 5 28 18 20 22 11 3 4 27 10 0 29 12 27 26 25 18 15 27 7 23 15 13 20 2 27 13 22 5 29 21 21 18 24 0 28 27 17 29 11 22 15 21 23 6 23 21 3 1 22 13 0 16 0 24 28 19 11 12 16 10 2 19 17 0 12 10 9
0 0 0 0 0 0 0 0 0 0 0 0 0 0 0 0 0 0 0 0 0 0 0 0 0 0 0 0 0 0 0 0 0 0 0 0 0 0 0 0 0 0 0 0 0 0 0 0 0 0 0 0 0 0 0 0 0 0 0 0 0 0 0 0 0 0 0 0 0 0 0 0 0 0 0 0 0 0 0 0 0 0 0 0 0 0 0 0 0 0 0 0 0 0 0 0 0 0 0 0
28 20 1 22 5 26 7 5 0 0 21 20 23 21 4 0 26 2 23 29 0 0 24 20 15 22 21 6 0 14 11 26 3 4 13 4 8 24 7 20 15 5 20 5 21 20 7 24 29 27 23 24 7 12 18 26 13 13 27 19 16 4 11 10 10 0 14 26 12 14 23 20 10 2 18 2 0 26 10 23 14 22 16 1 27 23 4 15 16 24 27 5 15 16 20 3 12 24 5 1
0 0 0 0 0 0 0 0 0 0 0 0 0 0 0 0 0 0 0 0 0 0 0 0 0 0 0 0 0 0 0 0 0 0 0 0 0 0 0 0 0 0 0 0 0 0 0 0 0 0 0 0 0 0 0 0 0 0 0 0 0 0 0 0 0 0 0 0 0 0 0 0 0 0 0 0 0 0 0 0 0 0 0 0 0 0 0 0 0 0 0 0 0 0 0 0 0 0 0 0
24 9 23 1 12 19 17 25 22 4 29 22 16 2 10 9 15 3 28 3 16 19 0 20 22 28 4 24 6 29 20 14 14 24 15 10 15 10 13 25 10 24 9 18 13 27 20 14 2 28 11 4 2 14 29 27 9 18 18 11 19 7 9 2 13 19 27 14 1 1 2 11 0 11 0 28 17 2 6 25 0 6 3 24 17 16 22 6 17 6 25 2 9 13 24 21 4 21 2 9
0 0 0 0 0 0 0 0 0 0 0 0 0 0 0 0 0 0 0 0 0 0 0 0 0 0 0 0 0 0 0 0 0 0 0 0 0 0 0 0 0 0 0 0 0 0 0 0 0 0 0 0 0 0 0 0 0 0 0 0 0 0 0 0 0 0 0 0 0 0 0 0 0 0 0 0 0 0 0 0 0 0 0 0 0 0 0 0 0 0 0 0 0 0 0 0 0 0 0 0
1 17 27 25 21 19 7 28 29 5 29 17 25 25 23 0 10 29 11 7 1 5 1 14 19 11 8 28 7 21 24 5 2 26 27 13 24 29 2 27 28 14 7 24 29 4 27 29 7 4 9 15 29 15 14 12 25 1 25 5 28 23 15 9 19 21 10 6 14 15 29 24 29 21 26 19 9 5 7 4 2 4 16 21 3 16 28 22 12 11 5 26 4 8 9 1 28 7 0 26
0 0 0 0 0 0 0 0 0 0 0 0 0 0 0 0 0 0 0 0 0 0 0 0 0 0 0 0 0 0 0 0 0 0 0 0 0 0 0 0 0 0 0 0 0 0 0 0 0 0 0 0 0 0 0 0 0 0 0 0 0 0 0 0 0 0 0 0 0 0 0 0 0 0 0 0 0 0 0 0 0 0 0 0 0 0 0 0 0 0 0 0 0 0 0 0 0 0 0 0
29 22 17 14 17 25 5 6 21 12 2 0 13 11 16 19 6 6 8 29 13 2 5 2 28 26 11 24 29 8 14 12 29 1 28 4 26 4 26 6 1 23 8 1 0 19 18 5 5 13 12 1 2 4 4 8 21 19 1 7 0 4 12 17 16 15 8 11 12 21 10 9 11 26 29 27 11 0 18 14 29 17 6 16 14 12 2 10 22 20 29 9 9 23 12 10 26 9 28 6
0 0 0 0 0 0 0 0 0 0 0 0 0 0 0 0 0 0 0 0 0 0 0 0 0 0 0 0 0 0 0 0 0 0 0 0 0 0 0 0 0 0 0 0 0 0 0 0 0 0 0 0 0 0 0 0 0 0 0 0 0 0 0 0 0 0 0 0 0 0 0 0 0 0 0 0 0 0 0 0 0 0 0 0 0 0 0 0 0 0 0 0 0 0 0 0 0 0 0 0
16 2 5 18 24 10 16 5 6 18 17 28 21 6 27 1 5 3 9 20 17 25 24 27 12 5 29 16 9 1 8 14 21 28 1 18 4 2 14 9 21 27 1 20 23 8 14 21 24 11 20 15 0 27 25 14 10 4 25 4 24 16 6 7 21 19 9 20 9 12 23 2 16 21 10 3 7 2 23 19 10 26 3 15 24 20 8 29 16 2 16 29 18 28 25 16 29 25 9 1
0 0 0 0 0 0 0 0 0 0 0 0 0 0 0 0 0 0 0 0 0 0 0 0 0 0 0 0 0 0 0 0 0 0 0 0 0 0 0 0 0 0 0 0 0 0 0 0 0 0 0 0 0 0 0 0 0 0 0 0 0 0 0 0 0 0 0 0 0 0 0 0 0 0 0 0 0 0 0 0 0 0 0 0 0 0 0 0 0 0 0 0 0 0 0 0 0 0 0 0
11 27 7 29 4 19 9 4 22 26 2 8 25 18 0 25 20 9 15 26 15 6 3 9 18 6 23 21 14 8 28 4 23 29 28 23 18 17 26 28 1 4 1 22 24 5 19 0 24 28 23 2 3 0 6 5 0 22 3 12 18 6 4 28 14 18 14 7 25 17 21 28 20 0 0 11 14 5 13 5 13 19 10 4 17 26 12 20 28 25 17 26 2 24 19 27 3 18 22 20
0 0 0 0 0 0 0 0 0 0 0 0 0 0 0 0 0 0 0 0 0 0 0 0 0 0 0 0 0 0 0 0 0 0 0 0 0 0 0 0 0 0 0 0 0 0 0 0 0 0 0 0 0 0 0 0 0 0 0 0 0 0 0 0 0 0 0 0 0 0 0 0 0 0 0 0 0 0 0 0 0 0 0 0 0 0 0 0 0 0 0 0 0 0 0 0 0 0 0 0
25 19 9 17 28 2 21 28 29 10 1 17 20 28 22 5 5 20 23 9 1 16 25 24 5 20 12 22 10 17 21 11 15 29 20 9 8 20 12 1 9 7 7 13 27 9 24 8 20 6 27 13 4 7 28 0 25 3 9 28 23 7 25 20 15 29 4 1 12 0 17 27 25 4 21 0 1 21 6 10 15 28 19 19 18 3 12 11 24 13 18 22 17 10 28 16 29 7 8 15
0 0 0 0 0 0 0 0 0 0 0 0 0 0 0 0 0 0 0 0 0 0 0 0 0 0 0 0 0 0 0 0 0 0 0 0 0 0 0 0 0 0 0 0 0 0 0 0 0 0 0 0 0 0 0 0 0 0 0 0 0 0 0 0 0 0 0 0 0 0 0 0 0 0 0 0 0 0 0 0 0 0 0 0 0 0 0 0 0 0 0 0 0 0 0 0 0 0 0 0
23 17 10 5 15 9 9 8 11 19 24 14 10 18 7 22 20 8 16 7 7 25 15 11 7 7 23 4 25 9 21 20 15 5 7 24 9 12 16 14 21 23 25 17 4 25 3 25 12 23 16 9 25 21 17 10 3 16 22 21 18 28 27 16 25 5 21 15 13 9 4 2 25 24 1 22 21 5 8 2 8 2 22 5 13 28 25 28 14 23 5 12 26 22 24 17 8 3 11 8
0 0 0 0 0 0 0 0 0 0 0 0 0 0 0 0 0 0 0 0 0 0 0 0 0 0 0 0 0 0 0 0 0 0 0 0 0 0 0 0 0 0 0 0 0 0 0 0 0 0 0 0 0 0 0 0 0 0 0 0 0 0 0 0 0 0 0 0 0 0 0 0 0 0 0 0 0 0 0 0 0 0 0 0 0 0 0 0 0 0 0 0 0 0 0 0 0 0 0 0
26 10 27 6 10 6 14 29 8 27 15 22 17 2 19 0 20 22 23 5 17 20 9 22 19 4 28 21 22 6 1 14 6 23 26 15 19 25 19 1 10 16 14 7 6 8 21 21 10 4 5 16 26 27 2 12 8 21 17 1 0 2 11 27 12 25 28 18 15 17 21 7 23 28 21 21 3 19 22 21 9 10 25 17 4 26 0 6 12 5 29 7 5 20 22 16 23 4 15 15
0 0 0 0 0 0 0 0 0 0 0 0 0 0 0 0 0 0 0 0 0 0 0 0 0 0 0 0 0 0 0 0 0 0 0 0 0 0 0 0 0 0 0 0 0 0 0 0 0 0 0 0 0 0 0 0 0 0 0 0 0 0 0 0 0 0 0 0 0 0 0 0 0 0 0 0 0 0 0 0 0 0 0 0 0 0 0 0 0 0 0 0 0 0 0 0 0 0 0 0
3 12 10 18 18 1 28 15 6 6 7 19 10 29 12 25 22 11 10 15 25 16 12 25 13 28 28 19 14 9 23 14 11 19 28 21 26 10 17 24 4 21 20 15 6 17 29 20 18 13 29 11 14 21 13 5 19 13 11 19 13 5 13 26 13 2 15 11 23 2 19 0 9 25 17 20 11 5 24 9 5 21 16 10 15 22 1 20 20 17 20 19 18 12 25 29 14 20 16 11
0 0 0 0 0 0 0 0 0 0 0 0 0 0 0 0 0 0 0 0 0 0 0 0 0 0 0 0 0 0 0 0 0 0 0 0 0 0 0 0 0 0 0 0 0 0 0 0 0 0 0 0 0 0 0 0 0 0 0 0 0 0 0 0 0 0 0 0 0 0 0 0 0 0 0 0 0 0 0 0 0 0 0 0 0 0 0 0 0 0 0 0 0 0 0 0 0 0 0 0
26 15 3 22 21 26 13 27 4 16 9 11 0 21 26 3 3 20 27 21 16 25 25 17 5 8 21 18 1 22 19 11 16 22 19 4 22 28 21 17 18 9 2 20 13 20 0 29 3 9 19 7 12 5 2 22 4 25 29 18 14 0 10 18 7 11 15 21 27 20 21 6 15 23 24 15 24 22 19 22 19 24 15 27 12 7 12 4 7 7 20 16 26 6 2 15 25 20 13 25
0 0 0 0 0 0 0 0 0 0 0 0 0 0 0 0 0 0 0 0 0 0 0 0 0 0 0 0 0 0 0 0 0 0 0 0 0 0 0 0 0 0 0 0 0 0 0 0 0 0 0 0 0 0 0 0 0 0 0 0 0 0 0 0 0 0 0 0 0 0 0 0 0 0 0 0 0 0 0 0 0 0 0 0 0 0 0 0 0 0 0 0 0 0 0 0 0 0 0 0
7 13 27 8 14 2 7 14 28 17 24 18 24 23 18 29 7 27 13 26 13 29 25 23 14 6 15 17 9 19 8 13 7 14 29 7 3 27 11 28 24 27 2 22 19 2 25 7 28 13 22 20 19 15 18 26 16 26 24 1 12 28 17 8 3 20 21 9 17 22 21 1 29 2 9 10 5 21 29 24 11 26 23 27 8 23 1 22 3 0 17 12 9 13 16 29 1 23 10 1
0 0 0 0 0 0 0 0 0 0 0 0 0 0 0 0 0 0 0 0 0 0 0 0 0 0 0 0 0 0 0 0 0 0 0 0 0 0 0 0 0 0 0 0 0 0 0 0 0 0 0 0 0 0 0 0 0 0 0 0 0 0 0 0 0 0 0 0 0 0 0 0 0 0 0 0 0 0 0 0 0 0 0 0 0 0 0 0 0 0 0 0 0 0 0 0 0 0 0 0
19 13 5 2 10 7 5 23 12 5 9 16 10 17 12 24 20 3 12 7 2 24 22 19 6 6 9 9 0 9 23 27 11 10 16 28 11 24 2 1 10 2 8 6 20 8 20 8 29 17 16 6 19 23 6 1 24 16 12 0 19 27 10 12 18 29 10 1 0 2 29 10 28 9 17 29 19 6 1 24 8 27 9 23 23 21 17 3 6 17 14 29 8 13 29 8 1 2 27 13
0 0 0 0 0 0 0 0 0 0 0 0 0 0 0 0 0 0 0 0 0 0 0 0 0 0 0 0 0 0 0 0 0 0 0 0 0 0 0 0 0 0 0 0 0 0 0 0 0 0 0 0 0 0 0 0 0 0 0 0 0 0 0 0 0 0 0 0 0 0 0 0 0 0 0 0 0 0 0 0 0 0 0 0 0 0 0 0 0 0 0 0 0 0 0 0 0 0 0 0
28 28 5 26 5 12 25 4 19 29 3 2 26 25 19 4 16 22 14 19 8 22 21 14 10 21 9 27 20 1 10 11 22 22 14 1 11 20 27 26 22 29 5 17 24 7 21 26 27 2 5 10 11 20 9 17 26 29 6 20 22 22 3 13 16 16 6 20 9 7 7 1 17 20 12 29 25 13 8 14 3 15 10 3 23 3 29 27 20 13 2 16 12 15 1 24 21 10 15 12
0 0 0 0 0 0 0 0 0 0 0 0 0 0 0 0 0 0 0 0 0 0 0 0 0 0 0 0 0 0 0 0 0 0 0 0 0 0 0 0 0 0 0 0 0 0 0 0 0 0 0 0 0 0 0 0 0 0 0 0 0 0 0 0 0 0 0 0 0 0 0 0 0 0 0 0 0 0 0 0 0 0 0 0 0 0 0 0 0 0 0 0 0 0 0 0 0 0 0 0
14 1 23 14 10 4 7 17 5 8 26 8 24 25 8 19 11 17 24 25 17 29 24 27 2 25 8 19 22 2 8 24 24 19 23 17 28 29 17 25 2 4 9 6 15 16 9 17 2 29 4 16 16 13 13 27 13 12 28 11 21 27 23 2 2 16 14 23 0 12 29 8 21 22 20 7 14 25 23 4 6 20 9 11 17 12 22 9 1 12 14 27 18 19 20 29 11 0 16 6
0 0 0 0 0 0 0 0 0 0 0 0 0 0 0 0 0 0 0 0 0 0 0 0 0 0 0 0 0 0 0 0 0 0 0 0 0 0 0 0 0 0 0 0 0 0 0 0 0 0 0 0 0 0 0 0 0 0 0 0 0 0 0 0 0 0 0 0 0 0 0 0 0 0 0 0 0 0 0 0 0 0 0 0 0 0 0 0 0 0 0 0 0 0 0 0 0 0 0 0
19 3 14 11 23 29 27 1 0 22 9 7 13 24 28 2 27 16 7 23 17 3 4 14 6 2 2 0 27 6 21 23 3 29 25 28 10 3 12 1 16 4 18 12 16 10 17 27 20 9 0 8 0 11 3 7 6 11 0 14 0 0 22 5 24 27 15 11 27 6 13 6 16 24 4 22 26 0 10 7 27 23 23 29 6 18 17 21 25 24 4 18 11 28 22 1 14 17 18 19
0 0 0 0 0 0 0 0 0 0 0 0 0 0 0 0 0 0 0 0 0 0 0 0 0 0 0 0 0 0 0 0 0 0 0 0 0 0 0 0 0 0 0 0 0 0 0 0 0 0 0 0 0 0 0 0 0 0 0 0 0 0 0 0 0 0 0 0 0 0 0 0 0 0 0 0 0 0 0 0 0 0 0 0 0 0 0 0 0 0 0 0 0 0 0 0 0 0 0 0
13 5 13 7 29 12 5 24 20 6 3 10 11 10 26 27 20 24 8 24 14 20 2 8 21 16 1 10 25 9 10 18 18 28 1 11 28 10 23 15 7 16 17 15 8 28 25 15 4 2 19 15 15 18 1 27 21 22 1 16 13 13 21 21 4 16 23 9 3 23 0 4 7 2 21 25 27 25 4 16 19 6 2 9 24 22 23 11 16 6 27 8 22 13 20 11 4 25 17 16
0 0 0 0 0 0 0 0 0 0 0 0 0 0 0 0 0 0 0 0 0 0 0 0 0 0 0 0 0 0 0 0 0 0 0 0 0 0 0 0 0 0 0 0 0 0 0 0 0 0 0 0 0 0 0 0 0 0 0 0 0 0 0 0 0 0 0 0 0 0 0 0 0 0 0 0 0 0 0 0 0 0 0 0 0 0 0 0 0 0 0 0 0 0 0 0 0 0 0 0
3 18 21 4 20 16 10 28 4 19 1 29 2 14 25 27 8 3 8 21 8 0 5 9 18 8 18 15 9 16 17 10 7 29 3 2 29 26 11 16 0 22 28 26 19 2 26 18 6 17 26 23 25 6 23 2 15 8 25 10 20 17 22 12 17 21 4 3 25 15 17 18 16 27 28 4 15 28 22 25 27 9 4 24 16 8 17 24 2 16 23 9 4 2 10 0 20 22 24 19
0 0 0 0 0 0 0 0 0 0 0 0 0 0 0 0 0 0 0 0 0 0 0 0 0 0 0 0 0 0 0 0 0 0 0 0 0 0 0 0 0 0 0 0 0 0 0 0 0 0 0 0 0 0 0 0 0 0 0 0 0 0 0 0 0 0 0 0 0 0 0 0 0 0 0 0 0 0 0 0 0 0 0 0 0 0 0 0 0 0 0 0 0 0 0 0 0 0 0 0
3 13 29 28 15 26 12 12 1 4 0 13 11 21 7 15 22 27 2 14 6 10 18 19 13 3 19 14 0 18 27 1 19 7 8 27 17 17 25 25 3 14 10 11 12 27 25 26 27 13 15 25 28 13 7 15 27 21 28 21 20 3 28 29 9 12 27 10 0 4 21 10 24 28 2 7 22 5 28 23 4 0 6 26 18 13 8 21 1 16 4 26 15 27 11 19 29 24 20 19
0 0 0 0 0 0 0 0 0 0 0 0 0 0 0 0 0 0 0 0 0 0 0 0 0 0 0 0 0 0 0 0 0 0 0 0 0 0 0 0 0 0 0 0 0 0 0 0 0 0 0 0 0 0 0 0 0 0 0 0 0 0 0 0 0 0 0 0 0 0 0 0 0 0 0 0 0 0 0 0 0 0 0 0 0 0 0 0 0 0 0 0 0 0 0 0 0 0 0 0
0 19 24 2 13 15 22 6 1 1 0 17 18 16 21 26 8 23 5 4 26 23 27 27 9 22 8 4 9 3 9 0 27 18 27 28 8 29 29 12 23 13 2 12 3 17 20 25 29 19 17 19 8 17 27 4 21 18 17 7 21 10 27 15 5 15 19 6 4 21 12 11 25 15 16 3 8 14 6 0 20 26 10 25 24 4 25 26 25 27 10 2 10 6 18 8 11 15 29 21
0 0 0 0 0 0 0 0 0 0 0 0 0 0 0 0 0 0 0 0 0 0 0 0 0 0 0 0 0 0 0 0 0 0 0 0 0 0 0 0 0 0 0 0 0 0 0 0 0 0 0 0 0 0 0 0 0 0 0 0 0 0 0 0 0 0 0 0 0 0 0 0 0 0 0 0 0 0 0 0 0 0 0 0 0 0 0 0 0 0 0 0 0 0 0 0 0 0 0 0
13 0 15 4 20 10 6 17 2 24 24 28 12 18 3 3 23 24 17 21 4 10 16 10 23 29 24 8 26 20 28 13 0 16 6 24 17 28 1 5 3 13 20 4 23 10 12 18 27 13 17 4 27 25 6 21 3 8 20 27 29 18 19 17 20 15 3 13 12 17 20 10 10 10 12 21 9 0 19 21 1 7 23 24 23 24 29 22 2 5 21 2 28 7 9 5 13 0 20 10
0 0 0 0 0 0 0 0 0 0 0 0 0 0 0 0 0 0 0 0 0 0 0 0 0 0 0 0 0 0 0 0 0 0 0 0 0 0 0 0 0 0 0 0 0 0 0 0 0 0 0 0 0 0 0 0 0 0 0 0 0 0 0 0 0 0 0 0 0 0 0 0 0 0 0 0 0 0 0 0 0 0 0 0 0 0 0 0 0 0 0 0 0 0 0 0 0 0 0 0
0 25 21 5 15 5 22 26 4 8 19 26 16 6 6 0 6 1 21 9 17 6 21 13 25 17 21 2 19 8 16 3 11 28 24 19 25 10 10 0 10 0 5 20 28 28 19 11 10 10 18 13 6 11 6 8 27 6 6 11 7 27 24 25 25 18 27 3 29 27 23 5 3 22 21 26 26 26 14 28 18 13 17 3 4 10 2 20 3 0 20 22 1 24 14 20 4 27 29 17
0 0 0 0 0 0 0 0 0 0 0 0 0 0 0 0 0 0 0 0 0 0 0 0 0 0 0 0 0 0 0 0 0 0 0 0 0 0 0 0 0 0 0 0 0 0 0 0 0 0 0 0 0 0 0 0 0 0 0 0 0 0 0 0 0 0 0 0 0 0 0 0 0 0 0 0 0 0 0 0 0 0 0 0 0 0 0 0 0 0 0 0 0 0 0 0 0 0 0 0
3 12 16 12 6 7 2 9 23 20 9 4 17 14 6 16 20 21 13 20 12 13 9 28 3 25 20 13 29 29 23 26 18 1 25 1 0 18 5 0 21 6 2 17 26 10 29 15 18 2 14 6 20 9 1 5 7 18 21 23 16 17 6 1 2 15 6 22 0 3 1 24 10 0 20 2 7 9 21 16 23 5 4 6 12 7 25 16 16 19 3 23 15 19 29 13 12 18 26 22
